0.11825
0.2881
0.4486
0.4579
0.463325
0.474625
0.48255
0.4855
0.489475
0.5243
0.540075
0.55895
0.5598
0.564725
0.5652
0.567325
0.57735
0.58835
0.593525
0.603475
0.61415
0.623925
0.642175
0.6596
0.674825
0.6815
0.682275
0.682475
0.7025
0.71745
0.726325
0.72705
0.747275
0.7488
0.754925
0.760775
0.770325
0.79085
0.800875
0.81725
0.8208
0.841375
0.84395
0.84825
0.885125
0.886
0.900825
0.903775
0.9239
0.92595
0.942925
0.9525
0.999225
1.01735
1.062675
1.078875
1.1403
1.142125
1.15035
1.166225
1.190575
1.19845
1.2403
1.28135
1.316075
1.319175
1.470425
1.5101
1.73255
1.859
1.95875
2.046375
2.066625
2.072925
2.1266
2.16335
2.167025
2.18
2.2629
2.269975
2.3123
2.40185
2.45475
2.46105
2.486525
2.5277
2.53435
2.675075
2.716275
2.73515
2.75095
2.752075
2.9073
2.92275
2.948275
3.0243
3.309675
3.32335
3.455425
3.5437
3.5485
3.557975
3.56615
3.72105
3.85645
3.907475
3.9393
4.0841
4.227125
4.3034
4.399975
4.5851
4.6647
4.667275
4.9275
5.05125
5.089575
5.136725
5.174325
5.3618
5.372875
5.586875
5.5988
5.900425
5.955025
5.96925
6.19045
6.2077
6.257925
6.263325
6.321125
6.3585
6.421425
6.44625
6.50185
6.53475
6.62335
6.75695
7.0062
7.07755
7.11185
7.24245
7.3569
7.468125
7.5186
7.685225
7.834425
7.902275
7.973925
7.974675
8.150375
8.3356
8.34015
8.5664
8.83705
8.888825
9.49855
9.61895
9.62745
9.637125
9.7648
161
