0.009475
0.07835
0.2151
0.353175
0.3584
0.41325
0.41505
0.450875
0.55165
0.552625
0.562125
0.591325
0.592325
0.595
0.597275
0.633425
0.6458
0.6468
0.650725
0.65095
0.651325
0.65605
0.6635
0.665
0.6753
0.69505
0.708525
0.736875
0.7472
0.752075
0.7626
0.763225
0.771025
0.78155
0.787675
0.800825
0.803425
0.817325
0.826225
0.859475
0.87535
0.8853
0.8882
0.89155
0.902475
0.921725
0.928125
0.929675
0.933875
0.978525
0.99315
1.007875
1.036275
1.044
1.054775
1.061075
1.063675
1.072475
1.106625
1.12275
1.18255
1.285775
1.35255
1.460775
1.5747
1.71915
1.774725
1.792775
1.867575
1.909475
1.924925
1.955025
2.0449
2.11605
2.132775
2.13285
2.253775
2.297725
2.3228
2.426925
2.542075
2.5996
2.6627
2.7803
2.780675
2.78165
2.78295
2.9585
2.983475
3.062775
3.210525
3.32925
3.4171
3.44275
3.470375
3.63145
3.691575
3.9468
4.0311
4.076
4.159475
4.1879
4.447325
4.687075
4.688225
4.906525
5.0766
5.213125
5.2685
5.47565
5.623675
5.68275
5.769675
5.81025
5.917425
6.022975
6.20715
6.21335
6.2219
6.3118
6.32085
6.3647
6.511275
6.51865
6.57105
6.683375
6.851825
6.9896
7.09605
7.182575
7.20645
7.2199
7.281975
7.30345
7.384275
7.4776
7.59365
7.7002
7.76425
7.7746
8.0118
8.02075
8.02165
8.029
8.08705
8.0948
8.210775
8.310575
8.434825
8.498275
8.4997
8.52375
8.7379
8.77255
8.79
8.7904
8.928525
9.1876
9.257125
9.267575
9.287825
9.549125
9.795725
9.846125
9.95445
9.9935
166
