0.1762
0.323125
0.3384
0.42555
0.4455
0.489775
0.493725
0.496575
0.5111
0.519775
0.525325
0.531875
0.534275
0.538225
0.53935
0.5455
0.550675
0.557175
0.56335
0.57255
0.5967
0.604975
0.61205
0.615575
0.617575
0.620375
0.6294
0.6491
0.678675
0.697625
0.702325
0.70955
0.727825
0.73425
0.7828
0.824225
0.842
0.854175
0.855875
0.87015
0.876125
0.95145
0.969425
0.972075
0.980125
0.991525
1.0022
1.00935
1.016275
1.069125
1.08145
1.112125
1.1189
1.166575
1.1872
1.2225
1.23525
1.25425
1.2635
1.309675
1.31915
1.335925
1.44235
1.450625
1.465325
1.513825
1.563125
1.56855
1.628375
1.714775
1.8843
2.191025
2.215125
2.2528
2.26895
2.269875
2.385575
2.45465
2.6137
2.6216
2.73045
2.760575
2.791325
2.85565
2.911675
2.9483
2.96185
2.997325
3.02675
3.03035
3.05375
3.141925
3.5439
3.610425
3.71975
3.80135
3.8185
3.853075
3.888525
3.8886
4.070775
4.104175
4.111575
4.1275
4.42345
4.484125
4.54685
4.5617
4.70635
4.822325
4.893025
5.130025
5.223475
5.2864
5.346
5.349275
5.457825
5.458725
5.57555
5.601625
5.629075
5.66245
5.823675
5.8285
5.874525
5.877825
5.92615
5.949425
6.094575
6.143525
6.328475
6.355175
6.369
6.457475
6.4842
6.721425
6.7599
6.85385
6.891025
6.928425
7.070425
7.212875
7.365375
7.905825
7.91685
8.129725
8.150825
8.281425
8.328425
8.418925
8.5698
8.78745
9.04205
9.260625
9.2913
9.34675
9.417775
9.46785
9.53285
9.579525
9.645975
9.88395
162
