0.004475
0.240725
0.26705
0.428075
0.4456
0.45785
0.4811
0.497975
0.50185
0.50635
0.506825
0.5177
0.51825
0.524775
0.531025
0.533825
0.535625
0.5375
0.548025
0.55365
0.557675
0.559825
0.584425
0.587375
0.5901
0.595025
0.604725
0.607375
0.60975
0.621025
0.65765
0.66895
0.681675
0.715575
0.72765
0.74005
0.757475
0.770475
0.77605
0.786475
0.7954
0.807225
0.828175
0.837725
0.843475
0.867675
0.89585
0.911425
0.93745
0.966475
0.969925
0.99035
1.0184
1.0298
1.078325
1.188875
1.263825
1.2832
1.299125
1.30755
1.388025
1.40055
1.4274
1.4612
1.4801
1.52315
1.612625
1.6543
1.706825
1.79035
1.8394
1.860125
1.8888
2.00845
2.1008
2.234775
2.26555
2.3115
2.385575
2.405975
2.63295
2.672675
2.851275
2.9713
3.0824
3.0838
3.13325
3.259625
3.3398
3.394375
3.44605
3.50315
3.5256
3.568975
3.626525
3.64865
3.71155
3.727675
3.72805
3.7514
3.822925
3.883025
3.910525
3.920775
4.06195
4.0782
4.08215
4.248725
4.297075
4.4219
4.4517
4.568275
4.7186
4.739225
4.790775
4.90695
5.08575
5.14975
5.239375
5.35355
5.358825
5.386625
5.4713
5.613225
5.620125
5.658275
5.69235
5.6941
5.909325
6.345775
6.3702
6.4431
6.63205
6.7142
6.7172
6.9112
6.93185
7.0084
7.16965
7.340525
7.362225
7.43895
7.453725
7.5682
7.735525
8.1414
8.221375
8.508925
8.602125
8.74065
8.7626
8.799975
8.867175
8.904875
8.969
9.1303
9.27385
9.326125
9.4636
9.7518
9.893125
161
