0.14
0.3796
0.4288
0.476475
0.476725
0.487325
0.49145
0.50695
0.515175
0.5207
0.52175
0.54675
0.55735
0.557525
0.570625
0.595175
0.6216
0.62905
0.65925
0.659425
0.6622
0.6964
0.69825
0.71295
0.718825
0.72
0.75155
0.7634
0.77315
0.790325
0.803275
0.844225
0.8587
0.9039
1.0066
1.01475
1.02205
1.02595
1.0447
1.0682
1.07555
1.08425
1.0944
1.117675
1.1319
1.156375
1.16655
1.189775
1.216125
1.288575
1.322675
1.3947
1.473625
1.51895
1.689525
1.73515
1.74775
1.79115
1.79255
1.89375
2.01245
2.164425
2.314575
2.3801
2.5014
2.662875
2.664925
2.753125
2.805725
2.9288
3.102725
3.1126
3.1259
3.1646
3.231725
3.26345
3.3734
3.4271
3.507675
3.5483
3.778775
3.878
4.157425
4.158675
4.573875
4.602275
4.63775
4.64
4.677375
4.691
4.854375
4.87225
5.04165
5.061675
5.1049
5.1152
5.138675
5.146
5.157225
5.187075
5.29375
5.390075
5.41625
5.4229
5.456025
5.474025
5.550825
5.608
5.614575
5.62695
5.68245
5.74585
5.796225
5.820125
5.956975
5.96125
6.199175
6.20025
6.26705
6.2896
6.38125
6.5455
6.69075
6.692
6.7402
6.77495
6.824125
6.883975
7.05365
7.181875
7.571425
7.60945
7.617175
7.710125
7.749275
7.96635
8.07205
8.257175
8.6072
8.658775
9.054475
9.165925
9.476525
9.55285
9.5645
9.6129
9.697775
147
