0.3135
0.414025
0.439275
0.441325
0.462275
0.489325
0.49105
0.508325
0.513075
0.51445
0.51485
0.529825
0.5302
0.5424
0.571275
0.575675
0.580325
0.60215
0.6084
0.609125
0.6146
0.622425
0.6411
0.6428
0.6469
0.654375
0.660275
0.6725
0.728875
0.733475
0.76595
0.7899
0.815875
0.841425
0.872925
0.876075
0.880325
0.91975
0.949325
0.963575
0.98055
1.03145
1.042325
1.043
1.056525
1.1116
1.1281
1.1765
1.180075
1.213525
1.24685
1.281075
1.318275
1.33765
1.454975
1.5379
1.64205
1.645675
1.673825
1.75915
1.82935
1.861825
1.8674
1.867875
1.901225
1.9348
1.95675
2.04765
2.076875
2.3847
2.39685
2.461225
2.57855
2.6906
2.706425
2.73535
2.827325
2.90305
2.9466
2.951925
2.970075
2.981375
2.9902
3.034575
3.12415
3.1493
3.23945
3.2641
3.267475
3.3086
3.381825
3.44405
3.475225
3.5007
3.5085
3.5524
3.685325
3.76615
3.9051
3.907775
4.3147
4.381775
4.4991
4.56575
4.601025
4.671625
4.83165
4.84005
4.91355
5.167775
5.197225
5.246725
5.3084
5.3458
5.362475
5.3976
5.557775
5.6391
5.67285
5.880925
5.947475
5.959175
6.10005
6.1499
6.23905
6.280025
6.334025
6.407
6.426975
6.612825
6.652025
6.88905
6.990375
7.360175
7.596625
7.64745
7.854775
7.91705
7.974075
8.0623
8.157925
8.31555
8.443825
8.84195
8.984725
8.994125
9.0017
9.016625
9.0904
9.19465
9.248
9.337775
9.3853
9.742075
9.794275
9.869175
9.982825
157
