0.051225
0.474725
0.499125
0.500525
0.5182
0.52745
0.541125
0.54615
0.547
0.55215
0.57965
0.580475
0.58075
0.580825
0.5878
0.59885
0.607025
0.6247
0.628875
0.640475
0.64295
0.64325
0.653575
0.68955
0.698325
0.70825
0.71885
0.72355
0.731975
0.765575
0.780375
0.8445
0.864325
0.88335
0.88585
0.89335
0.9048
0.913375
0.936175
0.94765
0.973025
0.983925
0.995
0.998275
1.01665
1.01715
1.03285
1.045175
1.068275
1.06985
1.080675
1.094725
1.11085
1.14795
1.158175
1.180525
1.181525
1.18305
1.2436
1.273375
1.276475
1.30265
1.332725
1.38165
1.417625
1.472825
1.47815
1.480875
1.5261
1.567075
1.627625
1.6403
1.66215
1.666625
1.6887
1.776875
1.7839
1.869775
1.881975
1.913125
1.922175
1.92965
1.97695
2.1183
2.19
2.281225
2.287375
2.2925
2.323925
2.35195
2.352275
2.44815
2.544575
2.56925
2.57025
2.586775
2.643075
2.7003
2.85765
2.928225
2.943375
2.961075
3.148575
3.17455
3.2898
3.37775
3.395775
3.53625
3.54335
3.610925
3.9346
4.07905
4.1245
4.376025
4.5345
4.833825
4.870875
4.912625
4.972625
5.040325
5.2326
5.293175
5.29885
5.333475
5.401375
5.494025
5.5415
5.594375
5.733825
5.802375
5.978875
6.312775
6.397425
6.509625
6.545625
6.603175
6.88125
6.957925
6.976275
7.06
7.330575
7.5066
7.5426
7.56055
7.57905
7.63515
7.7064
7.75935
8.12525
8.208575
8.3042
8.323875
8.335975
8.4684
8.48465
8.511825
8.554125
8.80685
9.085425
9.1008
9.202125
9.731775
9.7823
9.933025
164
