0.167425
0.26965
0.319975
0.3224
0.402975
0.433025
0.4478
0.4515
0.489825
0.49395
0.495075
0.512025
0.5213
0.536525
0.537575
0.593725
0.61695
0.62195
0.625975
0.631225
0.66205
0.66655
0.6667
0.6939
0.72095
0.727875
0.731425
0.75055
0.768975
0.772425
0.7996
0.8054
0.8429
0.874825
0.88725
0.899725
0.921575
0.92365
1.02665
1.045725
1.067225
1.07055
1.09075
1.10025
1.11885
1.174975
1.1835
1.18475
1.1894
1.192175
1.203875
1.2388
1.2568
1.26255
1.276425
1.3698
1.38715
1.437775
1.558475
1.5808
1.59445
1.60085
1.613425
1.642825
1.7879
1.852
1.902525
2.03675
2.146575
2.152875
2.1845
2.271075
2.278175
2.383725
2.4447
2.4982
2.501025
2.5662
2.625925
2.649725
2.684025
2.779125
2.803375
2.84495
2.9973
3.02595
3.188575
3.789475
3.822925
3.863975
3.926625
3.94225
3.9742
3.99655
4.179525
4.41075
4.47745
4.552925
4.558825
4.6726
4.75465
4.822075
4.902675
4.963425
5.098825
5.324625
5.5914
5.633075
5.8476
5.855
5.9092
5.912375
5.914925
6.053
6.1572
6.3441
6.447825
6.692125
6.732025
6.807025
6.824975
6.889325
6.924325
6.985025
7.055175
7.079575
7.212
7.23115
7.41075
7.58565
7.7555
7.7809
7.79545
7.90295
8.076975
8.343625
8.417075
8.44355
8.52835
8.94705
9.168375
9.187825
9.25985
9.381825
9.4169
9.48025
9.608175
9.673325
148
