0.049325
0.14185
0.353875
0.36695
0.410225
0.490525
0.500325
0.50255
0.50655
0.525575
0.525925
0.526375
0.5276
0.5328
0.5331
0.5371
0.5426
0.547
0.584525
0.596775
0.6049
0.6059
0.60685
0.6143
0.62985
0.636425
0.6551
0.6614
0.669925
0.70295
0.742225
0.7467
0.763175
0.790975
0.828225
0.865175
0.875775
0.883825
0.908175
0.92065
0.9207
0.9223
0.962375
0.963275
0.983625
0.99165
1.00895
1.0162
1.03165
1.039525
1.043875
1.046725
1.059375
1.1276
1.198775
1.245
1.2469
1.31015
1.325575
1.338225
1.370175
1.387475
1.3947
1.44005
1.5162
1.55815
1.58925
1.9165
1.9607
1.973075
1.990925
2.055825
2.0611
2.07885
2.104925
2.139425
2.2688
2.320525
2.390875
2.4078
2.41285
2.505575
2.684525
2.7004
2.718325
2.72215
2.841275
2.906625
2.9069
2.93485
2.9426
3.012375
3.051525
3.280425
3.284075
3.307725
3.346575
3.48345
3.557
3.62865
3.6981
3.900675
3.9089
4.045525
4.0939
4.0958
4.17405
4.218675
4.3053
4.45075
4.5057
4.514025
4.5951
4.638675
4.781775
4.865725
5.4705
5.536175
5.547125
5.760525
5.81855
5.904275
5.959675
5.968275
5.99285
6.01385
6.023975
6.04245
6.11635
6.210875
6.32255
6.324525
6.33455
6.342825
6.377425
6.3788
6.5098
6.683925
6.8427
6.97985
7.074
7.084625
7.1484
7.197825
7.3913
7.61975
7.640975
7.653125
7.8902
7.91645
8.055
8.111
8.382
8.52205
8.584175
8.828575
9.10945
9.144875
9.1631
9.25635
9.3022
9.35975
9.380325
9.538225
9.573225
9.75865
9.887725
167
