0.0042
0.0121
0.26045
0.48115
0.503775
0.507625
0.52385
0.527075
0.557075
0.55775
0.562475
0.584675
0.58685
0.588475
0.5943
0.59475
0.601075
0.6437
0.6716
0.7301
0.7328
0.73695
0.7836
0.82925
0.8444
0.861275
0.907075
0.919475
0.9367
0.942325
0.9602
0.968
0.98115
0.992525
1.0066
1.041725
1.0438
1.081475
1.08485
1.09355
1.09815
1.191325
1.194025
1.204725
1.227325
1.254225
1.261325
1.281325
1.3383
1.378175
1.436925
1.4493
1.5166
1.5412
1.559525
1.584125
1.651025
1.6615
1.674275
1.70865
1.7111
1.7248
1.73295
1.869825
1.96965
2.06175
2.139275
2.177975
2.2781
2.669025
2.788175
2.809575
2.892975
2.89505
2.92255
3.211575
3.399825
3.4677
3.622875
3.6788
3.8036
3.844475
3.846425
3.915925
4.0402
4.19735
4.214625
4.579125
5.0151
5.056775
5.0853
5.167425
5.271625
5.5141
5.6395
5.772925
5.999875
6.0148
6.04375
6.064875
6.154175
6.21175
6.317525
6.4452
6.5992
6.726425
7.27
7.347575
7.4628
7.555375
8.04385
8.19085
8.248525
8.327125
8.340175
8.460525
8.523775
8.53725
8.627875
8.696025
8.723175
8.808125
8.8205
8.839625
9.012075
9.106425
9.219975
9.433375
9.60825
9.64905
9.718375
9.9164
9.988325
133
