0.24515
0.423025
0.4587
0.47315
0.480325
0.493575
0.504275
0.509175
0.515625
0.520975
0.533025
0.54785
0.549
0.55195
0.560675
0.567775
0.588575
0.59065
0.591625
0.59555
0.6042
0.604775
0.62565
0.653
0.65525
0.6631
0.67125
0.67395
0.674575
0.676
0.680725
0.7056
0.7187
0.7575
0.78295
0.79
0.7963
0.81105
0.81155
0.81275
0.815175
0.83725
0.842625
0.88305
0.89175
0.893425
0.90205
0.92305
0.9444
0.979075
1.011225
1.01275
1.012775
1.0321
1.122
1.151
1.15375
1.191975
1.272275
1.30925
1.326575
1.32665
1.446025
1.49425
1.4962
1.56965
1.570775
1.594275
1.6287
1.757125
1.95975
2.188275
2.220475
2.26965
2.294325
2.438725
2.50805
2.513425
2.691075
2.7889
2.79755
2.812375
2.857525
2.874825
2.99035
2.9999
3.02425
3.0722
3.100475
3.2162
3.305725
3.3507
3.351025
3.410825
3.42005
3.51665
3.52835
3.597925
3.651925
3.70895
3.722825
3.730125
3.774175
4.11025
4.20165
4.57815
4.60585
4.625425
4.63875
4.678675
4.6864
4.783775
4.818725
4.848275
4.867125
5.134975
5.16675
5.266075
5.316175
5.403625
5.470225
5.4832
5.625725
5.6551
6.052475
6.06615
6.1058
6.17065
6.233575
6.256425
6.301525
6.311275
6.398225
6.44675
6.45035
6.48725
6.531925
6.5766
6.6926
6.7901
7.140975
7.246025
7.65165
7.897575
7.9616
8.06145
8.1158
8.2649
8.59885
9.341975
9.571425
9.938775
9.953325
153
