0.33405
0.408925
0.425
0.464075
0.479125
0.48135
0.48355
0.4892
0.49065
0.493025
0.498175
0.50005
0.5017
0.502175
0.51975
0.522125
0.525325
0.5311
0.5423
0.5431
0.56165
0.5643
0.57415
0.5868
0.58895
0.623475
0.6404
0.656975
0.6648
0.66835
0.67055
0.67465
0.693075
0.69555
0.71805
0.73915
0.749275
0.76825
0.771225
0.7765
0.783725
0.785025
0.797475
0.816525
0.837925
0.847425
0.85495
0.8591
0.88865
0.90115
0.9141
0.954725
1.05
1.05805
1.104875
1.2598
1.335525
1.341
1.34785
1.358775
1.495475
1.5417
1.63785
1.730275
1.74125
1.824725
1.84565
1.87085
1.91495
1.939575
1.978625
1.9893
2.01775
2.03835
2.053475
2.1993
2.261575
2.289525
2.30035
2.403875
2.52865
2.549275
2.60975
2.706
2.753525
2.756975
2.86615
2.881075
2.952475
2.96875
3.093575
3.13905
3.1546
3.24115
3.376525
3.41535
3.5299
3.541275
3.644475
3.767575
3.778925
3.79125
3.907075
3.92605
3.927025
3.931175
3.998475
4.1122
4.1303
4.34145
4.602525
4.60345
4.624425
4.69115
4.791075
4.9057
4.953025
5.008975
5.055725
5.084625
5.085075
5.12805
5.23395
5.262475
5.37575
5.8239
5.83525
5.877075
5.93915
5.981325
6.049975
6.115575
6.369425
6.543975
6.788175
6.9524
7.0528
7.15765
7.40265
7.4473
7.65335
7.7301
7.776825
7.8215
7.82795
7.856375
8.1232
8.326275
8.328125
8.40055
8.507825
8.689325
8.72755
9.548775
9.615825
9.63695
9.702275
9.9021
158
