0.061125
0.2547
0.403125
0.444375
0.459125
0.468275
0.4765
0.47675
0.512025
0.530125
0.53765
0.5488
0.55185
0.552025
0.566725
0.5755
0.57945
0.5801
0.586775
0.60145
0.608725
0.62365
0.624
0.636725
0.638375
0.652125
0.6543
0.669225
0.67245
0.673725
0.684025
0.695275
0.699625
0.717025
0.72645
0.747325
0.7592
0.763975
0.793125
0.80285
0.8086
0.812125
0.813175
0.813875
0.8294
0.859775
0.9133
0.9284
0.9416
0.970875
0.9809
0.987975
0.993125
1.002375
1.005475
1.014725
1.02805
1.0607
1.083925
1.110775
1.123975
1.1341
1.1428
1.145575
1.207875
1.225975
1.233025
1.240875
1.25405
1.256025
1.2824
1.287325
1.326125
1.3487
1.351
1.460325
1.497725
1.539075
1.637075
1.682675
1.748325
1.765675
1.797625
1.8037
1.837925
1.84015
1.906275
1.921225
1.969175
2.090975
2.143175
2.143625
2.300475
2.3367
2.362925
2.51805
2.51855
2.602025
2.640575
2.768125
2.77445
2.903625
3.001425
3.013
3.029975
3.11415
3.1673
3.2651
3.3277
3.48285
3.578
3.579775
3.6589
3.7023
3.706675
3.7642
3.846375
3.969925
3.9792
4.01435
4.169175
4.2541
4.6614
4.858375
5.018175
5.115775
5.13605
5.23755
5.28345
5.420875
5.44245
5.472725
5.499825
5.50975
5.718925
5.855875
6.233525
6.2848
6.298325
6.63125
6.8345
6.8894
7.002675
7.099575
7.14185
7.4128
7.440125
7.473225
7.578525
7.592525
7.753575
7.85895
8.018625
8.18895
8.266075
8.34235
8.4362
8.49145
8.752375
8.926525
8.92925
9.3103
9.35985
9.5944
9.6137
9.63805
9.88195
167
