0.19345
0.3592
0.42545
0.45755
0.459425
0.473625
0.5033
0.511875
0.518025
0.52365
0.5259
0.5274
0.55425
0.58865
0.591725
0.6015
0.61475
0.615525
0.623225
0.6257
0.629775
0.635
0.6486
0.6692
0.67335
0.688025
0.695825
0.697175
0.7236
0.743575
0.750975
0.776075
0.8412
0.847725
0.88665
0.90625
0.92785
0.976175
0.979425
1.009225
1.0248
1.036775
1.103075
1.154875
1.167675
1.225175
1.2674
1.283625
1.311875
1.31465
1.364575
1.396575
1.4152
1.42115
1.4744
1.564875
1.57715
1.61995
1.699675
1.729975
1.82505
1.87745
1.914375
1.928375
1.938075
2.077475
2.0928
2.119125
2.13925
2.1585
2.230775
2.239375
2.31355
2.33365
2.4682
2.541325
2.58815
2.601525
2.623475
2.628475
2.64725
2.693375
2.736325
2.76795
2.860175
2.972925
2.997025
3.074425
3.264675
3.4949
3.597075
3.646975
3.685975
3.71625
3.721
3.744275
3.76675
3.89245
3.900275
4.04945
4.14895
4.156525
4.20265
4.256825
4.62595
4.666175
4.747175
4.84055
4.967225
5.01625
5.070325
5.256325
5.271675
5.377325
5.4265
5.468825
5.7377
5.915125
5.9444
6.264
6.2965
6.309825
6.396725
6.440675
6.5423
6.65875
6.6914
6.726025
6.73265
6.9603
7.082575
7.09905
7.2931
7.308275
7.43075
7.668
7.771825
7.979775
8.03125
8.12875
8.331825
8.368475
8.40145
8.630625
8.6565
8.7081
8.709475
8.895275
8.912575
9.01735
9.103725
9.16
9.54605
9.56265
9.56605
9.5856
9.681975
9.7142
9.801475
9.832775
9.889425
9.92885
162
