0.07495
0.2536
0.25495
0.25975
0.30685
0.464875
0.46925
0.4757
0.4977
0.51125
0.518975
0.53245
0.533925
0.540025
0.543875
0.56875
0.579825
0.58495
0.606975
0.608925
0.629975
0.6338
0.64675
0.65305
0.659275
0.660325
0.676
0.688625
0.6929
0.69965
0.70675
0.707325
0.7085
0.72075
0.727525
0.739225
0.742825
0.78055
0.798575
0.81615
0.836875
0.846975
0.8545
0.875925
0.8832
0.8993
0.9823
1.00015
1.044225
1.079325
1.0976
1.106875
1.150425
1.169475
1.230175
1.298075
1.3236
1.378075
1.382275
1.409925
1.512
1.53435
1.556675
1.581725
1.60455
1.6079
1.6455
1.664025
1.721825
1.738425
1.8149
1.83675
1.84645
2.0107
2.0719
2.255975
2.311725
2.4266
2.54805
2.550475
2.551625
2.566
2.628875
2.667975
2.669275
2.756525
2.788125
2.983625
3.0158
3.0187
3.117325
3.186575
3.193025
3.2469
3.26965
3.321275
3.4629
3.488875
3.502475
3.540525
3.666575
3.732325
3.830225
3.948425
4.1249
4.128875
4.21125
4.243925
4.386225
4.500975
4.5384
4.643125
4.656825
4.6743
4.6794
4.783375
4.8709
4.8751
4.8814
4.957525
4.988175
5.096775
5.160775
5.4996
5.508875
5.6122
5.616725
5.679425
5.682975
5.696
5.722625
5.7587
5.827525
5.8491
5.9027
5.992975
6.046175
6.099575
6.595225
6.742325
6.79975
6.81385
6.859625
6.90815
7.11555
7.2447
7.39175
7.4283
7.43195
7.4496
7.641025
7.791575
7.799225
7.89345
7.9422
8.161875
8.3222
8.35635
8.454575
8.826375
8.953425
8.990075
9.046
9.1849
9.320225
9.37725
9.444475
9.465825
9.481475
9.50645
9.639675
9.66185
9.680025
173
