0.07055
0.23525
0.292825
0.30835
0.462325
0.48605
0.486325
0.4934
0.503625
0.508275
0.514525
0.5188
0.529725
0.56025
0.5651
0.588875
0.606275
0.6217
0.645925
0.658275
0.66775
0.703525
0.715325
0.72105
0.72885
0.7462
0.7468
0.75975
0.800725
0.816075
0.817925
0.8347
0.88015
0.880275
0.89205
0.895625
0.972375
0.979175
1.026425
1.03265
1.069425
1.08325
1.12205
1.174275
1.17755
1.218675
1.24815
1.299375
1.3188
1.3288
1.378625
1.424925
1.47485
1.5043
1.53715
1.56015
1.577425
1.578975
1.60605
1.609
1.6272
1.652
1.65775
1.663325
1.671475
1.711925
1.898325
1.922925
1.93675
1.9674
2.0175
2.089575
2.200225
2.20025
2.21475
2.288525
2.294825
2.306925
2.361475
2.504675
2.63625
2.6754
2.683225
2.898175
2.90135
2.965775
2.9933
3.04755
3.1176
3.325825
3.424
3.4499
3.569075
3.636175
3.65955
3.718175
3.757175
3.77735
3.7918
3.82915
3.830575
3.9508
3.977125
4.010175
4.170175
4.175975
4.185875
4.23925
4.4673
4.4877
4.5195
4.662475
4.758925
4.767125
4.794375
5.033825
5.116975
5.410025
5.4962
5.5918
5.6326
5.696775
5.84365
5.85555
6.0001
6.119475
6.18835
6.4094
6.587125
6.744325
6.94135
7.0158
7.1893
7.238375
7.276675
7.435075
7.44175
7.532425
7.5433
7.6397
7.64975
7.7839
7.81185
7.9714
8.124175
8.161025
8.231575
8.27595
8.385875
8.4845
8.52925
8.58315
8.770675
8.94675
8.960625
9.203175
9.280175
9.371575
9.680475
9.746675
9.88615
9.936225
162
