0.14255
0.226075
0.3191
0.364275
0.402125
0.4431
0.492275
0.496175
0.504
0.508825
0.51445
0.5265
0.549525
0.563925
0.5737
0.58515
0.591425
0.625625
0.628875
0.634425
0.637475
0.640325
0.662775
0.663725
0.6657
0.718075
0.7209
0.72265
0.73785
0.7453
0.746625
0.7653
0.8216
0.829475
0.862275
0.86765
0.86775
0.921025
0.932125
0.9693
0.978925
0.982725
1.019925
1.0254
1.0638
1.068475
1.068675
1.070875
1.136725
1.138975
1.1771
1.202325
1.29375
1.3288
1.357725
1.370625
1.401075
1.458525
1.707475
1.792625
1.79435
1.808875
2.00305
2.0172
2.0232
2.0812
2.100875
2.104275
2.21645
2.25435
2.293
2.307675
2.3213
2.386925
2.472675
2.528275
2.6675
2.7375
2.78245
2.791625
2.87835
3.0166
3.032475
3.0938
3.096675
3.1221
3.1475
3.20345
3.36825
3.396925
3.423025
3.470925
3.483125
3.593475
3.656975
3.993275
4.133675
4.194475
4.3969
4.5095
4.548725
4.668275
4.6994
4.878
4.965775
5.12945
5.1402
5.30965
5.5365
5.56805
5.574375
5.64705
5.840675
5.95295
5.982825
6.005025
6.116775
6.1448
6.2674
6.327
6.39615
6.466225
6.833125
6.89555
7.0609
7.119175
7.356675
7.43355
7.50405
7.518225
7.660025
7.664475
7.96195
8.08525
8.106375
8.253575
8.353275
8.358175
8.551525
8.8711
9.05425
9.055925
9.100425
9.25855
9.259775
9.551825
9.671075
9.910125
9.937975
149
