0.170025
0.225025
0.385175
0.46505
0.497275
0.511775
0.51885
0.530075
0.556075
0.56155
0.5795
0.5841
0.5912
0.598075
0.6084
0.61765
0.625875
0.631775
0.6318
0.647875
0.650425
0.651425
0.656125
0.676125
0.7188
0.725125
0.7465
0.748775
0.770675
0.777825
0.807975
0.81725
0.83145
0.85835
0.8616
0.898125
0.899325
0.93635
0.968925
0.972175
0.98585
1.008475
1.03955
1.07445
1.07635
1.113925
1.13655
1.139375
1.21805
1.218775
1.2359
1.284475
1.346875
1.36295
1.36525
1.3718
1.3849
1.385175
1.432725
1.48085
1.4832
1.498775
1.509425
1.51185
1.595925
1.620725
1.669
1.69835
1.76495
1.78265
1.8195
1.82605
1.830625
1.9475
2.038825
2.07985
2.095325
2.1243
2.13015
2.153225
2.28005
2.44675
2.472875
2.562775
2.566275
2.71195
2.719525
2.737725
2.753725
2.75575
2.7981
2.8138
2.8823
2.9111
3.069975
3.14675
3.151875
3.255
3.399875
3.46405
3.474525
3.538225
3.544475
3.590475
3.65
3.71685
3.742825
3.785425
3.80755
3.864925
3.9181
4.0798
4.13215
4.151125
4.4998
4.624275
4.640225
4.64435
4.862625
4.897625
5.090575
5.184975
5.34655
5.3666
5.440775
5.695
5.725275
5.747975
6.1136
6.161175
6.2015
6.23225
6.351525
6.502775
6.5399
6.5444
6.553775
6.6663
6.731825
6.89205
6.9893
6.9914
7.091075
7.181675
7.231625
7.28395
7.383125
7.6508
7.735125
7.7629
7.940375
8.0248
8.21175
8.24245
8.28895
8.337125
8.4564
8.4961
8.52635
8.594075
8.601925
8.6102
8.697875
8.778275
8.787175
8.9358
9.036825
9.082
9.179375
9.21735
9.2526
9.338275
9.5523
9.650525
9.79475
175
