0.431925
0.4334
0.44715
0.46905
0.47255
0.5094
0.5151
0.5279
0.5327
0.54955
0.55075
0.574275
0.576825
0.594075
0.597675
0.620475
0.649525
0.66375
0.6671
0.6849
0.6873
0.69175
0.727625
0.742775
0.7457
0.757575
0.7621
0.7695
0.7717
0.7767
0.7875
0.7956
0.8351
0.8521
0.8872
0.890675
0.8987
0.929525
0.9347
0.9559
0.98595
1.072125
1.113275
1.141875
1.187375
1.2343
1.276125
1.278275
1.31675
1.3521
1.363975
1.4247
1.495025
1.5025
1.58555
1.743675
1.80985
1.845475
1.905525
1.993075
1.999875
2.002525
2.011675
2.01445
2.058375
2.0664
2.072725
2.116575
2.1652
2.17865
2.212425
2.316425
2.6101
2.642325
2.65255
2.785825
2.839225
2.880075
2.9443
3.0189
3.021475
3.027575
3.0325
3.2182
3.2476
3.348
3.46215
3.8855
4.017075
4.039075
4.06185
4.166725
4.17025
4.176625
4.1882
4.191325
4.289225
4.3176
4.34505
4.359325
4.396775
4.43825
4.44095
4.654625
4.70025
4.85045
4.8838
4.902125
4.9061
5.039175
5.04485
5.1509
5.185
5.212225
5.305275
5.95775
6.03945
6.052875
6.192875
6.19505
6.380725
6.413
6.61305
6.67435
6.698225
6.772275
6.971625
7.035925
7.061
7.17605
7.4304
7.467175
7.712075
7.71215
7.853825
7.920475
8.02735
8.42065
8.42285
8.67415
9.100575
9.11575
9.17385
9.3996
9.4841
145
