0.058475
0.1282
0.22095
0.351775
0.3545
0.35835
0.44355
0.4586
0.46195
0.468675
0.471625
0.496775
0.508875
0.5216
0.5229
0.52745
0.528425
0.53155
0.542275
0.554075
0.5605
0.569025
0.594675
0.598625
0.616025
0.627275
0.6724
0.69815
0.71375
0.718425
0.7436
0.7888
0.80495
0.8055
0.82145
0.824275
0.825575
0.8372
0.8385
0.8747
0.87755
0.908275
0.9231
0.929075
0.929925
1.00185
1.007025
1.0193
1.0322
1.034975
1.0886
1.142525
1.149025
1.15505
1.276825
1.27705
1.297525
1.34205
1.37175
1.371825
1.385975
1.431575
1.434675
1.437575
1.498825
1.50255
1.510075
1.654775
1.711125
1.759725
1.818325
1.82995
1.8362
1.851025
1.882175
1.9248
1.93955
2.001825
2.002425
2.107475
2.127075
2.137575
2.159925
2.163625
2.170225
2.17405
2.19025
2.22835
2.34005
2.341575
2.4164
2.452125
2.478475
2.58895
2.603875
2.6294
2.658525
2.6716
2.729825
2.8049
2.93275
2.9402
2.956225
2.96555
3.03335
3.057425
3.064
3.1412
3.44445
3.495525
3.51325
3.521275
3.542625
3.598175
3.643525
3.72535
4.013025
4.080725
4.16675
4.238875
4.2996
4.309675
4.4205
4.451775
4.54425
4.55965
4.606475
4.70135
4.7152
4.734475
4.84745
4.869825
4.88505
4.88815
4.9606
4.97755
5.064075
5.0686
5.07875
5.357475
5.370825
5.61595
5.663175
5.672575
5.68745
5.736375
5.83365
6.0598
6.061625
6.125525
6.1712
6.2575
6.2771
6.307525
6.368425
6.521725
6.587075
6.659
6.660575
6.66795
6.8533
6.9271
6.994325
7.00325
7.10895
7.1262
7.22595
7.2331
7.33035
7.618575
7.753125
7.94605
8.1748
8.3438
8.649375
8.6513
8.7588
8.93405
9.056075
9.058975
9.196025
9.257075
9.449175
9.4893
9.692425
9.699925
186
