0.084825
0.219075
0.43395
0.48225
0.48665
0.50565
0.506475
0.506925
0.5107
0.532875
0.541375
0.543325
0.5629
0.5833
0.6964
0.7086
0.7132
0.751325
0.78845
0.790675
0.8204
0.824775
0.8389
0.877075
0.881125
0.9013
0.92285
0.924925
0.9256
0.9364
0.972975
0.974825
0.9896
1.016025
1.038725
1.051675
1.1367
1.139825
1.152575
1.226375
1.2378
1.24305
1.2741
1.2814
1.3236
1.3571
1.403575
1.49645
1.4993
1.53775
1.5685
1.64215
1.688575
1.719375
1.78705
1.812275
1.8282
1.83205
1.85835
1.884825
1.907725
2.0029
2.07635
2.11895
2.2451
2.27485
2.3324
2.339825
2.491
2.669375
2.698975
2.699575
2.732925
2.772875
2.829775
2.844
2.991625
3.125025
3.14085
3.1604
3.22315
3.229
3.32505
3.44335
3.530475
3.584975
3.6436
3.6665
3.776325
3.91095
3.949425
4.040425
4.060525
4.156275
4.192475
4.259275
4.350975
4.5001
4.536575
4.56785
4.609375
4.609625
4.892025
4.893275
4.933975
4.992325
5.000075
5.156425
5.19015
5.2424
5.470325
5.642425
5.6851
5.7574
5.99565
6.13525
6.186875
6.1936
6.193875
6.212925
6.31075
6.43275
6.524025
6.660175
6.752725
7.11045
7.3122
7.3951
7.4482
7.481475
7.504525
7.849475
7.962825
7.977775
8.615275
8.7507
8.795325
8.825325
8.857075
8.9664
9.0982
9.219325
9.541725
9.554425
9.802225
9.807525
9.860475
9.9506
148
