0.273675
0.3145
0.320675
0.4099
0.441175
0.4624
0.4801
0.4998
0.50745
0.507975
0.510375
0.513
0.521775
0.52335
0.52365
0.52525
0.5357
0.556075
0.569375
0.5839
0.58625
0.586775
0.59365
0.609525
0.6115
0.618475
0.633175
0.645
0.65
0.677975
0.6807
0.684325
0.689275
0.6977
0.71615
0.7216
0.743375
0.7609
0.76865
0.798925
0.839575
0.84015
0.8582
0.880475
0.891725
0.913125
0.918125
0.920925
0.93655
0.94185
0.950875
0.990675
1.04175
1.044925
1.067175
1.143275
1.149425
1.151375
1.15885
1.162525
1.17655
1.198175
1.278575
1.37015
1.3847
1.407325
1.42745
1.477
1.479975
1.49175
1.5531
1.557475
1.596025
1.6426
1.88155
1.8875
1.90955
1.9151
2.053225
2.28625
2.293225
2.461
2.505975
2.512275
2.542975
2.590975
2.694725
2.75025
2.846275
2.884275
2.92365
3.013125
3.031975
3.12715
3.298125
3.30825
3.3142
3.333075
3.429175
3.48345
3.498575
3.518975
3.545725
3.6848
3.691525
3.714425
3.863675
3.89615
3.963175
4.1217
4.154375
4.1953
4.27745
4.353325
4.374475
4.411675
4.411775
4.4757
4.551925
4.56715
4.6171
4.66545
4.716425
4.73195
4.7407
4.8478
5.02945
5.123425
5.15145
5.1544
5.2028
5.3555
5.405575
5.933925
6.06665
6.157175
6.2093
6.3575
6.4385
6.44805
6.655825
6.709225
6.750775
6.76935
6.785925
6.800525
7.01085
7.061325
7.13075
7.194875
7.404525
7.43305
7.523675
7.9862
8.007175
8.15675
8.533475
8.738975
8.744
8.921275
9.245775
9.39145
9.471725
9.553725
9.5756
9.715375
9.988
167
