0.107525
0.1152
0.305575
0.4487
0.472775
0.493425
0.495875
0.521275
0.5378
0.540625
0.54405
0.5479
0.56265
0.57185
0.5908
0.596825
0.599975
0.619025
0.625475
0.633
0.664025
0.66665
0.69115
0.6943
0.715425
0.730425
0.73065
0.730925
0.748175
0.789175
0.79095
0.821825
0.823025
0.8608
0.865175
0.873075
0.8886
0.8989
0.918975
0.919625
0.952675
0.959325
0.96555
0.978525
0.99165
1.044925
1.0503
1.08155
1.1331
1.1567
1.181375
1.203675
1.220875
1.238425
1.2735
1.32885
1.339525
1.368375
1.3726
1.3755
1.44365
1.455375
1.469025
1.483625
1.601
1.62535
1.7698
1.807425
1.827725
1.85265
1.89765
1.976575
2.01915
2.078775
2.081775
2.142875
2.1519
2.1654
2.166675
2.173425
2.358375
2.393375
2.4338
2.439625
2.4479
2.510375
2.528725
2.54075
2.56375
2.62215
2.780775
2.827475
2.8868
2.895825
2.912925
2.9366
3.046775
3.068525
3.0987
3.275175
3.339025
3.38075
3.39575
3.452175
3.552675
3.71825
3.72465
3.732425
3.805375
3.867825
3.96195
4.086725
4.09355
4.2065
4.452775
4.565
4.634025
4.709
4.710175
4.84475
4.89875
5.174275
5.186525
5.188825
5.32595
5.582275
5.608525
5.972175
6.12685
6.191475
6.2083
6.410375
6.639275
6.6872
6.8265
6.84225
6.884325
6.932025
6.958275
6.970325
7.051775
7.251675
7.398275
7.42145
7.934625
8.8288
8.8413
8.8652
9.204625
9.454175
9.487825
9.635475
9.6791
9.941425
154
