0.02905
0.18245
0.215025
0.23
0.363175
0.473325
0.49435
0.4962
0.50225
0.508475
0.51215
0.515325
0.51615
0.517875
0.522875
0.52395
0.5247
0.555025
0.570925
0.57465
0.575475
0.57675
0.577725
0.587325
0.6476
0.666625
0.710375
0.71455
0.7182
0.735975
0.744875
0.75535
0.764875
0.8176
0.8197
0.823325
0.848725
0.88505
0.89055
0.891325
0.98305
0.990975
1.104325
1.1055
1.117
1.12215
1.153775
1.217375
1.21985
1.296325
1.298125
1.299175
1.393175
1.455425
1.4852
1.496125
1.52055
1.52245
1.61185
1.708575
1.8449
1.853425
1.9047
1.91445
1.92805
1.95465
1.9629
1.966675
2.0868
2.0958
2.12705
2.1573
2.240475
2.2479
2.28975
2.293675
2.38815
2.396075
2.44545
2.520225
2.520825
2.638775
2.65955
2.737575
2.965925
2.96735
2.9871
3.04025
3.05635
3.117875
3.221575
3.240825
3.30785
3.3393
3.3537
3.3606
3.373475
3.38065
3.652975
3.72145
3.74765
3.75215
3.77205
3.7952
3.8249
3.90775
3.94885
3.9693
3.97105
4.14145
4.22915
4.771025
4.948
5.0254
5.07245
5.161625
5.218125
5.2364
5.24515
5.2522
5.3502
5.57375
5.65575
5.686775
5.7644
5.882925
5.911025
5.947975
5.991875
6.02155
6.326225
6.4534
6.47915
6.565725
6.566875
6.6088
6.9158
6.96885
7.0663
7.117025
7.1735
7.316275
7.362325
7.65625
7.67525
7.752475
7.91595
8.07755
8.16915
8.24375
8.253575
8.26735
8.32005
8.35395
8.65305
8.749125
8.78985
8.7932
8.931125
8.96485
8.9819
8.996525
9.069175
9.205925
9.429025
9.752575
9.8402
9.85415
9.884775
169
