0.233
0.37295
0.482875
0.484725
0.5049
0.5063
0.51065
0.515775
0.519325
0.534975
0.5381
0.55525
0.5655
0.565725
0.584225
0.596175
0.599225
0.618225
0.631625
0.640075
0.65855
0.662025
0.6821
0.682125
0.6841
0.69055
0.690625
0.693975
0.703625
0.70525
0.7203
0.72275
0.732725
0.762875
0.781675
0.79065
0.798425
0.803125
0.8198
0.820275
0.884125
0.918425
0.93475
0.94295
0.951675
0.958525
1.018525
1.01915
1.04015
1.1114
1.1337
1.159325
1.17265
1.177
1.201125
1.2246
1.27165
1.301675
1.304675
1.330225
1.374525
1.395825
1.4328
1.451725
1.456675
1.47705
1.5252
1.5486
1.555825
1.56705
1.59975
1.762625
1.796225
1.94695
2.035325
2.05655
2.06055
2.33515
2.3358
2.4101
2.4401
2.4892
2.4941
2.54505
2.623625
2.6315
2.72375
2.72815
2.887175
2.9358
3.05435
3.211575
3.231
3.23575
3.243975
3.403725
3.4075
3.4703
3.482675
3.53975
3.5437
3.5763
3.59735
3.621675
3.8769
3.92905
4.006575
4.011925
4.0408
4.12285
4.137725
4.155625
4.227275
4.253425
4.257325
4.54035
4.747425
4.8859
4.89055
4.960925
4.977625
5.0572
5.124175
5.207325
5.224025
5.305975
5.379575
5.5936
5.764025
6.2958
6.317425
6.5658
6.708725
6.761975
6.82195
6.904575
6.9526
7.22815
7.2294
7.296275
7.448125
7.44845
7.786325
7.942325
8.20695
8.376625
8.424875
8.4552
8.5794
8.676
8.733625
8.80415
8.932625
8.995125
9.0256
9.102575
9.5481
9.558525
9.57095
9.816225
9.8967
9.97395
162
