0.155125
0.1673
0.223825
0.30515
0.32445
0.376775
0.427525
0.4307
0.4309
0.439275
0.4585
0.480825
0.488725
0.501225
0.53035
0.5432
0.548825
0.5564
0.570725
0.57825
0.587475
0.588075
0.603625
0.634275
0.6388
0.687625
0.6889
0.70035
0.702
0.709125
0.72495
0.73775
0.7458
0.751975
0.759475
0.7651
0.7706
0.771525
0.816
0.828075
0.866975
0.914625
0.9522
0.955775
1.031475
1.05595
1.073775
1.074675
1.16775
1.180875
1.323925
1.405275
1.422125
1.429875
1.435775
1.447275
1.462525
1.5594
1.585775
1.644825
1.6879
1.782725
1.788175
1.808525
1.856225
1.904
1.908125
1.9233
2.079075
2.103025
2.153825
2.200975
2.436975
2.449325
2.53765
2.541625
2.564575
2.671425
2.7595
2.862975
2.896975
2.9421
3.021575
3.08115
3.153225
3.180425
3.2519
3.297125
3.30195
3.305975
3.3519
3.377775
3.437375
3.474725
3.504175
3.55685
3.626425
3.64535
3.6988
3.73205
3.810125
3.88975
3.90745
3.947875
3.978
4.25625
4.30445
4.3268
4.503975
4.721675
4.791875
4.844425
4.909425
4.9334
4.9355
4.9742
4.992675
4.997825
5.08945
5.11325
5.135825
5.914
5.96365
6.0466
6.06605
6.233375
6.244475
6.431975
6.477525
6.502975
6.6072
6.618275
6.6511
6.92035
6.9617
7.0037
7.02575
7.1962
7.26485
7.415525
7.52515
7.539225
7.557475
7.59045
7.76225
7.81045
8.07155
8.328175
8.3674
8.4788
8.5125
8.541675
8.60685
8.706
8.9156
8.97685
8.992525
9.0335
9.218975
9.273575
9.4029
9.5756
9.6598
9.749075
9.761125
9.7986
9.9358
9.937525
168
