0.384425
0.4434
0.474
0.491025
0.492375
0.492575
0.510275
0.5103
0.511825
0.53115
0.533075
0.5812
0.5821
0.584525
0.594925
0.68595
0.69015
0.69375
0.717075
0.757725
0.765025
0.8034
0.8753
0.892275
0.954525
0.9674
0.980475
0.9906
1.03255
1.0538
1.08575
1.1301
1.1315
1.1349
1.1459
1.173325
1.207925
1.258975
1.260425
1.2817
1.337525
1.424075
1.474525
1.507775
1.5258
1.591175
1.656225
1.66415
1.7006
1.748125
1.79015
1.84685
1.903425
1.911425
2.03605
2.03885
2.056575
2.134425
2.279425
2.282
2.34995
2.3977
2.41035
2.4816
2.493325
2.5676
2.57225
2.587375
2.66675
2.702025
2.71355
2.883525
2.8863
2.9981
3.03145
3.06115
3.09615
3.1035
3.11945
3.1335
3.204375
3.250775
3.405925
3.6872
3.781575
3.796
3.849625
3.872275
3.888175
3.946225
4.01455
4.1855
4.251075
4.28665
4.291675
4.3309
4.398075
4.4052
4.41915
4.594125
5.00815
5.029525
5.163125
5.1744
5.22
5.362325
5.708825
5.74345
5.765175
5.868025
5.882475
5.897275
6.02655
6.0268
6.055825
6.10325
6.125425
6.32635
6.413075
6.425125
6.622425
6.641
6.850425
7.004325
7.206125
7.373775
7.4944
7.5399
7.57
7.587275
7.6464
7.648825
7.76045
7.83035
7.848025
8.012525
8.11245
8.255175
8.69055
8.8163
8.866925
9.0221
9.029675
9.07645
9.121925
9.2102
9.360425
9.4341
9.53005
9.5589
150
