0.136325
0.408675
0.445725
0.491275
0.4987
0.555875
0.55685
0.55805
0.5588
0.573175
0.5772
0.597425
0.5981
0.5996
0.601075
0.602
0.619
0.6364
0.640275
0.645275
0.645925
0.656325
0.68715
0.703825
0.72615
0.732825
0.733675
0.7388
0.7483
0.769925
0.778325
0.7853
0.81095
0.864075
0.865975
0.882325
0.901775
0.93775
0.960625
0.97435
0.988775
0.993075
1.027675
1.0583
1.0591
1.063075
1.083275
1.10485
1.127875
1.200375
1.212025
1.268875
1.3572
1.358375
1.369875
1.404825
1.513025
1.514425
1.583575
1.67865
1.7526
1.895275
1.898025
1.95485
1.961325
2.070975
2.1853
2.2407
2.2517
2.301875
2.359175
2.4171
2.493375
2.63655
2.6467
2.672125
2.70555
2.786225
2.79345
2.79745
2.826675
2.927625
2.92935
2.996875
3.1054
3.10765
3.13005
3.200625
3.22735
3.3382
3.3865
3.4408
3.560575
3.620675
3.6817
3.68545
3.7127
3.73105
3.8095
3.850725
3.9493
4.0465
4.236925
4.24655
4.2723
4.441675
4.642575
4.8298
4.97575
5.12595
5.17675
5.37955
5.40405
5.41845
5.452425
5.53535
5.7403
5.97955
6.1726
6.205425
6.3513
6.394
6.454375
6.46065
6.59405
6.604375
6.63335
6.7129
6.8249
6.917625
7.3696
7.382025
7.5345
7.59325
7.7548
7.841175
7.868375
7.9926
8.04585
8.07835
8.08985
8.120975
8.369525
8.566725
8.58545
8.620125
8.636325
8.806075
9.0297
9.12885
9.16815
9.415875
9.4265
9.516275
9.64575
9.685
9.7068
9.730875
9.943975
159
