0.096625
0.16095
0.43535
0.455825
0.466375
0.471075
0.47475
0.477975
0.48515
0.500525
0.501625
0.508475
0.511325
0.511675
0.512125
0.52335
0.52345
0.53065
0.53375
0.5413
0.562675
0.566025
0.568425
0.57625
0.591825
0.612025
0.634225
0.67995
0.693175
0.704525
0.707775
0.70825
0.712175
0.712425
0.72615
0.727675
0.74645
0.750875
0.769125
0.7821
0.7843
0.78715
0.790675
0.792025
0.8119
0.815375
0.8161
0.827775
0.8633
0.867575
0.8802
0.88235
0.888725
0.892075
0.894925
0.911425
0.920225
0.944375
0.94865
0.971975
0.98465
0.988775
1.034925
1.0371
1.057725
1.1079
1.123825
1.131125
1.20455
1.232575
1.2351
1.3169
1.31895
1.3409
1.35265
1.50675
1.585175
1.61665
1.632875
1.633675
1.703925
1.7189
1.7665
1.8076
1.835075
1.887
1.922925
1.94955
2.016075
2.111575
2.125425
2.27495
2.315875
2.384025
2.46605
2.4751
2.4921
2.622725
2.6463
2.656975
2.66225
2.7408
2.754975
2.830425
2.9872
3.0236
3.130575
3.1347
3.187275
3.1985
3.203525
3.5243
3.61885
3.625825
4.018125
4.0285
4.064
4.132275
4.211425
4.2117
4.2913
4.2989
4.34675
4.360575
4.59295
4.7369
4.8252
4.8438
4.8504
4.873925
4.900775
4.971075
5.03675
5.169775
5.2412
5.257825
5.27465
5.33595
5.386475
5.394725
5.446825
5.631175
5.707525
5.806125
5.8795
6.072
6.162075
6.29635
6.370625
6.38465
6.42195
6.4823
6.521625
6.6441
6.951075
7.14215
7.472
7.4723
7.51145
7.558975
7.686825
7.6916
7.772475
7.8336
7.84585
8.036125
8.037325
8.11875
8.198025
8.20065
8.2337
8.256125
8.315475
8.397025
8.48195
8.6108
8.93385
8.975825
8.989525
9.177875
9.7097
9.82805
9.841075
9.90905
9.93735
9.965525
186
