0.150025
0.3324
0.396625
0.397825
0.478525
0.482225
0.5064
0.516375
0.5585
0.55965
0.562875
0.563025
0.575525
0.581325
0.583975
0.618775
0.6196
0.62525
0.6276
0.63665
0.638325
0.648025
0.6544
0.6655
0.69195
0.69555
0.7226
0.7265
0.736225
0.74355
0.74675
0.789075
0.79945
0.8155
0.816625
0.835175
0.94275
0.9627
0.9673
0.9988
1.011325
1.039575
1.0718
1.110325
1.128
1.150975
1.151125
1.193275
1.220825
1.250925
1.276025
1.287825
1.39355
1.428075
1.466375
1.5551
1.56095
1.61
1.625
1.626375
1.64295
1.696225
1.958225
1.964775
1.990875
2.0527
2.3201
2.3721
2.393225
2.477825
2.4909
2.49765
2.525225
2.5337
2.6321
2.682825
2.818175
3.0405
3.121475
3.1354
3.2967
3.370275
3.3906
3.421675
3.4887
3.5005
3.505525
3.538825
3.554525
3.5988
3.620175
3.624925
3.6391
3.6436
3.643925
3.753575
3.87595
3.8855
3.932025
3.968375
4.2014
4.2278
4.23715
4.3262
4.368475
4.47025
4.665425
4.968975
5.011625
5.0401
5.199025
5.22065
5.327475
5.540125
5.844275
6.055275
6.117075
6.190375
6.201175
6.4767
6.750925
6.896825
7.03
7.120225
7.38245
7.408225
7.4343
7.44325
7.50255
7.61415
7.778
7.80115
7.82735
7.8321
8.015875
8.093775
8.370875
8.407075
8.689475
8.695225
8.8701
8.9408
9.063625
9.265475
9.35025
9.436675
9.56305
9.587175
9.71715
9.854725
150
