0.20175
0.266175
0.43815
0.448575
0.45265
0.495175
0.497475
0.5055
0.5102
0.5108
0.5169
0.5221
0.5266
0.528575
0.5327
0.538775
0.54485
0.56825
0.571075
0.61005
0.619075
0.66835
0.705475
0.709625
0.716225
0.7168
0.71985
0.751725
0.76075
0.764025
0.7642
0.7854
0.78595
0.786025
0.79885
0.8082
0.8203
0.839625
0.85275
0.872725
0.887425
0.88775
0.889675
0.9045
0.971875
0.985375
1.039175
1.042625
1.045825
1.0506
1.066625
1.0978
1.15525
1.1678
1.1699
1.18735
1.21305
1.216325
1.216825
1.260675
1.27805
1.278075
1.294475
1.298275
1.3329
1.35105
1.3535
1.429825
1.467375
1.473925
1.48085
1.481325
1.5609
1.604825
1.61925
1.621
1.637225
1.671075
1.683525
1.79605
1.8109
1.859325
1.878975
1.91185
1.961375
1.98885
2.184
2.19375
2.487475
2.499225
2.57745
2.6273
2.7358
2.745775
2.7624
2.780175
2.886775
2.88945
2.893925
2.895525
2.907725
2.9463
3.064525
3.073225
3.146225
3.190975
3.1961
3.19965
3.26255
3.294525
3.3696
3.422875
3.557825
3.716875
3.806675
3.9023
3.96365
4.056475
4.253325
4.5608
4.60515
4.74025
4.786375
4.89705
5.12975
5.255575
5.29885
5.32065
5.415025
5.556575
5.595625
5.64585
5.697475
5.715075
5.753325
5.7672
5.83385
6.0488
6.153675
6.19
6.309025
6.317175
7.08745
7.1239
7.304625
7.390225
7.54325
7.921625
7.995475
8.15
8.190425
8.3508
8.5223
8.56315
8.67335
8.766775
8.9133
8.979275
9.1213
9.138675
9.206975
9.22815
9.7557
9.77535
9.981975
165
