0.276275
0.334425
0.475525
0.4841
0.488975
0.5234
0.5265
0.53185
0.5345
0.545375
0.5697
0.573075
0.58
0.591025
0.6024
0.602775
0.6052
0.613775
0.6364
0.638675
0.639875
0.6425
0.650275
0.651425
0.6704
0.681325
0.692125
0.715125
0.729125
0.76195
0.7749
0.786575
0.786725
0.803825
0.806475
0.81475
0.831575
0.845325
0.8544
0.879425
0.882775
0.89305
0.899525
0.937
0.93765
0.973925
0.985875
1.018475
1.034375
1.105375
1.144175
1.1484
1.164625
1.174175
1.1801
1.209675
1.226025
1.2424
1.257575
1.269875
1.289
1.32415
1.3266
1.369225
1.40975
1.41115
1.416575
1.47685
1.48915
1.49935
1.527125
1.563775
1.57105
1.676575
1.69315
1.993
2.0944
2.124275
2.16805
2.18445
2.264875
2.349475
2.460125
2.548325
2.556625
2.640975
2.709225
2.79685
2.8702
2.954275
2.99665
3.0546
3.0561
3.06785
3.129675
3.161475
3.198475
3.220925
3.280425
3.285825
3.3437
3.424825
3.70035
3.740875
3.742425
3.872075
3.910775
3.967875
4.05565
4.21965
4.251825
4.515875
4.640475
4.649575
4.735475
4.78315
4.8046
5.129125
5.1421
5.155475
5.2316
5.260225
5.361475
5.5142
5.725325
5.7317
5.855275
5.96015
6.202875
6.209625
6.500375
6.633225
6.81965
6.934625
6.980025
7.0059
7.045975
7.04995
7.166475
7.31045
7.344825
7.427875
7.701175
8.021675
8.133725
8.144075
8.4532
8.522425
9.006825
9.107
9.1141
9.210625
9.322425
9.4648
9.549875
9.58215
9.6047
9.785275
9.909025
159
