0.1698
0.207825
0.285975
0.28675
0.28875
0.4487
0.47615
0.491225
0.4935
0.500725
0.501875
0.504225
0.513275
0.534
0.5465
0.557175
0.562525
0.5629
0.5759
0.6032
0.612025
0.643025
0.660575
0.6884
0.705525
0.7162
0.72265
0.730475
0.752175
0.755
0.759525
0.769625
0.793925
0.81155
0.8117
0.811725
0.814425
0.815175
0.835425
0.835675
0.8401
0.858575
0.887275
0.89115
0.920875
0.92385
0.927575
0.92895
0.936575
0.942475
0.958975
0.95965
0.9645
0.986225
1.0113
1.020175
1.024775
1.06495
1.0682
1.0942
1.107625
1.12545
1.169375
1.2141
1.283625
1.297275
1.29755
1.300825
1.3263
1.330475
1.3439
1.357025
1.358725
1.37925
1.3923
1.4181
1.4432
1.4446
1.475975
1.484375
1.495425
1.510825
1.518
1.5836
1.625025
1.632125
1.63935
1.65215
1.749625
1.83265
1.85735
1.8619
1.911075
1.920425
1.92505
1.929125
1.95675
1.9652
2.053725
2.0614
2.070925
2.1034
2.13555
2.2167
2.222075
2.271025
2.364275
2.377775
2.41735
2.48685
2.52315
2.588125
2.595325
2.618
2.630975
2.638625
2.6416
2.70435
2.724125
2.735325
2.9362
3.05155
3.148
3.219475
3.315675
3.326125
3.4466
3.532575
3.59755
3.711125
3.832075
4.14535
4.22355
4.233575
4.257875
4.32485
4.341525
4.360375
4.371625
4.485975
4.5546
4.574025
4.640675
4.6448
4.66575
4.69135
4.7909
4.899525
4.97455
5.058675
5.0691
5.140125
5.31795
5.5317
5.53845
5.6434
5.837875
5.9551
6.076725
6.248575
6.40545
6.4181
6.457575
6.47695
6.4948
6.562325
6.61965
6.72765
6.81745
7.0806
7.288775
7.5721
7.852175
7.885275
7.89055
8.051525
8.314425
8.460175
8.52425
8.6404
8.7649
8.825725
8.860575
8.901025
9.24705
9.371275
9.383525
9.42515
9.550025
9.700325
9.8492
191
