0.058275
0.191125
0.446225
0.45255
0.472525
0.487025
0.487525
0.51515
0.533
0.53315
0.5399
0.5404
0.544025
0.547025
0.55075
0.566975
0.57445
0.583525
0.599025
0.6032
0.633175
0.654
0.6558
0.664525
0.669
0.691625
0.6993
0.728625
0.736975
0.746925
0.74715
0.75185
0.764925
0.765875
0.78405
0.82245
0.837675
0.84275
0.876625
0.8801
0.961925
1.0198
1.022025
1.043325
1.045825
1.047025
1.12725
1.227975
1.259475
1.271725
1.29225
1.30895
1.31
1.31195
1.3335
1.372425
1.375825
1.401825
1.408
1.412675
1.4205
1.437775
1.46905
1.4885
1.518275
1.54725
1.556525
1.5733
1.5776
1.591025
1.6101
1.6295
1.715275
1.73685
1.795025
1.8376
1.846675
1.97735
2.00035
2.05265
2.053475
2.064325
2.07635
2.11985
2.178875
2.481575
2.558175
2.644325
2.655825
2.790075
2.85425
2.86935
2.974325
2.9866
3.039925
3.067175
3.1274
3.141675
3.168575
3.198325
3.40935
3.529
3.596225
3.76075
3.95325
3.973125
3.9937
4.007
4.0954
4.131275
4.17065
4.257925
4.303975
4.305925
4.348275
4.405325
4.596425
4.59985
4.60865
4.75
4.839425
4.980375
5.084575
5.192
5.35695
5.41455
5.420875
5.53545
5.543375
5.583275
5.6172
5.61855
5.63295
5.881525
5.91675
5.9507
5.998225
6.0493
6.06015
6.092125
6.178225
6.28015
6.4258
6.4648
6.515
6.846925
7.058425
7.1749
7.24145
7.386825
7.4163
7.422625
7.609175
7.6956
7.764925
7.786775
7.862325
7.87775
7.942325
8.017975
8.093975
8.16185
8.20305
8.3378
8.4193
8.55565
8.823175
8.845525
9.044425
9.13225
9.26695
9.322775
9.648975
9.6603
9.719525
9.854075
9.901675
177
