0.07625
0.28575
0.34265
0.469375
0.488075
0.49265
0.516775
0.539075
0.55345
0.565725
0.580825
0.595125
0.620375
0.62065
0.629875
0.634025
0.636875
0.643175
0.6621
0.674925
0.675675
0.679175
0.683225
0.702325
0.702675
0.7226
0.765625
0.772725
0.791525
0.794
0.80275
0.8119
0.813175
0.819125
0.8261
0.8821
0.90195
0.922575
0.92595
0.9356
0.93715
0.942525
0.946125
0.964675
0.982675
1.064525
1.0842
1.092375
1.11305
1.13975
1.149175
1.160625
1.168975
1.181575
1.1828
1.23265
1.273575
1.278825
1.295275
1.3126
1.363925
1.39675
1.412275
1.6454
1.705125
1.72335
1.730025
1.78735
1.823775
1.8567
1.92745
1.930075
1.9442
1.97695
2.030275
2.206975
2.216725
2.411
2.425275
2.435025
2.4912
2.5047
2.559325
2.780425
2.83995
2.8499
2.87285
2.932425
3.0226
3.0389
3.09885
3.11675
3.132425
3.208325
3.2153
3.220725
3.320475
3.390125
3.43395
3.445
3.461375
3.4792
3.524
3.63205
3.641125
3.67235
3.749325
3.77555
3.829375
3.870475
3.923525
3.972625
4.162175
4.28775
4.338175
4.44105
4.496525
4.5179
4.580525
4.8285
4.8869
4.90165
4.91595
5.184275
5.214425
5.346175
5.35345
5.364175
5.465625
5.498625
5.503025
5.551275
5.6232
5.635925
5.7691
5.894725
5.914225
6.003175
6.079275
6.427
6.5271
6.7589
6.93895
7.00845
7.027425
7.09575
7.280475
7.457525
7.5011
7.533825
7.70655
7.78275
7.908225
8.06385
8.08065
8.132475
8.177475
8.368975
8.477125
8.56155
8.637175
8.637575
8.821125
8.912575
8.997525
9.220175
9.35885
9.372175
9.42355
9.769675
9.799175
9.8139
172
