0.01075
0.157125
0.322675
0.361175
0.4107
0.45165
0.464525
0.4708
0.492
0.502975
0.511425
0.5162
0.522175
0.524825
0.525325
0.526175
0.546225
0.5697
0.58165
0.605025
0.6069
0.62155
0.62945
0.669225
0.6878
0.6986
0.7218
0.722825
0.7435
0.7556
0.790925
0.831325
0.83685
0.8473
0.85355
0.86625
0.8799
0.893
0.89395
0.930325
0.940325
0.9474
0.95395
0.956725
0.9625
0.9748
0.9835
1.0003
1.060975
1.092075
1.17645
1.199475
1.205875
1.256875
1.29425
1.3013
1.316325
1.320975
1.3865
1.432775
1.4788
1.547175
1.6153
1.6212
1.710375
1.74785
1.80975
1.815475
1.82525
1.835025
2.071975
2.119325
2.149275
2.1683
2.205125
2.299425
2.305125
2.319025
2.40155
2.457625
2.526
2.538825
2.694425
2.7043
2.90145
2.9227
2.993525
3.017225
3.023575
3.04145
3.076875
3.112075
3.121375
3.29295
3.325725
3.36265
3.36845
3.389725
3.396725
3.43975
3.456925
3.475225
3.47685
3.596825
3.648275
3.663825
3.689675
3.705325
3.753875
3.815675
3.82375
4.008275
4.2265
4.31175
4.39955
4.4214
4.5383
4.648475
4.852275
5.079675
5.13365
5.2153
5.227125
5.375025
5.574025
5.665225
5.736825
5.748575
5.856
6.040725
6.043575
6.10135
6.266275
6.3996
7.174425
7.27055
7.334075
7.423125
7.5817
7.6612
7.683225
8.289625
8.33695
8.38495
8.5188
8.58125
8.589425
8.62365
8.72785
9.001425
9.1042
9.2173
9.25285
9.367725
9.487125
9.522875
9.7051
9.772075
158
