0.362925
0.440325
0.4504
0.4505
0.47165
0.481525
0.4845
0.4957
0.49605
0.49625
0.4993
0.504275
0.512225
0.515525
0.56795
0.65455
0.6548
0.65565
0.655925
0.65945
0.675825
0.687
0.700375
0.7006
0.726625
0.732375
0.73735
0.769675
0.795625
0.798025
0.80135
0.819925
0.83335
0.8918
0.8931
0.904275
0.909325
0.9131
0.91815
0.955025
0.98775
1.012975
1.02265
1.05915
1.081975
1.091275
1.1029
1.12
1.129475
1.12975
1.18705
1.23015
1.239
1.272575
1.27395
1.297675
1.398325
1.434625
1.486225
1.488525
1.5192
1.5452
1.549225
1.561575
1.5638
1.5836
1.642675
1.690525
1.710225
1.7343
1.742375
1.845175
1.877125
1.928875
1.96005
2.05245
2.081375
2.093175
2.1401
2.149625
2.237975
2.278175
2.39155
2.46295
2.482525
2.54435
2.594275
2.652225
2.676025
2.724175
2.80435
2.97095
3.014775
3.03675
3.1899
3.215325
3.247475
3.248
3.30745
3.312275
3.339675
3.39575
3.491225
3.524175
3.527525
3.57965
3.583725
3.639275
3.66165
3.727725
3.7875
3.830625
3.8712
3.94725
4.144325
4.4558
4.961925
4.9827
5.096875
5.154775
5.2988
5.3196
5.765825
5.786425
5.833425
5.853875
5.9784
6.0976
6.119975
6.775875
6.804375
6.892175
6.995225
7.294275
7.345825
7.477075
7.499125
7.525375
7.530175
7.5873
7.806875
7.82205
7.89795
8.034475
8.1507
8.380825
8.60555
8.723425
8.809775
8.8523
8.9648
8.9826
8.9897
9.0362
9.061925
9.2834
9.462725
9.607775
9.638975
9.659225
9.81745
9.926925
162
