0.1416
0.191475
0.267175
0.316725
0.4596
0.467725
0.469925
0.481225
0.4844
0.488775
0.4939
0.4991
0.53925
0.5497
0.564475
0.57085
0.575525
0.57955
0.5907
0.594675
0.643325
0.667225
0.669
0.6778
0.6902
0.719525
0.735425
0.737775
0.752975
0.755825
0.77165
0.8003
0.80195
0.8449
0.86705
0.86875
0.871475
0.872125
0.923075
0.92725
0.996425
1.00055
1.0024
1.021925
1.025175
1.036825
1.058175
1.10085
1.18105
1.190275
1.209125
1.23775
1.24135
1.25395
1.255725
1.2695
1.314
1.329925
1.386225
1.45755
1.4577
1.49215
1.5023
1.54585
1.578475
1.6498
1.685125
1.7459
1.790625
1.844025
1.846375
1.9229
1.93175
1.932425
1.938025
1.952325
1.9536
1.9889
2.006625
2.0563
2.080325
2.1299
2.1335
2.265175
2.296675
2.436075
2.477575
2.509175
2.845125
2.91485
2.940475
3.014675
3.053325
3.254825
3.338775
3.4943
3.613825
3.6613
3.679825
3.9527
3.9537
4.0942
4.19955
4.223375
4.251175
4.262975
4.271
4.41555
4.4676
4.4954
4.564175
4.717825
4.74335
4.811275
4.842825
4.963875
4.9886
5.02035
5.14135
5.295975
5.377525
5.472725
5.476525
5.6584
5.658725
5.79685
5.8002
5.880125
5.924325
6.01995
6.05735
6.13575
6.1528
6.24565
6.248725
6.350375
6.423525
6.63145
6.812925
7.240275
7.46345
7.5899
7.646425
7.8507
7.91505
7.9862
8.05715
8.203325
8.263225
8.46495
8.4921
8.6987
8.7714
8.8348
8.932525
8.934
8.9664
9.094825
9.09665
9.370025
9.399425
9.409575
9.585125
9.8054
9.829125
9.929975
166
