0.012625
0.0683
0.0712
0.11805
0.118625
0.41025
0.47715
0.485175
0.492
0.493
0.505575
0.51395
0.518425
0.528925
0.52955
0.547775
0.56075
0.5692
0.574125
0.58355
0.5968
0.6042
0.60615
0.6101
0.6319
0.6391
0.64375
0.6719
0.675125
0.686925
0.74635
0.761175
0.77285
0.77695
0.784825
0.80215
0.80505
0.819225
0.820875
0.838225
0.841675
0.845425
0.859475
0.880275
0.882125
0.8909
0.9128
0.94835
0.95285
0.988
0.9918
1.014825
1.03605
1.07805
1.10865
1.166575
1.1712
1.24675
1.259
1.283475
1.3179
1.407
1.420225
1.43195
1.436075
1.44455
1.5866
1.674425
1.751575
1.8954
1.896125
1.981625
2.00745
2.0095
2.054225
2.083275
2.0862
2.29435
2.30305
2.341475
2.365175
2.497225
2.599375
2.644325
2.69095
2.793975
2.8586
2.90335
2.9724
3.048775
3.066675
3.133525
3.301575
3.32905
3.358925
3.4596
3.4597
3.4809
3.539775
3.627075
3.65695
3.780625
3.879375
3.895
3.967325
4.073625
4.086475
4.129175
4.206175
4.27775
4.2781
4.32625
4.366225
4.44365
4.44375
4.465625
4.48515
4.51065
4.550125
4.575775
4.60475
4.61895
4.6488
4.66075
4.876475
5.057575
5.087625
5.259125
5.319825
5.4901
5.680425
5.8017
5.82055
5.9411
5.9817
6.05275
6.126625
6.235175
6.23775
6.280575
6.39275
6.455625
6.5155
6.55495
6.6928
6.9086
6.999725
7.1836
7.32325
7.40175
7.66575
7.690725
7.77455
8.0202
8.105475
8.113525
8.184375
8.18735
8.22395
8.3008
8.409875
8.461875
8.575525
8.688175
8.717425
8.7536
8.9067
9.2396
9.36315
9.535725
9.94585
171
