0.2026
0.2334
0.237825
0.248325
0.476325
0.498675
0.51035
0.571
0.572675
0.582925
0.589375
0.595
0.5978
0.610975
0.616475
0.635075
0.637825
0.64355
0.6556
0.66975
0.6821
0.701325
0.70885
0.71315
0.72155
0.740975
0.750825
0.778525
0.7932
0.816425
0.81825
0.821825
0.84245
0.842725
0.872075
0.900625
0.91495
0.9167
0.922875
0.923375
0.94635
0.963525
1.1116
1.13455
1.166775
1.168225
1.183025
1.244175
1.246575
1.25595
1.262575
1.277625
1.2804
1.31585
1.363
1.392775
1.4107
1.43325
1.4375
1.462175
1.499175
1.583825
1.5996
1.609525
1.650225
1.674325
1.686275
1.819
1.86745
1.877775
1.889075
1.962675
2.0452
2.06295
2.13345
2.137775
2.162525
2.209225
2.219225
2.27815
2.28895
2.426025
2.432025
2.4719
2.56835
2.57985
2.642925
2.6529
2.743725
2.9213
2.93425
2.937975
2.981
3.106825
3.289925
3.4496
3.526625
3.54085
3.545125
3.584225
3.7089
4.024175
4.068025
4.120375
4.152225
4.229925
4.286825
4.303175
4.653625
4.79905
4.807925
4.993725
5.061525
5.18525
5.65305
5.8967
5.9805
6.08645
6.155275
6.233725
6.329825
6.55595
6.826475
7.117225
7.1397
7.2503
7.272625
7.463375
7.597775
7.736175
7.807625
8.0018
8.077
8.227925
8.411225
8.507425
8.568025
8.5701
8.580225
8.806325
8.87275
8.95275
8.9775
8.99975
9.13625
9.30485
9.3082
9.30935
9.62285
9.78335
150
