0.3024
0.339
0.37075
0.403675
0.4714
0.480525
0.493
0.507225
0.51425
0.52045
0.53385
0.5592
0.55965
0.565375
0.579775
0.59235
0.592525
0.605675
0.628625
0.6438
0.6536
0.6692
0.674475
0.686025
0.7082
0.717425
0.726125
0.770675
0.77625
0.7794
0.787975
0.816075
0.819375
0.84315
0.8751
0.924425
0.96545
0.9801
1.02035
1.0306
1.03835
1.081775
1.082275
1.099325
1.110025
1.114675
1.134575
1.1984
1.226575
1.237225
1.2558
1.289325
1.290075
1.293525
1.323425
1.3549
1.38435
1.386875
1.4319
1.43285
1.54715
1.581225
1.68265
1.79505
1.82915
1.8914
2.058025
2.08165
2.134275
2.198275
2.2802
2.296375
2.359025
2.3871
2.443025
2.4603
2.548825
2.61725
2.673825
2.812325
2.948375
2.949725
3.00205
3.0226
3.126725
3.185625
3.2417
3.2908
3.3279
3.40445
3.407625
3.501225
3.62985
3.634375
3.67395
3.692375
3.78475
3.847525
3.976625
4.09325
4.3467
4.374225
4.4236
4.458075
4.72085
4.8022
4.86765
4.8843
4.885825
4.9316
5.10325
5.1144
5.1292
5.1598
5.288725
5.30415
5.5801
5.719675
5.750175
5.7525
5.821925
5.8826
5.92115
6.179975
6.30535
6.730775
6.873775
6.893
6.95165
7.005175
7.006325
7.024975
7.054975
7.080625
7.118425
7.364525
7.503825
7.578925
7.9656
8.0261
8.056725
8.086775
8.24145
8.248925
8.284725
8.29985
8.578225
8.83235
8.97235
9.016
9.474725
9.5247
9.59615
9.7383
9.754525
9.8262
9.864425
9.879775
9.921275
9.928025
9.934
161
