0.06145
0.4194
0.44475
0.4566
0.457725
0.501275
0.506875
0.516375
0.541725
0.55365
0.557375
0.562875
0.56365
0.57125
0.578875
0.62615
0.6362
0.653825
0.654
0.6569
0.65895
0.659025
0.65915
0.66375
0.6691
0.6739
0.68075
0.7552
0.76345
0.763725
0.7858
0.8104
0.811675
0.8552
0.8568
0.862475
0.87345
0.92575
0.9258
0.929625
0.935975
0.9631
0.993075
1.018925
1.03405
1.037275
1.051725
1.089975
1.13845
1.1416
1.194425
1.23655
1.25165
1.264975
1.267075
1.3448
1.386775
1.413225
1.4494
1.4554
1.459575
1.522025
1.60155
1.6093
1.631475
1.764775
1.848875
1.86995
1.9071
1.982025
2.00825
2.023025
2.112675
2.20505
2.517175
2.5863
2.61805
2.661725
2.7324
2.929975
3.07555
3.098
3.117
3.186825
3.186975
3.2075
3.228875
3.263925
3.277875
3.35145
3.392975
3.4463
3.547325
3.55535
3.695
3.720475
3.730575
3.84625
4.024925
4.142225
4.147625
4.179175
4.37015
4.4613
4.52525
4.680575
5.01785
5.12025
5.135475
5.1356
5.16065
5.23915
5.289975
5.385825
5.4077
5.410125
5.5007
5.714025
5.95
5.952575
6.0172
6.061225
6.254925
6.370475
6.770375
6.83265
6.904125
7.3684
7.415275
7.543325
7.61535
7.86435
8.051525
8.0977
8.153025
8.1799
8.211975
8.33935
8.379325
8.40605
8.4385
8.4681
8.6583
8.66355
8.821325
8.869725
8.98885
9.33295
9.394475
9.4392
9.527525
9.636325
152
