0.0
0.15105
0.3302
0.352975
0.430225
0.440775
0.491775
0.4938
0.5083
0.5368
0.5404
0.54375
0.55
0.563225
0.5935
0.601425
0.60805
0.630475
0.631175
0.642
0.650525
0.6697
0.678175
0.688675
0.69445
0.7016
0.717
0.734175
0.7487
0.750675
0.7546
0.781625
0.78195
0.784275
0.835325
0.87555
0.8769
0.946075
0.95675
0.965575
1.063075
1.09575
1.145375
1.178775
1.204275
1.21805
1.23825
1.269425
1.317875
1.318825
1.3251
1.3288
1.364875
1.3833
1.4753
1.476825
1.4932
1.5144
1.571725
1.6139
1.6559
1.691925
1.769925
1.843425
1.85045
1.93405
1.941525
2.11385
2.181575
2.33125
2.371575
2.64485
2.691975
2.708125
2.78705
2.803225
2.842775
2.881875
2.933875
2.961775
3.087725
3.166575
3.175775
3.2177
3.286825
3.3214
3.329
3.3731
3.3795
3.446525
3.5168
3.611125
3.71445
3.7395
3.777925
3.78
3.832925
3.880925
3.9024
4.00135
4.130725
4.136975
4.233825
4.473225
4.52725
4.641875
4.691025
4.780475
4.9525
4.959175
5.0057
5.13875
5.247625
5.380025
5.4533
5.504875
5.52305
5.53815
5.570725
5.66295
5.664275
5.751775
5.755225
5.760125
5.878725
6.21
6.224
6.2412
6.280225
6.313125
6.45365
6.457475
6.479775
6.582225
6.6141
6.61765
6.67055
6.765475
6.806
6.95775
6.963525
7.020725
7.1371
7.2763
7.543125
7.6243
7.67275
7.75045
7.8326
7.83335
7.85005
7.8953
7.918575
8.004825
8.0291
8.67735
8.716925
8.759175
8.78045
8.809875
9.03015
9.077625
9.15165
9.571125
9.846575
165
