0.0905
0.1548
0.3125
0.4458
0.497775
0.50065
0.511425
0.515975
0.518775
0.5194
0.530775
0.532375
0.533475
0.53805
0.539375
0.540375
0.5506
0.5581
0.574325
0.576575
0.584775
0.5959
0.603325
0.6224
0.62915
0.630375
0.640125
0.66885
0.67845
0.68115
0.7037
0.732325
0.734425
0.7364
0.73935
0.76415
0.797125
0.825575
0.82675
0.83025
0.8338
0.8369
0.8509
0.853225
0.8718
0.87445
0.8766
0.890525
0.93965
0.940825
1.000425
1.00665
1.028225
1.0288
1.0468
1.121675
1.128825
1.1348
1.13485
1.14095
1.146175
1.228
1.261975
1.2621
1.352425
1.396875
1.401725
1.409175
1.4135
1.43685
1.514325
1.516275
1.5693
1.641825
1.737325
1.8319
1.880625
1.891625
1.998175
2.006975
2.07605
2.0935
2.10775
2.208575
2.250375
2.2602
2.335525
2.38445
2.43325
2.62305
2.780675
2.795375
2.90965
2.9314
2.942725
2.95225
3.02795
3.040925
3.0689
3.142525
3.156475
3.2679
3.27835
3.310725
3.337025
3.36125
3.42615
3.69365
3.70225
3.917325
4.012675
4.044375
4.211675
4.25
4.34255
4.520725
4.5749
4.663025
4.733125
4.8524
4.8922
4.9058
5.1784
5.2061
5.2382
5.310425
5.410775
5.59145
5.6024
5.849275
5.856
6.010625
6.077075
6.091525
6.1814
6.285875
6.434425
6.4797
6.550325
6.6724
6.8054
6.88625
6.958925
7.12155
7.620075
7.668725
7.674875
7.769075
7.78655
7.89625
7.940075
7.96605
7.9858
8.057625
8.060975
8.0879
8.340875
8.549075
8.56795
8.755725
8.78015
8.8549
8.925325
9.14745
9.2788
9.5156
9.516025
9.56405
9.62745
9.847825
9.9306
9.994175
172
