0.188225
0.34095
0.39805
0.435825
0.4449
0.4687
0.472225
0.475825
0.497675
0.5017
0.5195
0.534775
0.537675
0.5426
0.546125
0.547225
0.5573
0.560975
0.5666
0.570725
0.572975
0.575175
0.576775
0.579025
0.5879
0.595075
0.605825
0.6341
0.640775
0.67065
0.687475
0.70085
0.706875
0.72995
0.734225
0.7358
0.7394
0.757
0.7597
0.764675
0.778275
0.784525
0.792025
0.80715
0.809675
0.820875
0.822275
0.832425
0.834
0.848775
0.849375
0.860925
0.875075
0.8771
0.883075
0.88365
0.899275
0.90085
0.90155
0.914075
0.94015
0.94965
0.963
0.97205
0.97735
1.025375
1.070825
1.071275
1.111325
1.14155
1.265075
1.278225
1.2966
1.322725
1.3255
1.3996
1.46065
1.4667
1.470575
1.53525
1.58785
1.712075
1.72405
1.73555
1.89165
1.9113
1.9241
2.015575
2.04845
2.049775
2.084025
2.13835
2.3086
2.335
2.370525
2.387325
2.3913
2.429775
2.43935
2.454725
2.4845
2.563725
2.678875
2.718575
2.748125
2.754475
2.794875
2.88805
3.026325
3.086875
3.094825
3.10615
3.238425
3.24015
3.327675
3.37845
3.489025
3.81495
3.875275
3.918375
3.933375
4.098875
4.115775
4.157775
4.1841
4.28085
4.8361
4.837725
4.871075
4.892625
5.12675
5.15905
5.25825
5.27135
5.3097
5.571525
5.589675
5.8501
5.931325
5.996525
6.08505
6.47725
6.528
6.75215
6.807
7.013475
7.06415
7.184125
7.25555
7.339625
7.495725
7.521525
7.5569
7.7114
7.7331
7.7505
7.974775
8.028025
8.0443
8.164125
8.234875
8.293875
8.3941
8.411475
8.580675
8.751375
8.978075
9.0074
9.072725
9.17545
9.1863
9.232825
9.699975
173
