0.217075
0.275525
0.33735
0.350725
0.43
0.439475
0.4443
0.44625
0.452075
0.46985
0.4866
0.487325
0.489175
0.492175
0.530475
0.53775
0.5506
0.579975
0.594525
0.598075
0.604
0.610425
0.6306
0.641325
0.642025
0.644025
0.653475
0.666375
0.678875
0.681525
0.706825
0.73595
0.7376
0.746525
0.757375
0.763775
0.77715
0.782375
0.788425
0.7986
0.816375
0.81645
0.8365
0.877075
0.8837
0.90845
0.909275
0.915925
0.9425
0.976225
0.97825
1.009075
1.01565
1.063425
1.069975
1.082375
1.092575
1.1631
1.170775
1.18615
1.2112
1.2598
1.444875
1.464375
1.5153
1.544725
1.576875
1.618
1.629425
1.629825
1.648925
1.654325
1.716925
1.729
1.775425
1.823425
1.8389
1.887375
1.89075
1.953525
2.13625
2.158875
2.21195
2.2845
2.302125
2.35205
2.4579
2.54845
2.575025
2.90055
2.95635
2.9703
3.05855
3.058825
3.093575
3.149925
3.25405
3.2625
3.32295
3.6042
3.652675
3.65765
3.673175
3.882125
3.986125
3.99
4.035775
4.13695
4.242225
4.24275
4.448425
4.6528
4.68065
4.8098
4.91405
5.262925
5.486125
5.9029
5.9358
5.989425
6.094925
6.304275
6.462375
6.503875
6.527025
6.5615
6.58795
6.7231
6.79295
6.89235
6.941375
7.02925
7.03615
7.08175
7.18885
7.3083
7.363175
7.417025
7.46695
7.513825
7.56305
7.599025
7.6558
7.708475
7.73955
7.760675
7.9283
7.94555
8.078525
8.306625
8.38395
8.403625
9.08375
9.260075
9.389275
9.556975
9.64185
9.811075
9.982875
159
