0.0412
0.225225
0.406925
0.446375
0.446575
0.454275
0.47845
0.485775
0.503125
0.51155
0.531375
0.552075
0.56565
0.581925
0.584275
0.596675
0.600425
0.600975
0.62435
0.637625
0.654425
0.704025
0.7092
0.712125
0.714775
0.736
0.754075
0.75605
0.904075
0.9084
0.9715
0.98585
0.998175
1.0411
1.041525
1.054875
1.069175
1.14045
1.17525
1.181
1.197125
1.206475
1.216
1.235175
1.2413
1.24885
1.25805
1.2723
1.342925
1.344875
1.35325
1.39575
1.4257
1.451325
1.45905
1.46845
1.475575
1.505625
1.553275
1.687275
1.695925
1.7106
1.748775
1.755575
1.8715
1.965675
2.106225
2.17585
2.1892
2.239525
2.31085
2.3195
2.3588
2.3636
2.451625
2.536
2.560775
2.608825
2.672925
2.7065
2.732275
2.748575
2.7982
2.809125
2.828
2.867075
2.86805
2.93795
3.05435
3.10215
3.230325
3.24655
3.33115
3.417775
3.50255
3.524075
3.63655
3.715425
3.749875
3.86505
3.97685
4.171225
4.284425
4.30845
4.3978
4.4109
4.53585
4.54255
4.6467
4.90315
4.933775
4.93655
4.952175
5.001425
5.034975
5.053125
5.262525
5.286275
5.39745
5.410875
5.472575
5.57705
5.5915
5.9517
6.03505
6.290625
6.32155
6.776575
7.01035
7.054
7.192175
7.5172
7.61815
7.623475
7.746775
8.094925
8.1646
8.18585
8.353325
8.56165
8.813525
8.829925
8.857175
9.0999
9.3928
9.394775
9.45425
9.479525
9.5242
9.528
9.76265
9.76635
9.8607
153
