0.000125
0.113325
0.1184
0.315
0.41275
0.442875
0.4445
0.45155
0.47895
0.48145
0.491875
0.497275
0.52445
0.536
0.541075
0.5488
0.549
0.54995
0.563
0.572825
0.600425
0.60075
0.607325
0.6097
0.6107
0.633125
0.63315
0.6352
0.6727
0.679
0.693175
0.7064
0.711875
0.734475
0.737175
0.7453
0.76185
0.78335
0.7835
0.8084
0.827975
0.8406
0.894675
0.898875
0.940125
0.94765
0.9583
0.96315
0.99365
1.025975
1.02855
1.0885
1.10585
1.1645
1.202275
1.2424
1.255425
1.310125
1.310475
1.316275
1.3269
1.33725
1.3727
1.378475
1.400525
1.40815
1.4528
1.460225
1.50125
1.683875
1.7226
1.77275
1.796075
1.88285
2.04145
2.0735
2.082175
2.089625
2.278175
2.3592
2.45015
2.545575
2.613375
2.615775
2.619075
2.672875
2.717775
2.8445
2.876775
2.9413
2.967675
3.053625
3.12535
3.17685
3.49275
3.5757
3.582375
3.614025
3.714475
3.7817
3.886425
3.944375
3.973425
4.068725
4.082575
4.140375
4.167575
4.2055
4.248925
4.266175
4.366175
4.383825
4.458725
4.471425
4.489525
4.5985
4.69065
4.695775
4.830875
4.933575
4.94715
5.017375
5.0725
5.091625
5.1779
5.284475
5.3543
5.442925
5.5048
5.554625
5.566675
5.61355
5.691075
5.747575
6.0064
6.01065
6.1326
6.341925
6.344875
6.398625
6.42325
6.426025
6.723025
6.903375
6.97235
6.994925
7.114375
7.19495
7.353725
7.380375
7.46515
7.56525
7.75085
7.828125
8.20715
8.312125
8.32655
8.389475
8.5246
8.6642
8.735225
8.8858
8.964675
8.99885
9.038275
9.416225
9.687225
9.730775
9.738275
9.762175
9.7872
171
