0.2029
0.249725
0.3276
0.44975
0.457425
0.457825
0.529375
0.530325
0.538225
0.547225
0.561875
0.569725
0.5893
0.60385
0.614525
0.62135
0.6251
0.63015
0.684625
0.7239
0.76955
0.7753
0.8085
0.83485
0.867625
0.892675
0.928175
0.9324
0.9586
0.96605
1.003025
1.010325
1.02265
1.023525
1.038675
1.08965
1.11155
1.11725
1.12145
1.123075
1.159825
1.1602
1.185525
1.214975
1.2268
1.2302
1.239575
1.32975
1.398325
1.437175
1.55455
1.5969
1.628225
1.70455
1.7358
1.7632
1.865225
1.899625
1.9232
1.985025
2.018125
2.050075
2.0892
2.08935
2.138225
2.403625
2.412325
2.417
2.419075
2.4291
2.498475
2.506975
2.5447
2.545025
2.57425
2.596375
2.634775
2.642725
2.66185
2.79485
2.7984
2.83835
3.065025
3.167225
3.2381
3.2583
3.3169
3.407275
3.4392
3.5596
3.577725
3.651425
3.6934
3.707475
3.7606
3.8611
3.864075
3.90835
4.0151
4.0221
4.064175
4.167825
4.31815
4.4201
4.42385
4.4611
4.4812
4.485075
4.52475
4.555525
4.568925
4.7475
4.9514
4.9641
4.990425
5.027075
5.245725
5.265975
5.35165
5.43785
5.538775
5.54575
5.561725
5.679875
5.853625
5.900075
6.014225
6.01755
6.077975
6.180825
6.201675
6.226775
6.247725
6.5178
6.601425
6.833175
6.867675
6.887525
6.970575
7.003775
7.01015
7.10945
7.1254
7.186975
7.23275
7.287775
7.383775
7.43515
7.476475
7.709175
7.758
7.897225
7.900525
7.901075
7.9327
8.064075
8.0711
8.329675
8.47355
8.956
9.0408
9.217
9.253
9.34305
9.3575
9.4659
9.5816
9.62575
9.644425
9.70695
9.83755
171
