0.045925
0.057825
0.138375
0.490075
0.510325
0.5137
0.523775
0.53615
0.543175
0.561675
0.56635
0.576025
0.5795
0.6188
0.6316
0.667
0.68235
0.709275
0.75345
0.7688
0.780525
0.781975
0.786275
0.805425
0.8192
0.8762
0.88155
0.921775
0.925275
0.9478
0.9916
1.0492
1.0794
1.088925
1.099625
1.11935
1.13265
1.16425
1.264975
1.31275
1.323075
1.38295
1.389825
1.39445
1.544775
1.56075
1.7331
1.787825
1.792725
1.825675
1.886975
1.953375
1.967525
1.971825
2.027475
2.0604
2.10515
2.32825
2.3667
2.400675
2.41455
2.72625
2.8816
2.90215
2.930725
2.9611
3.039025
3.04295
3.064725
3.1287
3.149625
3.163025
3.269025
3.326625
3.4659
3.61585
3.65635
3.665175
3.68395
3.99495
4.160725
4.30295
4.358975
4.4361
4.4532
4.59365
4.65485
4.669625
4.747775
4.944525
5.13195
5.1992
5.207475
5.2396
5.25525
5.35645
5.460875
5.599125
5.651925
5.67595
5.756325
6.27365
6.285625
6.511825
6.692025
6.746625
6.872325
7.080675
7.164275
7.207825
7.29835
7.324925
7.331375
7.4909
7.6598
7.7875
7.80515
7.869275
8.1369
8.429125
8.557675
8.5817
8.737225
8.7595
8.7645
8.79925
8.87055
8.904625
9.141375
9.498025
9.554175
9.609325
9.654525
9.676425
9.913575
9.9981
136
