0.062625
0.1241
0.171725
0.39915
0.432075
0.43555
0.4738
0.497925
0.499475
0.5001
0.523725
0.5381
0.5407
0.546275
0.563825
0.5872
0.592
0.609175
0.6206
0.622275
0.6225
0.623275
0.624525
0.627725
0.6294
0.6336
0.63715
0.63815
0.639075
0.641775
0.64915
0.65365
0.7091
0.773275
0.7741
0.776775
0.77995
0.787
0.80945
0.84285
0.857275
0.859
0.897625
0.902725
0.92
0.92235
0.984075
1.0146
1.058775
1.059025
1.112175
1.137725
1.16565
1.197375
1.19765
1.20975
1.212425
1.245075
1.266325
1.312775
1.312825
1.317
1.3339
1.3397
1.356875
1.4513
1.463475
1.471025
1.5181
1.53215
1.57495
1.6536
1.659225
1.67135
1.727575
1.74555
1.77445
1.824825
1.85005
1.8676
1.922875
2.020075
2.109825
2.119575
2.14835
2.164
2.28705
2.351925
2.43985
2.526325
2.677075
2.760725
2.787825
3.055125
3.09245
3.1359
3.17905
3.18575
3.1992
3.388475
3.518975
3.529025
3.5831
3.592725
3.689875
3.70595
3.7181
3.737475
3.8194
3.82775
3.829675
3.835275
3.86775
3.89085
3.896525
3.904775
3.930025
3.966425
4.050125
4.094
4.1379
4.154275
4.157475
4.29525
4.377975
4.573775
4.61555
4.717425
4.8275
5.066675
5.09505
5.129375
5.1525
5.2711
5.381775
5.47955
5.5558
5.662725
5.781275
5.92675
6.084425
6.11305
6.14645
6.1515
6.157275
6.2926
6.3411
6.389075
6.9666
6.983575
7.020325
7.119875
7.15575
7.297225
7.3348
7.342075
7.460475
7.463425
7.472825
7.518225
7.561675
7.636925
7.68455
7.725675
7.7727
7.9505
8.366825
8.6179
8.664325
8.700925
8.82465
8.92545
8.9286
9.1208
9.205125
9.324475
9.466225
9.624575
178
