0.293075
0.3788
0.411725
0.440075
0.450675
0.49405
0.495725
0.52025
0.5233
0.530875
0.540575
0.559175
0.5717
0.584825
0.604575
0.604775
0.60615
0.60625
0.61775
0.62135
0.6249
0.626025
0.632325
0.64675
0.647825
0.651125
0.697375
0.7009
0.70105
0.7035
0.7262
0.730275
0.74455
0.75465
0.765675
0.77005
0.831575
0.847725
0.8547
0.872075
0.90295
0.9554
0.9621
1.05605
1.064
1.11375
1.16995
1.2436
1.248125
1.258175
1.264025
1.31565
1.378875
1.384775
1.4136
1.435275
1.4506
1.470275
1.516425
1.59535
1.6138
1.632375
1.635075
1.716325
1.85095
1.860325
1.87505
1.95335
2.0206
2.1297
2.17645
2.25645
2.2905
2.31715
2.346625
2.413875
2.43045
2.44405
2.4504
2.4826
2.490325
2.6735
2.785475
2.8255
2.86495
2.873275
2.887325
3.117075
3.123025
3.20805
3.2258
3.2436
3.357275
3.51665
3.707275
3.780675
3.784775
3.84865
3.849625
3.853975
4.0399
4.14095
4.193875
4.251975
4.37345
4.3903
4.47715
4.56625
4.613875
4.6947
4.705025
4.714325
4.777325
4.9375
4.937775
4.972
4.992475
5.096275
5.2369
5.299625
5.4256
5.5541
5.58235
5.69515
5.696625
5.767825
5.838
5.9668
6.177575
6.1807
6.232325
6.36845
6.5693
6.66515
6.71935
6.834925
7.01415
7.441625
7.7292
7.746775
7.844175
7.887925
7.9403
7.952
7.95285
7.971025
8.137325
8.268625
8.364675
8.3957
8.47565
8.96705
8.99865
9.068325
9.0957
9.107075
9.147375
9.3396
9.5266
9.52715
9.5544
9.76815
9.89175
9.99695
164
