0.074725
0.076475
0.077675
0.15475
0.1603
0.432675
0.43695
0.4409
0.447075
0.4655
0.478625
0.486475
0.487025
0.491075
0.4966
0.4978
0.49905
0.5021
0.503025
0.503275
0.50575
0.52525
0.561925
0.574325
0.577325
0.59485
0.60055
0.6222
0.623725
0.644875
0.65245
0.684525
0.7087
0.7129
0.718475
0.724725
0.72505
0.7436
0.786625
0.8236
0.834875
0.834925
0.846775
0.855475
0.8564
0.85705
0.86485
0.86565
0.889725
0.89765
0.94915
0.952275
0.980975
0.991375
0.99975
1.003025
1.006625
1.0068
1.00865
1.02075
1.02365
1.028575
1.05635
1.08285
1.1355
1.140675
1.2755
1.2817
1.293375
1.294375
1.358725
1.386725
1.409525
1.414975
1.426875
1.46465
1.5463
1.553275
1.55635
1.728175
1.870725
1.90565
1.9842
2.02945
2.1063
2.10905
2.134175
2.145975
2.146725
2.169475
2.202775
2.22655
2.428475
2.43735
2.439875
2.51045
2.7702
2.786625
2.825325
2.8519
2.8759
3.378775
3.460875
3.480625
3.489525
3.4922
3.5326
3.7273
3.759675
3.9407
4.042025
4.14625
4.18575
4.23105
4.379975
4.4172
4.52385
4.666775
4.774275
4.899775
4.968875
5.05565
5.0826
5.189975
5.2758
5.3863
5.47435
5.5177
5.573975
5.644275
5.6959
5.724225
5.77045
5.949025
6.0363
6.24045
6.7393
6.882225
6.9105
7.16285
7.2561
7.300675
7.326
7.4754
7.5548
7.69585
7.97505
7.988625
8.270275
8.335225
8.39445
8.527075
8.57225
8.630675
8.63245
8.917575
9.0629
9.2189
9.456275
9.5336
9.621775
9.943675
9.983025
163
