0.0052
0.0138
0.0457
0.119425
0.3743
0.44945
0.452525
0.4582
0.46005
0.4793
0.4855
0.48895
0.4941
0.4978
0.515325
0.52795
0.533625
0.53805
0.557375
0.561725
0.564325
0.575975
0.5843
0.587525
0.608925
0.61215
0.620775
0.62385
0.635025
0.638725
0.64175
0.65775
0.66215
0.66885
0.7078
0.721725
0.725775
0.762425
0.797875
0.798575
0.803975
0.81265
0.8331
0.8392
0.852625
0.860025
0.8702
0.895025
0.89655
0.931725
0.9998
1.09015
1.174975
1.236575
1.265825
1.341375
1.343075
1.389525
1.39925
1.472725
1.4732
1.558625
1.586375
1.60135
1.61865
1.63645
1.6416
1.86385
1.870375
1.9108
1.9772
1.999775
2.0014
2.0726
2.1146
2.122475
2.159475
2.169325
2.176325
2.210325
2.219675
2.23525
2.396775
2.42035
2.45025
2.47895
2.480925
2.502375
2.5374
2.5496
2.8415
2.867975
2.915025
2.94515
2.95265
2.9689
3.2141
3.29185
3.4033
3.414175
3.4315
3.547075
3.5503
3.555825
3.599925
3.64265
3.6455
3.687375
3.8043
3.815675
3.899475
3.90725
3.932275
4.002175
4.085075
4.105475
4.14435
4.1944
4.236475
4.239525
4.25
4.55165
4.5556
4.76725
4.86925
4.92425
5.0028
5.06355
5.0805
5.08055
5.086325
5.17495
5.214525
5.273
5.621075
5.671775
5.708425
5.717175
5.82185
6.144625
6.184325
6.217775
6.2314
6.2589
6.45415
6.60875
6.6428
6.715325
6.7158
7.03565
7.046775
7.3012
7.435225
7.4361
7.828925
7.833475
7.88
7.9303
8.283875
8.3008
8.487
8.683125
8.70865
8.777475
8.917025
8.93425
9.037525
9.458275
9.75575
9.836925
9.8525
9.9346
9.970375
173
