0.0678
0.45835
0.461275
0.468875
0.4748
0.4892
0.495225
0.495725
0.501075
0.5197
0.526575
0.53205
0.55945
0.567175
0.61385
0.6249
0.632825
0.6391
0.6512
0.6525
0.7027
0.702725
0.7148
0.7162
0.723025
0.729
0.740625
0.760375
0.762475
0.78345
0.797475
0.80325
0.8059
0.8264
0.841625
0.8596
0.90805
0.95635
0.960775
0.996475
1.0113
1.035
1.05795
1.102175
1.130925
1.171725
1.17965
1.191325
1.191375
1.207175
1.2125
1.23505
1.2532
1.334475
1.425
1.4482
1.4661
1.473475
1.58135
1.60315
1.6354
1.725275
1.754425
1.7663
1.887975
1.88885
1.92215
2.045475
2.072875
2.119625
2.17335
2.261775
2.30965
2.3359
2.3593
2.380925
2.397225
2.559125
2.635525
2.76255
2.7848
2.81165
2.869525
2.921175
2.9646
2.98995
3.01345
3.2188
3.244175
3.2633
3.34775
3.3656
3.5833
3.697375
3.832275
3.968825
4.031525
4.042925
4.1083
4.130425
4.45265
4.521825
4.523625
4.53765
4.53825
4.595825
4.60205
4.635025
4.740675
4.8769
4.89135
4.894525
5.0652
5.12705
5.1318
5.1459
5.206225
5.230925
5.406525
5.4099
5.50545
5.74575
5.74735
5.82385
6.1027
6.13415
6.248325
6.59625
6.615875
6.616325
6.7271
6.944375
7.23875
7.26395
7.524775
7.6903
7.691825
7.726425
7.72655
7.80615
7.846475
7.97045
8.007625
8.01985
8.051525
8.0859
8.150575
8.16645
8.21795
8.3013
8.308475
8.330375
8.396125
8.5414
8.598525
8.625
8.72475
8.89075
9.3389
9.416025
9.7715
9.8481
9.901325
9.99075
164
