0.0282
0.136225
0.438675
0.458375
0.4617
0.48325
0.4907
0.499275
0.50605
0.5258
0.532775
0.5356
0.538675
0.540425
0.542825
0.545375
0.5535
0.568475
0.589
0.599525
0.6052
0.6059
0.605925
0.60645
0.608825
0.61285
0.62705
0.639625
0.652475
0.652575
0.663825
0.672725
0.67385
0.684325
0.688
0.69505
0.70955
0.720175
0.727625
0.738575
0.759525
0.771075
0.79265
0.80075
0.8223
0.871275
0.88005
0.885225
0.959525
0.9783
1.06895
1.0708
1.122975
1.12785
1.1439
1.18065
1.225475
1.229375
1.253175
1.3329
1.393525
1.396925
1.400875
1.419875
1.49565
1.54565
1.562025
1.5796
1.7438
1.75145
1.7742
1.808875
1.84195
1.8457
1.912575
1.969725
1.9955
2.0454
2.07685
2.103675
2.111875
2.1432
2.156775
2.192425
2.22
2.2679
2.5305
2.628375
2.76875
2.9963
3.130325
3.208875
3.219175
3.250325
3.266075
3.323875
3.40505
3.456925
3.473625
3.49845
3.506425
3.559525
3.569325
3.599575
3.6103
3.6886
3.7978
3.825525
3.977725
4.2349
4.301175
4.464375
4.484875
4.52675
4.711475
4.79385
4.90575
5.070075
5.083125
5.083375
5.14935
5.24775
5.39395
5.4057
5.454975
5.51595
5.528525
5.586725
5.68165
6.166425
6.198175
6.339275
6.379125
6.48035
6.514425
6.52475
6.631475
6.6915
6.69795
6.7122
6.75205
6.988275
7.03865
7.042975
7.21865
7.4558
7.634125
7.663275
7.838275
7.95085
7.99645
8.0209
8.268725
8.27345
8.2753
8.370275
8.370775
8.4029
8.4765
8.6934
8.791925
8.844025
8.906725
9.346775
9.497675
9.52535
9.734175
9.92535
168
