0.0588
0.1064
0.211875
0.237275
0.46695
0.4715
0.497775
0.4985
0.498925
0.504125
0.5114
0.5153
0.523675
0.5308
0.557775
0.56185
0.5802
0.596725
0.598
0.608675
0.625025
0.641325
0.6578
0.67075
0.6739
0.704125
0.71585
0.730875
0.74225
0.762725
0.7695
0.773575
0.8029
0.804425
0.83325
0.8394
0.86755
0.87345
0.896775
0.917725
0.92345
0.930175
0.934075
0.9891
0.9892
1.008525
1.01915
1.098525
1.099625
1.119425
1.20205
1.2086
1.21415
1.251775
1.2945
1.304525
1.3195
1.361925
1.37035
1.371625
1.4344
1.4757
1.489175
1.652075
1.791775
1.82265
1.830275
1.955675
2.072025
2.214875
2.29875
2.3585
2.395125
2.48785
2.630925
2.66745
2.994675
3.03165
3.245275
3.328575
3.395625
3.430825
3.443725
3.44935
3.45405
3.5558
3.564125
3.5717
3.6064
3.6364
3.64275
3.717575
3.802125
3.8076
3.8342
3.8518
3.965525
4.0143
4.188825
4.2787
4.2902
4.3256
4.3305
4.33575
4.342825
4.3535
4.36135
4.394475
4.6481
4.926625
4.933425
4.94245
4.98115
5.157975
5.1709
5.225025
5.401675
5.407875
5.4863
5.493
5.573175
5.5735
5.774075
5.889
5.897975
5.973825
6.07185
6.152375
6.18135
6.200075
6.206425
6.278275
6.366075
6.3809
6.5969
6.77685
6.822625
6.96915
7.06015
7.0823
7.3911
7.422125
7.423275
7.528275
7.60535
7.62575
7.71375
7.885075
8.086025
8.1196
8.2867
8.3669
8.40465
8.4829
8.623175
8.643625
8.91225
8.9177
9.040375
9.129925
9.24355
9.260375
9.38455
9.69905
9.83615
165
