0.08205
0.103775
0.252275
0.41785
0.483
0.5054
0.5275
0.5389
0.54805
0.554575
0.5686
0.572275
0.57655
0.580325
0.60145
0.608575
0.608925
0.6181
0.6693
0.682275
0.701
0.707075
0.717875
0.72065
0.72135
0.739175
0.7439
0.7914
0.801975
0.834975
0.862425
0.869675
0.880825
0.88555
0.89165
0.9086
0.962975
0.9993
1.05415
1.05865
1.067
1.100125
1.112525
1.124175
1.1629
1.18195
1.188825
1.20925
1.24065
1.295825
1.330975
1.339425
1.34835
1.35245
1.385
1.40225
1.4088
1.41505
1.43285
1.471225
1.475475
1.52285
1.524825
1.6574
1.70915
1.749325
1.759
1.762775
1.774025
1.9119
1.914275
1.9938
2.0177
2.036475
2.04785
2.1689
2.2207
2.254525
2.3942
2.40745
2.481525
2.48175
2.5442
2.564875
2.5731
2.6067
2.60715
2.673425
2.845575
2.89045
2.991825
3.014075
3.026575
3.18985
3.26475
3.283775
3.357825
3.389375
3.4253
3.4639
3.65315
3.751725
3.8362
3.853875
3.93745
3.985975
4.273525
4.273975
4.3526
4.377075
4.413425
4.417625
4.424075
4.52685
4.614375
4.647625
4.769975
4.824675
4.906275
4.9705
4.99955
5.30715
5.3363
5.361175
5.4613
5.59325
5.646525
6.0207
6.0233
6.4954
6.55345
6.5716
6.63135
6.640675
6.76075
6.87585
7.041375
7.2645
7.3328
7.389525
7.575725
7.62615
7.7252
7.7739
7.9376
7.976875
8.04775
8.5421
8.574225
8.5928
8.630975
8.8688
8.89645
8.9069
8.94975
9.060875
9.099475
9.217975
9.370925
9.537
9.68075
9.7306
9.78355
9.7889
9.8256
9.860225
9.943175
167
