0.201375
0.32755
0.4159
0.439725
0.452375
0.5121
0.512925
0.523775
0.52865
0.533975
0.538
0.54705
0.548525
0.581475
0.58495
0.6106
0.613275
0.614875
0.63415
0.638725
0.6598
0.667375
0.6674
0.670225
0.691075
0.6959
0.720325
0.72125
0.728425
0.739125
0.749175
0.759125
0.787275
0.8125
0.837475
0.844325
0.849425
0.8507
0.851875
0.8522
0.855925
0.865075
0.870225
0.886075
0.897225
0.9063
0.921325
0.9234
0.931175
0.9814
1.010575
1.02225
1.0352
1.04475
1.080475
1.0875
1.0989
1.12
1.1978
1.1979
1.2088
1.210325
1.317825
1.325025
1.335375
1.3497
1.349925
1.3621
1.42395
1.520075
1.59235
1.601575
1.612125
1.644675
1.70375
1.846875
1.8909
1.892075
1.92095
1.995175
2.042825
2.0969
2.1271
2.1708
2.36215
2.3867
2.445875
2.465225
2.56985
2.593975
2.68085
2.685625
2.702725
2.772725
2.90345
2.9748
2.98335
3.043475
3.133725
3.29315
3.336325
3.350225
3.381525
3.3827
3.421675
3.445175
3.471
3.4927
3.54675
3.680175
3.879575
3.90065
4.0422
4.22045
4.249175
4.29625
4.6182
4.635575
4.680425
4.882875
4.925875
4.9571
5.0143
5.029825
5.04765
5.090675
5.104725
5.17865
5.233075
5.454325
5.485475
5.7
5.701
5.827425
5.9244
6.005525
6.07405
6.08355
6.29505
6.319125
6.349025
6.425
6.46935
6.650775
6.734975
6.793825
7.102375
7.14295
7.29605
7.3673
7.4755
7.5289
7.7877
7.877375
7.893425
7.9767
8.03915
8.0819
8.385175
8.4094
8.4866
8.626375
8.647925
8.761825
9.03615
9.083425
9.185175
9.33805
9.5824
9.648975
9.649425
9.751425
172
