0.2325
0.324025
0.427
0.43205
0.4532
0.47955
0.5299
0.53645
0.539575
0.5802
0.604775
0.611775
0.622525
0.625
0.6383
0.653425
0.656625
0.657475
0.694075
0.718325
0.72105
0.761175
0.7686
0.76965
0.77685
0.79685
0.8385
0.85015
0.888575
0.890775
0.892825
0.9219
0.943225
0.950275
0.958425
0.9747
0.977475
1.004975
1.0424
1.062925
1.0782
1.106625
1.120075
1.131225
1.16575
1.22045
1.226925
1.257125
1.293325
1.296725
1.30625
1.307525
1.323075
1.330725
1.3589
1.361725
1.407575
1.41415
1.429875
1.464875
1.4793
1.49865
1.505
1.525125
1.52555
1.62965
1.82085
1.999425
2.024525
2.0554
2.1267
2.1278
2.19855
2.246125
2.263275
2.4721
2.517625
2.574225
2.59855
2.738225
2.8203
2.84275
2.856075
2.8618
2.9236
2.96735
2.9935
3.080525
3.27865
3.2983
3.421125
3.485425
3.539825
3.646525
3.69805
3.7654
3.784175
3.85205
3.8788
3.9988
4.168275
4.21985
4.2757
4.312675
4.340125
4.3977
4.559475
4.71915
5.06705
5.2795
5.420125
5.473175
5.4844
5.573425
5.57835
5.59605
5.59995
5.791975
6.114225
6.171175
6.228725
6.333775
6.413025
6.4674
6.4787
6.652625
6.875025
6.936325
7.1609
7.161075
7.188
7.375425
7.429575
8.06705
8.175825
8.2976
8.310575
8.327975
8.443175
8.52785
8.5519
8.648425
8.853075
8.8912
8.951725
8.9998
9.054625
9.148075
9.173225
9.20115
9.210325
9.44875
9.606975
9.633325
9.77905
155
