0.2535
0.32965
0.4002
0.400775
0.41865
0.427325
0.4705
0.47585
0.47825
0.49505
0.49525
0.5082
0.5313
0.541775
0.553025
0.55545
0.559
0.577425
0.58265
0.5894
0.64685
0.6566
0.657225
0.6589
0.664175
0.667325
0.667475
0.67005
0.6727
0.6859
0.690075
0.699425
0.712075
0.721
0.731025
0.7371
0.738325
0.769875
0.7707
0.847975
0.883375
0.902575
0.938175
1.044925
1.1104
1.11615
1.15965
1.16165
1.1983
1.219075
1.25145
1.259125
1.337675
1.38715
1.42005
1.42205
1.4342
1.44245
1.4549
1.668375
1.719775
1.738875
1.761525
1.77755
1.88715
1.8909
1.924475
1.92505
1.929775
2.052825
2.060075
2.062825
2.06355
2.1371
2.17085
2.22115
2.260175
2.310525
2.318175
2.33605
2.346975
2.388875
2.486425
2.529525
2.657375
2.692125
2.748575
2.819625
2.901625
3.03665
3.172425
3.32385
3.33255
3.3768
3.42605
3.701425
3.71755
3.732075
3.768725
3.9281
4.049275
4.220975
4.293775
4.299925
4.34885
4.37925
4.486425
4.623825
4.6267
4.6959
4.706075
4.855175
4.872825
4.9787
5.0506
5.1512
5.20295
5.27695
5.292075
5.359825
5.54505
5.5966
5.632775
5.65645
5.65895
5.70165
5.854625
5.870375
6.33895
6.6486
6.759175
6.76625
6.78965
6.8086
7.0232
7.041475
7.11925
7.33415
7.36635
7.589925
7.59195
7.635525
7.7641
7.89075
8.205725
8.2262
8.235375
8.240625
8.317675
8.4225
8.446825
8.533125
8.58155
8.807275
8.814675
8.831775
8.94585
9.41825
9.58035
9.5818
9.668075
9.780825
162
