0.093025
0.116525
0.256625
0.434625
0.448825
0.499475
0.5054
0.507325
0.518775
0.53185
0.5452
0.549625
0.55995
0.56265
0.581225
0.582425
0.591075
0.599425
0.60595
0.609125
0.625125
0.6291
0.643425
0.647725
0.6665
0.66885
0.6697
0.67165
0.684375
0.685525
0.687325
0.743075
0.743825
0.744525
0.760825
0.761475
0.763825
0.7703
0.7791
0.7846
0.78985
0.79045
0.811875
0.81825
0.84425
0.84985
0.852225
0.854325
0.8573
0.8672
0.881275
0.929275
0.969075
0.969675
0.976725
1.01225
1.07435
1.132575
1.18295
1.23125
1.248825
1.264575
1.35725
1.365875
1.39815
1.438275
1.4383
1.513575
1.516475
1.5649
1.6014
1.6854
1.73105
1.759475
1.863575
1.905975
1.9166
1.9265
1.930075
1.935825
1.95885
1.97415
2.030475
2.072375
2.09695
2.13825
2.3336
2.38075
2.40525
2.4785
2.4902
2.5195
2.52275
2.523
2.5544
2.583925
2.624
2.62465
2.8542
3.1956
3.25935
3.264075
3.38055
3.427175
3.626525
3.637
3.66115
3.704225
3.72525
3.73125
3.8608
3.908925
3.980775
4.00615
4.006375
4.059325
4.10885
4.120875
4.167075
4.251425
4.299075
4.393125
5.04395
5.04995
5.142375
5.25065
5.299175
5.323825
5.371375
5.39855
5.469325
5.58195
5.68545
5.758475
5.99915
6.043075
6.068725
6.166875
6.27855
6.29595
6.316425
6.370725
6.859925
6.945725
7.113975
7.5456
7.63085
7.794575
7.951725
7.9901
8.112375
8.2463
8.4373
8.469175
8.621375
8.971825
9.1516
9.157175
9.401175
9.43285
9.680675
9.834075
9.85465
163
