0.22105
0.231475
0.354825
0.455475
0.4827
0.48875
0.4919
0.494575
0.502325
0.52185
0.535275
0.54265
0.54815
0.548725
0.56065
0.56165
0.56555
0.56675
0.583225
0.592625
0.60115
0.602325
0.61025
0.613525
0.6153
0.619425
0.62115
0.623725
0.635575
0.637925
0.652275
0.678475
0.6814
0.69255
0.694475
0.7048
0.7066
0.736225
0.746275
0.760675
0.776625
0.794425
0.81305
0.817425
0.845725
0.846125
0.85355
0.85835
0.897525
0.904125
0.912925
0.9197
0.921775
0.931575
0.943375
0.9599
0.991125
1.001975
1.027725
1.03595
1.038
1.044175
1.081975
1.1226
1.20605
1.21465
1.237925
1.265925
1.27345
1.325175
1.325925
1.38625
1.394275
1.4247
1.43865
1.596675
1.6045
1.61055
1.630075
1.63065
1.764925
1.8151
1.881675
1.908475
1.90855
1.918175
1.9606
1.965825
1.993425
2.15365
2.164475
2.297825
2.3062
2.354725
2.492175
2.503675
2.599825
2.60415
2.634
2.6581
2.775275
2.79365
2.811425
2.859175
2.987525
3.053675
3.353425
3.36935
3.485175
3.644875
3.661425
3.733875
3.7697
3.818025
3.864325
4.156875
4.26805
4.4797
4.5452
4.574175
4.6321
4.6376
4.703475
4.851925
4.8591
4.86455
4.9046
5.07935
5.328675
5.496525
5.6543
5.697575
5.73705
5.816025
5.949775
6.11095
6.235975
6.273475
6.3475
6.568825
6.664825
6.848875
7.0164
7.115475
7.26835
7.34115
7.59125
7.77745
7.851925
7.921125
7.9401
7.957075
8.142975
8.18325
8.30415
8.611725
8.76855
8.86955
9.353375
9.37455
9.446825
9.55585
9.7842
9.790775
9.855925
9.950025
166
