0.06955
0.1383
0.150425
0.248075
0.3824
0.433775
0.438
0.438125
0.457975
0.463325
0.49395
0.49645
0.496575
0.50295
0.53555
0.5411
0.5419
0.5465
0.5619
0.56255
0.571575
0.572375
0.5788
0.5879
0.613925
0.615175
0.616975
0.6185
0.622375
0.627
0.634225
0.6592
0.660825
0.66295
0.66965
0.67435
0.683975
0.694125
0.72135
0.723725
0.73845
0.739975
0.743225
0.75565
0.78495
0.804025
0.81325
0.83615
0.843225
0.845475
0.853175
0.90825
0.915575
0.9243
0.94995
0.9564
0.99575
1.010675
1.024475
1.0901
1.091125
1.095675
1.23125
1.250425
1.314
1.3287
1.4096
1.411025
1.418
1.4428
1.461975
1.47575
1.47835
1.4808
1.49915
1.512225
1.55465
1.572925
1.631175
1.638625
1.69925
1.7272
1.770925
1.77185
1.84605
1.90425
1.921125
1.933225
1.9654
2.186725
2.203225
2.207275
2.2268
2.2407
2.31875
2.329225
2.503325
2.59165
2.634775
2.7129
2.89995
2.934275
2.992675
2.998825
3.040925
3.054025
3.095625
3.109775
3.1507
3.193175
3.21455
3.340675
3.3758
3.394725
3.630175
3.713925
3.79995
4.074325
4.08035
4.172225
4.3894
4.408925
4.5213
4.5431
4.562875
4.5968
4.7117
4.962225
4.982425
5.043025
5.214975
5.227375
5.260225
5.46655
5.4993
5.763175
5.7955
5.930725
6.160575
6.167825
6.1927
6.341825
6.4113
6.592025
6.600375
6.718
6.76585
6.9081
7.150025
7.1676
7.3546
7.5061
7.5284
7.85665
7.92505
8.16965
8.224275
8.30865
8.38335
8.899325
9.41135
9.570575
9.679675
9.8059
164
