0.16215
0.206225
0.265925
0.4025
0.4515
0.45215
0.458
0.475525
0.4899
0.5088
0.513625
0.521925
0.528175
0.530275
0.537525
0.544175
0.544625
0.56225
0.56545
0.5668
0.578725
0.593375
0.602925
0.6207
0.6346
0.658425
0.659675
0.673925
0.675075
0.6786
0.68285
0.70685
0.743975
0.75965
0.77895
0.7791
0.782025
0.817
0.821475
0.824
0.836575
0.8379
0.850575
0.859525
0.866375
0.8689
0.875075
0.89845
0.903675
0.9105
0.958
0.990375
0.9922
1.0092
1.041525
1.0655
1.07125
1.076
1.080825
1.08305
1.0879
1.096775
1.104725
1.126475
1.1644
1.189625
1.21795
1.219175
1.253625
1.266575
1.268725
1.3936
1.4765
1.485475
1.490975
1.493725
1.5204
1.597325
1.606325
1.62835
1.630325
1.673175
1.70315
1.722575
1.797025
1.831875
1.836775
1.84765
1.861375
2.139975
2.173375
2.300475
2.3293
2.358525
2.39665
2.53025
2.556525
2.600425
2.6052
2.759925
2.760175
2.7899
2.80045
3.0056
3.044975
3.126
3.15
3.2114
3.2167
3.27055
3.353825
3.36835
3.375825
3.410425
3.4544
3.47835
3.4995
3.5011
3.525175
3.53985
3.565
3.634225
3.63515
3.7682
3.914925
3.99795
4.11505
4.17235
4.172525
4.331075
4.4003
4.454125
4.6811
4.71405
4.92205
4.969475
5.002825
5.03995
5.091625
5.099025
5.112275
5.1345
5.223775
5.519825
5.541375
5.70055
5.7077
5.819375
6.2906
6.3139
6.33785
6.345325
6.436025
6.519775
6.651
7.08485
7.199925
7.3282
7.5107
7.563075
7.611025
7.665675
7.8771
8.12145
8.230475
8.286725
8.340125
8.356675
8.438375
8.4615
8.665675
8.7269
8.741275
8.743325
8.743425
8.753825
8.779875
8.84005
8.8551
8.91965
9.09835
9.147275
9.29
9.330475
9.63945
9.84225
186
