0.071125
0.187425
0.320675
0.3659
0.4159
0.458925
0.4615
0.50335
0.504625
0.524675
0.53925
0.551875
0.5669
0.568525
0.6071
0.6084
0.612275
0.616175
0.62205
0.629025
0.63665
0.670825
0.672375
0.677975
0.701525
0.720625
0.745475
0.7507
0.759875
0.7661
0.76825
0.82775
0.8311
0.8485
0.8498
0.876225
0.88305
0.89595
0.925675
0.93555
0.944275
0.96695
0.98775
1.0711
1.10335
1.1065
1.123725
1.143
1.19715
1.2032
1.22365
1.255025
1.26295
1.300675
1.33695
1.339575
1.343825
1.385075
1.389975
1.496625
1.5124
1.586375
1.6617
1.719475
1.768575
1.7762
1.9396
2.034275
2.16715
2.1782
2.207775
2.3043
2.316525
2.321675
2.45665
2.54235
2.63965
2.709975
2.725325
2.75145
2.8564
2.880875
2.883375
2.922375
2.930875
2.9789
3.09065
3.15275
3.332175
3.367875
3.4404
3.472425
3.511025
3.61405
3.705025
3.82535
3.865175
4.114625
4.20965
4.2405
4.320875
4.332375
4.405475
4.5375
4.61345
4.69055
4.874725
4.93525
4.957625
5.001375
5.107125
5.2633
5.82095
5.8743
6.0117
6.1612
6.168925
6.182675
6.3976
6.430775
6.471525
6.86805
6.9581
6.99735
7.097925
7.35315
7.413375
7.7754
7.821375
7.853625
7.941975
7.943825
7.96725
8.04785
8.060875
8.106475
8.2771
8.29965
8.82105
8.826225
8.8334
8.936425
9.16325
9.175225
9.19145
9.215075
9.3224
9.6054
9.6427
149
