0.088
0.441025
0.445375
0.482425
0.4957
0.4966
0.497525
0.502375
0.50245
0.52505
0.530975
0.5411
0.54405
0.546525
0.56715
0.586525
0.59385
0.594075
0.6014
0.6184
0.645825
0.6895
0.694975
0.729225
0.7307
0.73785
0.73805
0.74675
0.783475
0.792275
0.80645
0.834425
0.8388
0.8668
0.8678
0.873425
0.878975
0.895475
0.927575
0.951
0.9689
0.9974
1.00405
1.0142
1.01665
1.06445
1.08585
1.094025
1.1271
1.1484
1.157325
1.194725
1.2235
1.2347
1.239575
1.24535
1.24795
1.254275
1.294375
1.30065
1.304825
1.3307
1.363375
1.3864
1.455325
1.4919
1.63155
1.646625
1.680475
1.791275
1.904475
1.936825
1.954825
1.9718
1.972775
2.0311
2.143
2.18035
2.24215
2.267825
2.29455
2.32505
2.345875
2.52215
2.523
2.618675
2.6702
2.7429
2.78255
2.818025
2.849875
2.94755
3.008675
3.0224
3.09455
3.12385
3.303825
3.517575
3.52525
3.5831
3.585975
3.601975
3.732125
3.9278
4.129725
4.155375
4.169175
4.370075
4.55455
4.653475
4.777875
4.822525
5.063925
5.284025
5.3362
5.4293
5.45475
5.685825
5.7575
5.84765
5.910025
6.048825
6.0645
6.1039
6.116225
6.284775
6.56185
6.5705
6.693825
6.7588
6.86125
6.93065
6.93485
6.974175
7.029525
7.050725
7.07145
7.351125
7.384425
7.66665
7.699675
7.701425
7.756725
7.860725
7.880775
8.091875
8.101575
8.1694
8.171
8.1905
8.192775
8.60075
8.724875
8.78885
8.990875
9.1101
9.170925
9.2442
9.386575
9.47015
9.544825
9.56985
9.63865
9.70985
9.953875
165
