0.00015
0.012025
0.053675
0.2254
0.414775
0.41965
0.420125
0.429025
0.45215
0.477725
0.4919
0.5041
0.505325
0.525675
0.5288
0.533575
0.564325
0.57545
0.57875
0.5813
0.588225
0.591025
0.5912
0.617875
0.637775
0.6449
0.690725
0.723975
0.73145
0.741375
0.768525
0.787725
0.80355
0.819675
0.83355
0.8829
0.8873
0.893075
0.90995
0.940975
0.975475
0.9787
0.979375
0.9796
0.98845
0.99415
0.9949
1.002975
1.0437
1.0444
1.052425
1.09165
1.107725
1.13025
1.136575
1.21155
1.335075
1.3737
1.40125
1.4208
1.424675
1.464925
1.5317
1.585575
1.6579
1.7513
1.765675
1.798475
1.861125
1.9301
1.94545
1.97195
2.06935
2.07315
2.19705
2.23155
2.24465
2.253425
2.342725
2.34555
2.39475
2.51145
2.54095
2.636925
2.65415
2.686675
2.8008
2.80185
2.856725
2.92375
2.94995
3.031125
3.04455
3.0521
3.06995
3.098
3.1421
3.20205
3.20765
3.261975
3.3046
3.373
3.47295
3.53505
3.587675
3.653225
3.807075
3.966975
4.13975
4.151125
4.163
4.370375
4.39855
4.44515
4.451425
4.536375
4.76435
4.9496
5.103575
5.151075
5.161175
5.228025
5.289175
5.29925
5.4281
5.432025
5.48425
5.522125
5.580175
5.58955
5.597675
5.6455
5.711
5.721375
5.786875
5.8623
6.02935
6.73205
6.74315
6.9913
7.069175
7.069275
7.07045
7.1607
7.311325
7.337625
7.63175
7.689425
7.692075
7.71595
7.85985
7.9441
7.9913
8.118575
8.284625
8.3211
8.3356
8.4099
8.4811
8.587975
8.832175
8.9706
8.994525
9.05675
9.1904
9.3562
9.4412
9.44665
9.523275
9.54085
9.621
9.630425
9.746075
173
