0.219375
0.272525
0.31445
0.416875
0.48075
0.489025
0.505625
0.51715
0.587175
0.5968
0.630125
0.662
0.66375
0.6959
0.714875
0.757075
0.78555
0.80055
0.8076
0.838025
0.847425
0.85445
0.855375
0.860525
0.883825
0.945125
0.9523
0.97775
1.01505
1.029475
1.048975
1.0538
1.0566
1.08205
1.129525
1.178675
1.1952
1.26355
1.3013
1.338375
1.34795
1.3606
1.436225
1.47825
1.481375
1.51125
1.5124
1.51895
1.590675
1.6169
1.665925
1.67025
1.7573
1.775675
1.805325
1.9341
1.9483
1.968425
2.037375
2.0398
2.362725
2.47455
2.5143
2.5208
2.5264
2.53865
2.539725
2.612825
2.6216
2.769375
2.88655
3.0742
3.086025
3.091225
3.174925
3.2021
3.223675
3.319625
3.348975
3.429825
3.466225
3.525725
3.59755
3.617825
3.69205
3.7977
3.87745
3.900925
3.955125
4.06625
4.106175
4.12905
4.166125
4.24755
4.258575
4.262525
4.536175
4.60535
4.615175
4.64335
4.64495
4.649425
4.7316
4.8386
5.072625
5.0829
5.117275
5.190625
5.353675
5.54725
5.615325
5.6234
5.7435
5.766475
5.963875
6.150925
6.207625
6.24875
6.408025
6.77405
6.9369
7.080825
7.24045
7.279175
7.3791
7.4097
7.751025
7.809475
7.95205
8.2595
8.354025
8.37315
8.4982
8.58275
8.699025
8.850525
9.05315
9.226225
9.2546
9.37595
9.3948
9.45755
9.5089
9.567475
9.65045
9.65125
9.7205
9.977075
148
