0.02355
0.496675
0.502025
0.513675
0.5164
0.521675
0.526275
0.542625
0.551675
0.558
0.56025
0.577025
0.6074
0.616425
0.6202
0.6305
0.6423
0.646725
0.659975
0.677275
0.685375
0.688725
0.697625
0.703125
0.721575
0.7229
0.723775
0.72645
0.736725
0.747125
0.76475
0.77485
0.785525
0.799825
0.8402
0.851
0.86025
0.868225
0.871375
0.878025
0.8821
0.907075
0.911475
0.931325
0.93615
0.938825
0.945775
1.00985
1.10505
1.15585
1.262425
1.271975
1.28785
1.29125
1.3417
1.363075
1.421375
1.4265
1.431575
1.5256
1.613275
1.63855
1.6469
1.65965
1.74005
1.757475
1.811925
1.846675
1.8719
1.893825
1.9729
2.007375
2.014075
2.037075
2.167525
2.185075
2.193275
2.211775
2.25645
2.299775
2.319225
2.4631
2.5887
2.601975
2.6762
2.683575
2.772375
2.7735
2.77545
2.778275
2.835975
2.89115
2.9314
3.1057
3.117775
3.261425
3.2828
3.45925
3.495875
3.693
3.8356
3.837525
3.8611
3.966975
3.96935
3.977425
4.046875
4.128225
4.426425
4.430525
4.43645
4.505525
4.57895
4.61305
4.6248
4.682125
4.820875
5.01135
5.04115
5.08995
5.333
5.634825
5.6795
5.907425
5.976375
6.0156
6.0671
6.167075
6.215975
6.2401
6.3162
6.32385
6.339475
6.507025
6.6322
6.714025
6.881875
6.9906
7.054425
7.1
7.509325
7.6208
7.70995
7.954925
7.95995
8.004075
8.02855
8.153475
8.192775
8.2436
8.3237
8.532575
8.622875
8.68645
8.710175
8.86425
8.8758
9.155575
9.28825
9.483225
9.93015
9.9991
162
