0.0236
0.057525
0.110425
0.4057
0.449275
0.452525
0.477225
0.516975
0.51855
0.537825
0.557475
0.56045
0.5748
0.598275
0.6374
0.648225
0.64865
0.6488
0.65065
0.662275
0.6924
0.70625
0.71335
0.7432
0.757075
0.7599
0.8518
0.87935
0.9007
0.9142
0.96655
0.979925
0.986425
1.04745
1.05605
1.0868
1.121975
1.127325
1.150175
1.16425
1.186375
1.195875
1.21225
1.216275
1.244325
1.251275
1.268575
1.2698
1.390025
1.4068
1.444925
1.48485
1.495425
1.505025
1.68195
1.729075
1.77875
1.823625
1.8713
1.923475
1.962725
2.03405
2.08605
2.08615
2.087625
2.2711
2.2884
2.3021
2.476825
2.536275
2.642525
2.693875
2.757075
2.837875
2.873425
2.95985
2.97345
3.066
3.146025
3.17455
3.32325
3.37255
3.404575
3.4387
3.43905
3.484675
3.595525
3.772125
3.8021
3.8408
3.880525
3.921275
4.0526
4.329275
4.56195
4.582525
4.6939
4.70115
4.783775
4.7942
4.8282
4.8359
4.9262
5.0881
5.11195
5.132925
5.167525
5.3124
5.4944
5.54225
5.611875
5.64815
5.75915
5.807825
5.97145
5.9981
6.041225
6.0502
6.15955
6.2584
6.4619
6.587325
6.7376
6.753775
7.069075
7.278025
7.52885
7.531975
7.53265
7.56735
7.6964
7.863825
7.987725
8.043225
8.233425
8.234025
8.347125
8.5003
8.558
8.56205
8.666
8.727225
8.7273
8.77225
9.01345
9.222525
9.32445
9.51795
9.545175
9.811425
9.885225
9.964775
152
