0.172775
0.254975
0.474925
0.50165
0.505
0.514425
0.517575
0.529525
0.535375
0.53825
0.54215
0.54285
0.551775
0.553175
0.5693
0.572425
0.59825
0.598775
0.601725
0.604575
0.606575
0.621325
0.62645
0.651675
0.669625
0.675325
0.687025
0.711775
0.71425
0.755075
0.762425
0.7634
0.77515
0.787075
0.7979
0.806075
0.8075
0.808675
0.843225
0.8544
0.86255
0.8742
0.917225
0.918875
0.9434
0.953675
0.957875
0.96805
0.97185
0.975675
0.986875
0.992325
1.00095
1.007375
1.0191
1.0321
1.049725
1.0858
1.09705
1.098625
1.1053
1.118075
1.12165
1.15565
1.189175
1.193325
1.20205
1.2237
1.228675
1.23005
1.2932
1.328975
1.37505
1.421925
1.425375
1.432275
1.449475
1.453625
1.467975
1.5462
1.550925
1.615625
1.7441
1.81395
1.825375
1.844725
1.8622
1.887575
1.9742
2.0219
2.0853
2.108475
2.1095
2.211875
2.2667
2.307325
2.318125
2.3497
2.362225
2.372275
2.47545
2.67215
2.6847
2.725825
2.792525
2.8773
2.900175
2.9099
2.935175
2.966975
3.046075
3.143425
3.229
3.288425
3.366125
3.393225
3.421525
3.440425
3.47035
3.546025
3.558025
3.5655
3.62335
3.625
3.678075
3.761575
3.80305
3.86015
3.90965
3.9997
4.017975
4.055225
4.073625
4.078425
4.17505
4.3278
4.62285
4.72575
4.7645
4.7797
4.791525
4.8331
4.8605
4.87825
4.90765
4.946625
4.973
5.0152
5.0594
5.21695
5.23125
5.411475
5.90455
5.977925
6.32685
6.439375
6.49635
6.609775
6.744225
6.977325
7.14665
7.24005
7.256225
7.2602
7.308625
7.348425
7.37175
7.42785
7.637225
7.97075
7.9871
8.22245
8.24605
8.290125
8.35855
8.378025
8.6078
8.6283
9.138925
9.420275
9.532325
9.62685
9.9261
9.9276
184
