0.246925
0.33335
0.382675
0.41495
0.469325
0.481
0.494375
0.506625
0.507475
0.5129
0.518575
0.524375
0.52845
0.5648
0.576675
0.592425
0.6329
0.636375
0.63675
0.66645
0.6692
0.676425
0.693225
0.69495
0.696725
0.7022
0.730675
0.7538
0.7602
0.781625
0.7912
0.797575
0.80035
0.805875
0.865025
0.88415
0.8847
0.9284
0.9472
0.9478
0.971475
1.0454
1.069375
1.085175
1.094675
1.1077
1.109125
1.232
1.272375
1.4113
1.43665
1.480375
1.5325
1.58515
1.599575
1.6177
1.623975
1.62995
1.63585
1.6773
1.80645
1.9303
2.100825
2.1289
2.193
2.238475
2.314525
2.324525
2.36125
2.483075
2.524075
2.54125
2.565925
2.59635
2.64155
2.788075
2.862175
3.3188
3.457575
3.473475
3.8732
3.916075
4.012275
4.034525
4.05145
4.152975
4.386375
4.421875
4.50295
4.549675
4.5859
4.628575
4.698625
4.9079
4.919375
4.9555
4.98675
5.02395
5.037
5.111225
5.207325
5.265475
5.273725
5.30545
5.3921
5.40415
5.521275
5.670175
5.715075
5.716475
5.7887
6.18245
6.267075
6.320575
6.323125
6.333675
6.42845
6.501675
6.54725
6.61335
6.70845
6.925175
6.937925
6.943475
7.071775
7.078725
7.21855
7.2851
7.421475
7.5257
7.58825
7.707975
7.85815
7.86405
7.878175
8.022125
8.161475
8.165625
8.41075
8.43395
8.632875
8.899025
8.924425
9.242325
9.2991
9.50975
9.699925
147
