0.084325
0.093425
0.35935
0.40465
0.4723
0.4804
0.486
0.49225
0.5032
0.50385
0.5077
0.52425
0.527175
0.527725
0.5639
0.56695
0.571975
0.578125
0.582375
0.583625
0.585775
0.60375
0.60945
0.6138
0.627175
0.63245
0.6491
0.6938
0.7268
0.74245
0.757825
0.7764
0.77725
0.78865
0.82805
0.8616
0.89255
0.913225
0.9646
0.9836
1.018225
1.022225
1.0485
1.06445
1.07585
1.106925
1.123875
1.1267
1.166625
1.17185
1.228275
1.229975
1.233125
1.2577
1.2731
1.282025
1.3072
1.316225
1.376275
1.381625
1.5892
1.600525
1.605275
1.607325
1.662425
1.69545
1.814475
1.83045
1.8515
1.871925
1.8743
1.920925
1.9773
2.03785
2.10215
2.210525
2.223175
2.388825
2.401325
2.409025
2.5635
2.62115
2.6861
2.6884
2.847725
2.8775
3.166525
3.182325
3.2079
3.433925
3.449725
3.510025
3.529075
3.673575
3.7136
3.7373
3.8416
3.9455
4.05
4.1406
4.164225
4.26515
4.498925
4.519275
4.5772
4.619025
4.621425
4.773825
4.9391
4.989925
5.109925
5.24615
5.282625
5.377675
5.543125
5.5542
5.583925
5.776325
6.0088
6.048575
6.1613
6.224675
6.3431
6.43175
6.5352
6.5532
6.5595
6.76705
6.9181
6.941075
6.98815
7.266575
7.28355
7.5224
7.7207
7.79905
7.88105
7.95245
8.059125
8.251175
8.602875
8.674
8.988225
9.111625
9.129125
9.19505
9.315075
9.36905
9.416725
9.4195
9.686275
9.720425
9.7861
9.832775
154
