0.431925
0.456425
0.482175
0.48705
0.487575
0.491925
0.49375
0.50515
0.507075
0.5095
0.511075
0.534275
0.554175
0.558025
0.5679
0.592775
0.608475
0.61785
0.62535
0.6294
0.6312
0.634425
0.6434
0.648075
0.657175
0.6605
0.66535
0.683075
0.6926
0.700475
0.712625
0.71435
0.71925
0.732025
0.74115
0.7453
0.761975
0.794675
0.7968
0.815675
0.880025
0.8851
0.8987
0.9308
0.945875
0.95575
0.993225
1.044025
1.04615
1.067075
1.0671
1.095375
1.121925
1.149975
1.218975
1.235375
1.381275
1.38885
1.4558
1.46695
1.4944
1.538075
1.5472
1.638275
1.647875
1.670325
1.679525
1.679625
1.6837
1.853075
1.868025
1.94225
1.94975
2.00485
2.023
2.103125
2.2634
2.26525
2.305475
2.478375
2.6609
2.6639
2.88505
2.90555
2.92165
2.9423
3.093825
3.150625
3.1542
3.198375
3.213875
3.279475
3.2876
3.291025
3.3473
3.3686
3.4501
3.561575
3.6062
3.682675
3.701475
3.716575
3.7292
3.776025
3.808925
3.820625
3.994875
3.9949
4.054675
4.2248
4.2905
4.296975
4.3454
4.378675
4.456725
4.510075
4.6424
4.643425
4.668325
4.758075
5.240025
5.292075
5.32145
5.321475
5.45565
5.4847
5.50795
5.56385
5.75665
5.8964
5.935975
5.983675
6.196325
6.245875
6.28395
6.284475
6.376975
6.486225
6.621075
6.81465
6.827075
6.836525
6.87435
7.05715
7.4951
7.704775
7.76675
7.782575
7.82235
7.89865
7.99025
8.057325
8.107775
8.29905
8.3314
8.366375
8.447025
8.488875
8.830375
8.866025
9.361175
9.4105
9.535275
9.553775
9.662725
9.84775
9.8735
9.94415
168
