0.15315
0.36715
0.46755
0.474325
0.47495
0.47665
0.4888
0.492625
0.498225
0.502825
0.5068
0.5137
0.525525
0.53065
0.53385
0.53835
0.550325
0.567425
0.569175
0.59005
0.591925
0.612625
0.6432
0.659275
0.667575
0.6837
0.6865
0.688275
0.732625
0.73525
0.75135
0.756625
0.7569
0.774875
0.779675
0.792775
0.87045
0.888275
0.9019
0.906525
0.92645
0.934575
0.957725
0.961225
0.963125
0.9634
1.048025
1.07625
1.078425
1.139875
1.153625
1.15715
1.1588
1.164675
1.18245
1.221475
1.237075
1.257325
1.269725
1.284125
1.394525
1.41445
1.4256
1.435425
1.44185
1.456475
1.461825
1.55025
1.57155
1.63655
1.71465
1.72395
1.764025
1.779175
1.82245
1.875225
1.92955
2.009
2.030925
2.103175
2.1181
2.132075
2.164425
2.194
2.2199
2.2543
2.3229
2.374
2.38775
2.3928
2.422525
2.4403
2.450975
2.511375
2.516
2.534175
2.53705
2.589175
2.59355
2.82675
2.831575
2.849975
2.853325
2.89435
2.922475
3.016125
3.072575
3.15895
3.1967
3.226225
3.326825
3.4245
3.4789
3.534425
3.7681
3.8959
3.92185
3.93235
3.9763
4.003225
4.046025
4.17665
4.22365
4.233375
4.2427
4.295525
4.3353
4.358725
4.3885
4.393575
4.4451
4.563575
4.66915
4.78895
4.83505
4.852575
5.10895
5.141475
5.235625
5.266125
5.26965
5.476775
5.49585
5.62975
5.714875
5.716675
5.7184
5.806075
5.887825
5.938925
6.01525
6.049425
6.15935
6.2289
6.478575
6.497025
6.622225
6.684175
6.6902
6.716575
6.765775
6.796375
6.90995
6.997975
7.164225
7.178475
7.664125
7.724775
7.86885
8.05545
8.215625
8.285325
8.307775
8.515675
8.516775
8.551475
8.987425
9.06815
9.157475
9.40335
9.42175
9.5173
9.6208
183
