0.461575
0.507
0.51365
0.537075
0.563475
0.623225
0.6481
0.649075
0.651975
0.655625
0.657175
0.660975
0.6614
0.675625
0.6837
0.69345
0.713375
0.716875
0.74365
0.7814
0.803925
0.816725
0.879475
0.907175
0.93485
0.935225
0.9517
0.962125
0.981325
1.003175
1.010525
1.058775
1.07815
1.16155
1.194675
1.19745
1.247
1.26325
1.32965
1.352275
1.409475
1.413325
1.473575
1.492275
1.542825
1.548925
1.882375
1.94295
2.00795
2.021075
2.0378
2.050875
2.245175
2.257125
2.273125
2.29475
2.328225
2.348325
2.3809
2.411725
2.4437
2.503225
2.700325
2.796325
2.816775
2.865875
3.02365
3.067375
3.175375
3.245725
3.331875
3.351725
3.37025
3.413175
3.466025
3.50385
3.68645
3.988275
4.084225
4.09585
4.190325
4.22345
4.475
4.5207
4.72325
4.8387
5.07035
5.136425
5.22185
5.2454
5.288725
5.373025
5.4234
5.5458
5.605975
5.6955
5.908675
6.2332
6.34175
6.357225
6.5733
6.721375
6.762425
6.810675
7.2001
7.35735
7.414575
7.502775
7.568025
7.62395
7.700375
7.821875
7.905375
8.155775
8.524725
8.6825
8.848375
8.919675
9.03045
9.04345
9.162375
9.3873
9.4871
9.49245
9.697875
9.9167
126
