0.000925
0.017775
0.2319
0.449975
0.452675
0.472925
0.47715
0.481725
0.484925
0.48985
0.517325
0.5283
0.529025
0.530825
0.5363
0.546525
0.575925
0.58585
0.603875
0.604925
0.609675
0.610075
0.611975
0.615525
0.619475
0.621225
0.62835
0.632225
0.64125
0.6651
0.672825
0.67595
0.681125
0.68225
0.707675
0.710025
0.720075
0.762175
0.762875
0.767275
0.77165
0.7818
0.8156
0.839125
0.88975
0.891325
0.89825
0.942425
0.973475
0.974175
0.999525
1.008625
1.017025
1.037775
1.054175
1.061575
1.063925
1.065475
1.0744
1.094175
1.0942
1.096525
1.11715
1.12685
1.1848
1.2015
1.23005
1.302775
1.31885
1.369625
1.461275
1.489825
1.57325
1.579225
1.6224
1.65375
1.82195
2.005925
2.04995
2.109925
2.11905
2.15345
2.1544
2.2423
2.26515
2.26715
2.311075
2.350425
2.374925
2.3751
2.56455
2.592925
2.697675
2.75375
2.798425
2.87715
3.0739
3.1248
3.2051
3.2093
3.252075
3.296575
3.313275
3.37885
3.421525
3.4273
3.51
3.593
3.59805
3.63495
3.659675
3.855575
3.918775
3.971075
3.982725
4.01995
4.289275
4.466675
4.5013
4.908625
4.940225
5.08605
5.180825
5.2889
5.32825
5.5922
5.599375
5.77615
5.78
5.8769
5.910875
5.92135
6.00905
6.03625
6.098025
6.283725
6.338825
6.45425
6.571225
6.77765
6.837725
6.859175
6.89635
6.9701
7.190025
7.24755
7.251025
7.28175
7.288125
7.291375
7.366375
7.395175
7.410425
7.423225
7.446625
7.48125
7.560875
7.600625
7.862125
7.892925
7.90615
7.922975
8.349175
8.3658
8.52015
8.6519
8.6648
8.743925
8.778325
9.429275
9.48815
9.6009
9.64475
9.683325
9.747675
9.76815
176
