0.1373
0.194625
0.208975
0.226475
0.4399
0.456175
0.4811
0.491225
0.503675
0.507675
0.507775
0.517525
0.546575
0.553975
0.558975
0.57185
0.6009
0.610425
0.616725
0.661075
0.67605
0.685875
0.68905
0.71175
0.719825
0.72005
0.7283
0.745275
0.747075
0.7491
0.7594
0.764775
0.765725
0.77525
0.779525
0.786875
0.840275
0.85605
0.869075
0.883825
0.892275
0.89455
0.9153
0.943725
0.94665
0.954475
1.0105
1.078675
1.123175
1.149175
1.166375
1.1882
1.2103
1.21265
1.21795
1.27645
1.294975
1.40115
1.4759
1.4873
1.519
1.56825
1.5714
1.58465
1.6631
1.69115
1.7318
1.739025
1.756625
1.773125
1.782075
1.7838
1.81635
1.8876
1.930025
1.976175
1.9785
1.983425
2.20035
2.207275
2.24165
2.291775
2.30005
2.319475
2.322125
2.381625
2.434675
2.455975
2.494275
2.51905
2.57245
2.5901
2.6581
2.725775
2.895575
2.896775
2.905975
2.93125
2.9348
2.98395
3.0163
3.09245
3.15615
3.235375
3.473675
3.482325
3.554025
3.62555
3.635675
3.6496
3.75235
3.9016
3.908225
3.979775
4.0401
4.191575
4.242075
4.388425
4.592025
4.6031
4.61405
4.697475
4.80865
4.8393
4.876675
4.881275
4.93155
4.933175
5.225525
5.677425
5.6883
5.7461
5.8582
5.898525
5.9653
6.070925
6.106275
6.255625
6.3346
6.336775
6.458875
6.470725
6.479925
6.48545
6.508
6.51275
6.531975
6.56685
6.615875
6.73045
6.9578
7.043525
7.0973
7.426875
7.43255
7.56685
7.7417
7.797525
8.021975
8.12715
8.330825
8.718575
8.823275
8.908975
9.033525
9.369
9.4702
9.487175
9.547225
9.612125
9.62345
9.660125
9.767075
9.95005
174
