0.10725
0.282825
0.309425
0.403975
0.436625
0.469
0.491
0.49835
0.4987
0.500125
0.507025
0.5121
0.5207
0.52885
0.549275
0.55445
0.555075
0.5957
0.600175
0.612425
0.646625
0.657625
0.665875
0.6707
0.686475
0.736375
0.775675
0.795625
0.8177
0.822375
0.8224
0.82805
0.831175
0.840525
0.84225
0.853275
0.861375
0.86805
0.874875
0.87645
0.882675
0.971275
0.98285
0.9858
0.9991
0.999525
1.000775
1.052275
1.0657
1.082
1.09145
1.11455
1.140075
1.178
1.178125
1.1893
1.212075
1.272875
1.291925
1.308
1.345375
1.35105
1.357025
1.3766
1.412775
1.583175
1.599575
1.67085
1.699275
1.701875
1.73455
1.83125
1.89245
1.9539
1.960875
1.979575
1.983025
2.0829
2.192175
2.227925
2.2869
2.3193
2.369175
2.52825
2.653775
2.670775
2.731225
2.81895
2.91525
2.920875
2.9366
3.019325
3.122475
3.235
3.239975
3.27635
3.328375
3.332075
3.4197
3.421575
3.47155
3.474425
3.52285
3.708325
3.81845
3.893
3.96135
3.987775
4.0544
4.1193
4.19165
4.37515
4.394925
4.584775
4.62065
4.66805
4.808175
4.86735
4.901825
4.96755
5.147875
5.4158
5.739375
5.750475
5.8178
5.878675
5.880525
5.9423
6.002325
6.008375
6.087825
6.120775
6.670775
6.681325
6.8378
6.879375
7.064375
7.203125
7.4459
7.67275
7.8782
8.12005
8.205225
8.2657
8.3889
8.4207
8.472675
8.528075
8.756325
8.895475
8.92225
8.981025
9.017775
9.0995
9.116075
9.120675
9.215125
9.306925
9.405225
9.63005
9.73895
9.7888
9.82575
9.843925
9.89565
9.8991
166
