0.0032
0.1296
0.3252
0.418625
0.42205
0.441075
0.48815
0.4888
0.49545
0.50585
0.5107
0.539675
0.5751
0.579175
0.607075
0.608075
0.61785
0.622575
0.62365
0.634325
0.6433
0.652625
0.658525
0.69395
0.737475
0.739775
0.7741
0.779425
0.79385
0.828575
0.87215
0.885325
0.910825
0.93045
0.931975
0.93745
0.9766
0.979075
1.00245
1.018625
1.019925
1.021375
1.0789
1.087175
1.103775
1.138625
1.14065
1.199
1.208225
1.2139
1.214775
1.246625
1.3007
1.3397
1.3511
1.38815
1.4014
1.42225
1.54535
1.54815
1.585125
1.613525
1.6442
1.68205
1.685775
1.727975
1.766525
1.768575
1.79095
1.8637
1.9076
1.918875
1.94095
1.97315
1.9885
2.034875
2.0855
2.10615
2.151375
2.1577
2.24665
2.261875
2.325075
2.35005
2.542725
2.555575
2.652725
2.71395
2.756725
2.762375
2.799575
2.85405
2.85925
3.0672
3.104625
3.1568
3.1872
3.21145
3.2116
3.213975
3.286
3.308175
3.454875
3.4569
3.513125
3.5675
3.584325
3.657925
3.703775
3.775225
3.86365
3.87485
3.880075
3.887425
3.958325
4.0473
4.2249
4.24925
4.33385
4.3837
4.470475
4.51925
4.7305
4.762925
4.9298
4.938525
5.01335
5.201775
5.3106
5.3518
5.43355
5.49075
5.58995
5.628575
5.636275
5.751725
6.037375
6.114375
6.12105
6.134425
6.232875
6.2519
6.3103
6.548875
6.95715
7.110375
7.309175
7.316975
7.4868
7.53825
7.621775
7.805575
7.851025
7.88935
7.931275
8.1842
8.269375
8.278975
8.35685
8.4543
8.519875
8.728275
8.90655
8.915975
8.92765
9.1505
9.23465
9.318925
9.422925
9.494825
9.498575
9.5441
9.62525
9.626475
9.943325
9.94925
176
