0.3163
0.4627
0.4727
0.494825
0.5007
0.50325
0.503675
0.5259
0.542975
0.54345
0.553975
0.558375
0.561125
0.5613
0.5631
0.567125
0.5749
0.5776
0.5935
0.6004
0.610925
0.62425
0.632575
0.650675
0.661
0.665175
0.665625
0.685375
0.6931
0.72185
0.729825
0.73035
0.763575
0.785175
0.79015
0.839625
0.84405
0.85695
0.86595
0.8679
0.884925
0.917425
0.9408
0.94145
0.94755
0.951625
0.980075
0.990475
0.995375
1.008675
1.040075
1.07245
1.134775
1.1568
1.18935
1.2055
1.230825
1.24895
1.28315
1.290925
1.2927
1.295375
1.3635
1.398775
1.407
1.44275
1.4502
1.563125
1.57085
1.5835
1.59955
1.650225
1.6551
1.709825
1.780625
1.82865
1.84945
1.856275
1.861675
1.891
1.906725
1.925675
1.98755
2.13375
2.2245
2.2756
2.298625
2.306575
2.312825
2.37365
2.43495
2.538375
2.566725
2.58685
2.6166
2.6177
2.86225
2.9732
3.1699
3.23765
3.2439
3.306075
3.395
3.396925
3.570075
3.578825
3.5932
3.599375
3.756875
3.822
3.9342
4.082975
4.2475
4.257175
4.272275
4.450725
4.61605
4.620325
4.851375
4.92225
5.008525
5.121725
5.176125
5.33435
5.526575
5.5486
5.643675
5.6545
5.7544
5.80725
5.8159
5.915425
6.030675
6.18425
6.226025
6.37155
6.503225
6.6015
6.677225
6.759925
7.115975
7.213
7.224475
7.36375
7.375125
7.385525
7.716225
7.749125
8.001025
8.306125
8.51555
8.516725
8.57785
8.93365
9.112425
9.1688
9.175775
9.27705
9.404125
9.481025
9.8137
161
