0.025625
0.110325
0.262775
0.402875
0.42055
0.45885
0.466975
0.493425
0.50135
0.518125
0.520425
0.52235
0.528025
0.53065
0.5393
0.561575
0.5645
0.575125
0.60215
0.638975
0.657275
0.659525
0.684175
0.69345
0.702175
0.715
0.715125
0.7262
0.7291
0.732525
0.7418
0.76775
0.769525
0.77925
0.791075
0.7932
0.807375
0.819625
0.8589
0.869675
0.88885
0.891025
0.8936
0.9518
0.9654
0.9942
1.005775
1.006025
1.06525
1.0671
1.067525
1.0724
1.0767
1.117075
1.1261
1.157325
1.180675
1.201725
1.21525
1.2205
1.2595
1.3241
1.381875
1.41885
1.419875
1.421875
1.443725
1.453725
1.4752
1.503825
1.529975
1.531525
1.61345
1.63595
1.638675
1.6626
1.66555
1.7063
1.7532
1.757175
1.8225
1.842325
1.848
1.8594
1.963725
1.980525
2.00695
2.020525
2.2058
2.211075
2.226675
2.277875
2.4184
2.4737
2.51265
2.527725
2.556625
2.57695
2.601375
2.6497
2.651575
2.670825
2.680525
2.685825
2.711075
2.7889
2.8101
2.931375
3.030075
3.062075
3.07345
3.096425
3.103475
3.200875
3.220175
3.235225
3.259825
3.287225
3.4623
3.497
3.549175
3.5832
3.64185
3.8237
3.87135
3.898675
3.96955
4.046925
4.0488
4.07265
4.423475
4.5142
4.621725
4.6941
4.900525
5.07005
5.1832
5.4796
5.492925
5.509925
5.7
5.841075
5.988425
6.2278
6.253875
6.302075
6.3448
6.3857
6.462
6.594275
6.630175
6.73475
6.7788
6.95345
7.00185
7.019975
7.02525
7.10415
7.14915
7.220175
7.246075
7.29635
7.38195
7.807025
7.82775
7.869375
7.950675
8.04235
8.334575
8.517625
8.584425
8.585175
8.912725
9.48175
9.4952
175
