0.03055
0.05105
0.214225
0.235725
0.267225
0.392225
0.431225
0.465025
0.486575
0.487475
0.4915
0.502025
0.506425
0.50715
0.516875
0.575575
0.58135
0.582975
0.589325
0.601225
0.614625
0.619525
0.653325
0.6697
0.674025
0.68695
0.7047
0.715425
0.71575
0.71615
0.7205
0.7248
0.78165
0.792975
0.816225
0.83185
0.834675
0.8382
0.84245
0.84965
0.8714
0.886475
0.896975
0.919875
0.9288
0.93955
0.946925
0.95085
0.9694
1.0188
1.03705
1.063
1.082375
1.093375
1.114275
1.181975
1.23165
1.2398
1.24845
1.273825
1.354
1.37715
1.444625
1.4991
1.53045
1.536025
1.606475
1.65595
1.67635
1.676775
1.677025
1.70605
1.7167
1.725425
1.736525
1.739525
1.74275
1.779875
1.800525
1.8682
1.8945
1.966275
2.0034
2.099725
2.23265
2.271975
2.295975
2.322575
2.35595
2.47645
2.667
2.670525
2.7871
2.792525
2.8342
2.9499
3.08375
3.127525
3.28915
3.341025
3.566725
3.6426
3.65635
3.85055
3.88625
3.9168
3.952175
4.051625
4.136475
4.243825
4.3805
4.441825
4.499075
4.548275
4.59935
4.7199
4.7633
4.968375
5.199975
5.353775
5.386175
5.51485
5.59455
5.604025
5.633125
5.824925
6.006
6.017275
6.18885
6.205725
6.247975
6.283675
6.406075
6.4395
6.616575
6.6799
7.007625
7.011575
7.18835
7.21505
7.2167
7.405525
7.752
7.80555
7.92605
8.053825
8.106675
8.18215
8.4792
8.5138
8.9928
9.056475
9.10135
9.4251
9.625725
9.674025
9.80715
157
