0.045175
0.064925
0.08005
0.40355
0.45485
0.470075
0.4719
0.47875
0.48605
0.4906
0.516175
0.52185
0.533975
0.54025
0.54875
0.553
0.55595
0.587325
0.5881
0.590325
0.596
0.60285
0.605975
0.607825
0.609775
0.62195
0.625675
0.630875
0.63315
0.6471
0.65225
0.654975
0.658775
0.69115
0.719925
0.7258
0.7619
0.7796
0.801775
0.80435
0.80655
0.82045
0.84775
0.8657
0.867825
0.869375
0.871875
0.8763
0.8958
0.9369
0.971825
1.04835
1.079125
1.097625
1.102775
1.103225
1.118475
1.176675
1.200625
1.21045
1.2207
1.270125
1.300925
1.317175
1.321025
1.430425
1.635525
1.7793
1.779625
1.84535
1.940775
1.95725
1.990225
2.299125
2.374725
2.39835
2.40425
2.4057
2.4163
2.45805
2.606
2.621675
2.627225
2.6285
2.689475
2.724275
2.81255
2.82635
2.8269
2.840325
2.884925
2.900975
2.936475
3.003825
3.098975
3.232825
3.48845
3.523025
3.65905
3.77105
3.898175
4.030475
4.0471
4.205675
4.2084
4.3734
4.44705
4.61185
4.6658
4.6679
4.6727
4.8007
4.812475
4.82885
4.87875
4.907475
5.10545
5.11485
5.202275
5.245225
5.28095
5.473125
5.71115
5.840275
5.86155
6.094925
6.201975
6.226125
6.34945
6.4264
6.449025
6.474575
6.596875
6.71295
6.85
6.929025
7.0269
7.0988
7.134375
7.253125
7.30505
7.36135
7.367925
7.427925
7.507875
7.5337
7.5461
7.883
8.093075
8.159325
8.16535
8.203775
8.2853
8.427
8.49765
8.67885
8.686575
8.7211
9.00085
9.178075
9.26845
9.333525
9.624325
9.642575
9.654625
9.863725
9.94325
9.964375
168
