0.104675
0.21785
0.314375
0.3471
0.449525
0.4513
0.488225
0.49175
0.49805
0.507125
0.510575
0.527375
0.55845
0.56195
0.5664
0.587275
0.59145
0.59365
0.609975
0.6102
0.6143
0.614525
0.6376
0.63885
0.665425
0.6914
0.694475
0.698925
0.70525
0.713175
0.73005
0.737025
0.762025
0.765125
0.76845
0.7729
0.777925
0.7868
0.7984
0.80105
0.86625
0.8726
0.892825
0.895375
0.966775
0.9744
0.979825
0.997625
1.0073
1.015875
1.04125
1.04645
1.107075
1.1573
1.171275
1.1742
1.229475
1.247625
1.2731
1.32965
1.418225
1.487575
1.49555
1.5853
1.593925
1.60545
1.605775
1.6243
1.76895
1.847475
1.9371
1.986625
2.04355
2.0445
2.096375
2.126925
2.163975
2.17745
2.307325
2.319975
2.53705
2.596
2.718
2.7345
2.89725
2.905125
2.94555
2.9628
2.998525
3.0236
3.057275
3.07715
3.127075
3.15445
3.202825
3.477575
3.752175
3.7753
3.884875
3.90635
3.92585
3.926775
3.9647
4.070925
4.256525
4.259475
4.487175
4.556475
4.6085
4.610625
4.65585
4.796525
5.057175
5.06235
5.106425
5.313825
5.560925
5.70515
5.8882
6.2135
6.30885
6.36715
6.4408
6.562225
6.647425
6.7361
7.098575
7.33075
7.4311
7.437
7.648175
7.7763
7.9472
7.962125
7.9858
8.0617
8.098425
8.205925
8.222725
8.32445
8.3918
8.52095
8.6446
8.935225
9.355375
9.48115
9.556775
9.68605
9.7128
9.799925
150
