0.082
0.40035
0.43
0.443475
0.496575
0.503925
0.508975
0.5097
0.518425
0.5247
0.5306
0.538925
0.54295
0.5537
0.56445
0.56475
0.57025
0.58145
0.587725
0.58805
0.59955
0.599825
0.603
0.636075
0.680675
0.685225
0.700575
0.72115
0.723125
0.73985
0.748775
0.812675
0.8135
0.84175
0.849025
0.85105
0.854125
0.85605
0.89095
0.895675
0.900525
0.9038
0.9154
0.9195
0.9408
0.945
0.96355
0.983775
0.990575
1.032925
1.063975
1.077725
1.093225
1.115475
1.12675
1.1325
1.1369
1.179925
1.212125
1.264425
1.27205
1.3255
1.4697
1.51435
1.521225
1.562025
1.582075
1.593325
1.6044
1.65535
1.739525
1.780625
1.912925
1.922075
2.033225
2.054925
2.1528
2.256525
2.3811
2.404925
2.417125
2.41815
2.449125
2.63145
2.66615
2.702475
2.735
2.743475
2.754
2.77995
2.87925
2.898775
2.9304
2.9539
2.954
2.9815
3.062675
3.250875
3.258125
3.315525
3.345
3.362975
3.37395
3.39575
3.43095
3.550575
3.58625
3.629325
3.678325
3.750625
3.780925
3.795025
3.888925
3.92235
3.95025
3.977375
4.013625
4.021925
4.0782
4.10045
4.360825
4.4525
4.760525
4.876825
4.9509
5.0
5.020675
5.130825
5.244025
5.383325
5.387175
5.443675
5.555025
5.577575
5.676175
5.70255
5.89875
5.90295
5.93635
6.10525
6.1703
6.198625
6.315025
6.43325
6.513975
6.557175
6.76015
6.781625
6.951525
7.0256
7.285975
7.766425
7.7922
8.105425
8.132175
8.328775
8.4781
8.51675
8.582175
8.6683
8.91805
9.05975
9.120125
9.205825
9.22435
9.29485
9.31205
9.324425
9.33035
9.343575
9.775025
9.86295
9.933025
173
