0.0598
0.1003
0.32815
0.36255
0.42475
0.4404
0.475975
0.477125
0.491075
0.5002
0.519675
0.519725
0.54625
0.554525
0.565875
0.573725
0.58235
0.58405
0.60005
0.605575
0.63125
0.637275
0.665775
0.670825
0.67825
0.7501
0.75595
0.7574
0.7853
0.787825
0.789175
0.79035
0.797
0.818025
0.847375
0.966825
0.974225
0.998025
1.044475
1.06005
1.0614
1.077175
1.090725
1.10045
1.111075
1.1188
1.147425
1.188775
1.1895
1.226475
1.234125
1.279525
1.2901
1.3207
1.330525
1.38965
1.500975
1.5103
1.542675
1.59115
1.76355
1.795575
1.83365
1.86645
1.9343
1.935125
1.97305
1.981125
1.982875
2.077075
2.232175
2.238025
2.2627
2.265375
2.28585
2.31185
2.364025
2.838275
2.9103
2.91465
3.058075
3.1365
3.210575
3.240925
3.299075
3.35955
3.368825
3.4936
3.5473
3.773075
3.803775
3.826875
3.875075
4.01445
4.023425
4.07585
4.11025
4.30575
4.365975
4.477925
4.49795
4.557775
4.68545
4.722425
4.724925
4.833425
4.9109
4.939825
4.961725
5.018775
5.0765
5.276475
5.299875
5.37635
5.46
5.565175
5.5861
5.606275
5.736975
5.8101
6.0016
6.0237
6.137675
6.1854
6.259375
6.277875
6.2992
6.59425
6.69575
6.740975
6.91615
6.942325
7.16755
7.2333
7.311625
7.470275
8.046175
8.3675
8.381275
8.50545
8.515175
8.637875
8.7859
8.9521
8.98635
9.016475
9.0734
9.3619
9.512875
9.8563
9.936675
9.9896
152
