0.008375
0.080475
0.183375
0.3006
0.324325
0.4548
0.477275
0.484225
0.4938
0.495225
0.50105
0.501775
0.509325
0.5141
0.519825
0.58805
0.595225
0.6012
0.607275
0.613625
0.6247
0.6455
0.651075
0.653375
0.655625
0.656725
0.66135
0.663275
0.672725
0.67455
0.6839
0.684
0.691875
0.714425
0.7167
0.71965
0.749375
0.757825
0.797175
0.817825
0.841
0.85445
0.862125
0.86885
0.924025
0.951575
0.979925
0.99245
1.023225
1.080775
1.08135
1.112425
1.136425
1.19625
1.2018
1.202125
1.234225
1.248025
1.2688
1.2869
1.3115
1.312825
1.319325
1.367625
1.4021
1.4136
1.459575
1.466575
1.5109
1.53305
1.556575
1.582625
1.684
1.728875
1.777
1.78995
1.815375
1.820925
1.8988
1.93295
2.074975
2.083375
2.1095
2.1395
2.20445
2.29
2.323125
2.3626
2.426175
2.5083
2.54775
2.652925
2.713075
2.75055
2.908525
2.9797
3.0287
3.078925
3.149675
3.199375
3.19975
3.21915
3.224975
3.31305
3.3282
3.341525
3.384375
3.452875
3.482775
3.482825
3.501
3.50495
3.5068
3.6473
3.64805
3.668625
3.7303
3.761675
3.80365
3.8046
3.92315
3.97165
3.98675
4.023775
4.22395
4.22655
4.51625
4.612275
4.62285
4.712125
4.726625
4.78035
4.913975
4.9509
4.955525
5.10225
5.13465
5.18565
5.523275
5.557275
5.640375
5.87065
5.97965
6.0915
6.15365
6.21225
6.271425
6.609725
6.622525
6.728075
6.8817
6.8851
7.027275
7.3464
7.3691
7.407825
7.469
7.6145
7.7685
7.8802
7.933475
8.0121
8.015375
8.17495
8.2095
8.592175
8.599725
8.654025
8.792975
8.8838
8.964275
9.04265
9.168325
9.6141
9.80195
9.84335
9.897125
9.998775
178
