0.0476
0.264475
0.333025
0.44035
0.451625
0.465725
0.528825
0.536325
0.570275
0.58045
0.61955
0.6394
0.65005
0.6679
0.670575
0.6716
0.7136
0.743825
0.744025
0.7472
0.778675
0.78685
0.822675
0.82845
0.8778
0.90855
0.9097
0.915275
0.9196
0.92385
0.930325
0.9339
0.96295
0.988525
1.0237
1.028625
1.0322
1.03505
1.043925
1.053975
1.066725
1.123825
1.133975
1.194425
1.20015
1.214425
1.238125
1.24435
1.25855
1.2736
1.2815
1.28295
1.392825
1.396575
1.400075
1.463625
1.47115
1.474775
1.47535
1.50975
1.63455
1.7241
1.7675
1.837725
1.899475
1.984125
2.00615
2.0191
2.03785
2.060375
2.0771
2.1152
2.125975
2.150775
2.305
2.3401
2.352925
2.430375
2.446475
2.475675
2.478525
2.495775
2.787375
2.841925
2.893725
2.9282
3.18335
3.297625
3.33955
3.5546
3.590375
3.753375
3.86245
4.027575
4.104025
4.1789
4.1995
4.318175
4.330175
4.35525
4.356475
4.39095
4.404975
4.42405
4.4444
4.474525
4.4999
4.513275
4.556575
4.561525
4.676475
4.69945
4.713575
4.855575
4.89835
4.940025
5.102125
5.135325
5.161075
5.193925
5.20565
5.229325
5.3249
5.3338
5.3621
5.362925
5.4583
5.57015
5.58825
5.8297
5.869375
6.145425
6.32155
6.510225
6.533125
6.91645
6.9203
6.926725
6.99585
7.18985
7.308175
7.31405
7.3392
7.6767
7.9683
8.079275
8.153925
8.194025
8.2355
8.39425
8.493675
8.60365
8.667
8.724225
8.79545
9.495775
9.5316
9.536575
9.55655
9.5844
9.584925
9.606875
9.64265
9.8617
9.885225
9.9718
166
