0.055075
0.059775
0.0679
0.225625
0.247625
0.267225
0.462225
0.491725
0.525925
0.526825
0.5362
0.537775
0.553475
0.5535
0.57
0.58815
0.5931
0.6231
0.640725
0.65035
0.689425
0.69865
0.71135
0.724375
0.737075
0.7423
0.760425
0.76225
0.785875
0.791625
0.81125
0.8308
0.838525
0.886025
0.894475
0.931625
0.945525
0.980325
0.9819
1.0066
1.034625
1.05475
1.06385
1.105275
1.150175
1.159325
1.1832
1.192825
1.33175
1.39685
1.42925
1.4437
1.5123
1.5864
1.646075
1.65785
1.698275
1.705875
1.717825
1.762575
1.770375
1.79195
1.80185
1.806775
1.880425
1.89915
1.911725
1.93505
2.046175
2.0644
2.10235
2.152425
2.154875
2.18145
2.24785
2.39455
2.4471
2.475125
2.55905
2.670675
2.674775
2.727375
2.781525
2.82135
2.877
2.884625
2.88915
3.036675
3.054075
3.06695
3.0714
3.186075
3.233775
3.368575
3.382625
3.419125
3.4266
3.4523
3.58255
3.58665
3.595425
3.711525
3.717475
3.7691
3.815675
3.90135
4.16215
4.178
4.22685
4.2269
4.233625
4.366225
4.4437
4.53835
4.63685
4.684825
4.985975
5.033675
5.084925
5.207075
5.24775
5.250125
5.292125
5.296675
5.315775
5.34425
5.389825
5.5132
5.632675
5.64035
5.6503
5.8777
5.8838
6.025775
6.1326
6.427325
6.5591
6.59575
6.687375
6.78275
6.79725
6.980475
7.0994
7.1415
7.22275
7.49385
7.50875
7.51685
7.7248
7.91045
8.103125
8.264925
8.38255
8.49865
8.516975
8.6271
9.0925
9.218225
9.594525
9.5992
9.620675
9.9172
9.9469
163
