0.00025
0.130425
0.21595
0.51045
0.511325
0.517675
0.5337
0.53485
0.53595
0.54895
0.555775
0.558075
0.56155
0.565
0.583625
0.59295
0.596325
0.5978
0.602025
0.6138
0.617
0.625925
0.627625
0.64245
0.647
0.650975
0.652025
0.71075
0.7231
0.75
0.786725
0.798875
0.84765
0.855625
0.8616
0.868475
0.896475
0.90075
0.91485
0.921725
0.945225
0.950725
0.962475
0.969925
0.98375
1.02945
1.037975
1.07245
1.092175
1.12095
1.1311
1.15715
1.157575
1.163375
1.167475
1.1927
1.21575
1.2454
1.32735
1.493325
1.537475
1.6318
1.67955
1.726075
1.83215
1.835275
1.84595
1.865325
1.933875
2.06755
2.18305
2.256975
2.4322
2.4384
2.46375
2.4694
2.525425
2.55375
2.68945
2.719275
2.77565
2.782325
2.7825
2.8162
2.917175
2.9259
3.01535
3.146075
3.1636
3.183375
3.326475
3.557775
3.577425
3.62635
3.686825
3.7985
3.827875
3.918075
3.945125
4.194
4.1949
4.353225
4.76925
5.023025
5.07075
5.106725
5.130775
5.4353
5.449825
5.548825
5.5936
5.826875
5.86745
6.07155
6.090275
6.102175
6.14205
6.45915
6.775225
7.272825
7.284425
7.521275
7.6354
7.752125
7.941325
8.025375
8.239925
8.294875
8.4993
8.590375
8.66725
8.7087
8.807125
8.98715
8.9937
9.162425
9.19355
9.199225
9.301
9.377425
9.421675
9.450075
9.4776
9.55835
9.566675
9.7556
9.785375
9.80695
9.8693
9.879725
150
