0.1523
0.17515
0.269075
0.326875
0.439325
0.45295
0.509775
0.520525
0.52575
0.5262
0.5273
0.5542
0.557275
0.5623
0.56345
0.5708
0.571025
0.59395
0.6015
0.6271
0.645525
0.6519
0.660925
0.685125
0.689025
0.698175
0.6983
0.76825
0.78855
0.791325
0.817775
0.8392
0.846425
0.849325
0.853425
0.881075
0.8828
0.891625
0.895875
0.92355
0.934125
0.97135
0.9763
1.01425
1.018425
1.045575
1.066875
1.072275
1.134325
1.146075
1.15915
1.1814
1.214
1.218675
1.252725
1.260375
1.264125
1.265975
1.273625
1.27525
1.279075
1.319125
1.34295
1.3545
1.383975
1.418075
1.448025
1.468825
1.497225
1.534025
1.573875
1.593725
1.638525
1.810825
1.84555
1.8464
1.94435
1.999425
2.0412
2.04345
2.0615
2.33065
2.416225
2.435575
2.49345
2.535775
2.583025
2.5909
2.61905
2.62375
2.720125
2.7202
2.737025
2.788675
2.851775
2.973925
3.014025
3.165025
3.262925
3.26585
3.39745
3.548025
3.7218
3.725075
3.7864
3.835675
3.921275
3.984875
3.98615
4.20245
4.208925
4.26195
4.27685
4.287825
4.384075
4.386125
4.3953
4.506075
4.586875
4.731225
4.810125
4.86925
5.055825
5.177425
5.34235
5.368575
5.546025
5.631975
5.782875
5.787525
5.881525
5.97345
6.12475
6.152925
6.19215
6.275775
6.3015
6.494175
6.714075
6.809125
6.886925
7.0556
7.068625
7.091375
7.236925
7.264275
7.357725
7.415325
7.556925
7.5639
7.799825
7.853325
8.153425
8.208875
8.339475
8.42845
8.50165
8.5903
8.628575
8.6793
8.95535
9.09815
9.1154
9.159675
9.25285
9.28095
9.42105
9.750075
9.8013
9.83015
9.84685
171
