0.431225
0.4418
0.4445
0.448025
0.4818
0.499925
0.500875
0.5034
0.510775
0.512325
0.5159
0.520425
0.5387
0.54915
0.54945
0.622725
0.63325
0.636775
0.637925
0.666775
0.673975
0.674975
0.682675
0.68555
0.6896
0.690975
0.709175
0.71585
0.71705
0.726475
0.745375
0.750425
0.8219
0.852
0.855025
0.86115
0.885525
0.893775
0.9239
0.928575
0.948
0.956775
1.009575
1.015975
1.078725
1.082975
1.09485
1.098525
1.12625
1.168525
1.21695
1.227575
1.257175
1.2699
1.28105
1.292275
1.39735
1.44645
1.5384
1.61085
1.624475
1.645275
1.722725
1.765725
1.834425
1.922675
1.951675
1.9603
2.11795
2.168775
2.190175
2.2062
2.2072
2.323925
2.442625
2.56055
2.58545
2.58805
2.598375
2.623125
2.6515
2.8544
2.859775
2.88935
2.924025
2.9853
3.0331
3.12555
3.151225
3.2444
3.2858
3.340175
3.440075
3.61855
3.6324
3.6566
3.8956
3.94155
3.9526
3.98815
4.116675
4.171975
4.21195
4.306025
4.483975
4.568325
4.58685
4.694525
4.7545
4.97485
5.00915
5.0605
5.1063
5.14045
5.277825
5.3354
5.46145
5.628875
5.763225
5.8899
6.09035
6.196625
6.2889
6.317775
6.457475
6.568375
6.7739
6.851625
6.951525
7.047375
7.433675
7.46945
7.4858
7.507975
7.576925
7.67205
7.712025
7.796425
7.9661
7.991025
8.0198
8.194425
8.353325
8.380975
8.40775
8.50435
8.5706
8.6683
8.955325
9.0495
9.248675
9.248875
9.2526
9.289625
9.325225
9.351625
9.833625
157
