0.1291
0.184375
0.2069
0.4177
0.429975
0.4625
0.474175
0.48965
0.4989
0.520725
0.5236
0.5389
0.562025
0.58085
0.58175
0.591625
0.592175
0.616375
0.631375
0.63425
0.655375
0.66405
0.6817
0.6942
0.71065
0.73755
0.751
0.753475
0.7576
0.777475
0.791625
0.812375
0.82165
0.8298
0.862175
0.950475
0.9706
0.98195
0.9895
1.014625
1.03355
1.035225
1.065725
1.086325
1.0869
1.130625
1.148475
1.1981
1.203225
1.2405
1.256025
1.291575
1.368375
1.430975
1.5154
1.553425
1.671325
1.69745
1.756325
1.76135
1.804925
1.836175
1.855075
1.8757
1.916775
1.928925
1.9311
1.94415
2.25235
2.254925
2.385075
2.394475
2.43195
2.441975
2.49555
2.5225
2.578275
2.673625
2.67435
2.811925
2.827975
2.831525
2.925675
2.96235
2.980925
3.0444
3.1
3.123775
3.187425
3.2994
3.321475
3.329475
3.516925
3.565275
3.580925
3.597525
3.62565
3.769675
3.77745
3.892025
3.89965
4.023775
4.105625
4.11855
4.178925
4.1962
4.29645
4.314425
4.319375
4.36215
4.434675
4.561225
4.618
4.638575
4.639925
4.732325
4.82
4.8384
4.851
4.92535
5.011025
5.23955
5.54975
5.676825
5.6884
5.77395
5.819475
5.837825
5.922025
6.063675
6.0697
6.24425
6.27305
6.286775
6.5849
6.746325
6.760325
6.90845
7.37
7.58905
7.668575
7.767725
7.82
7.88175
8.08495
8.152075
8.222025
8.23495
8.287025
8.319025
8.4458
8.4961
8.519075
8.5321
8.783675
8.81935
8.85225
8.926825
9.1458
9.213675
9.470225
9.587425
9.62265
9.645525
9.9414
165
