0.105625
0.28555
0.435075
0.43955
0.45015
0.46885
0.470425
0.4769
0.4878
0.487875
0.490975
0.4963
0.49965
0.50225
0.5119
0.51825
0.528325
0.52955
0.531725
0.531775
0.5345
0.57715
0.58785
0.615025
0.6179
0.62095
0.62505
0.6483
0.669325
0.6699
0.67305
0.67785
0.73445
0.75495
0.759725
0.7816
0.796125
0.841775
0.85655
0.888
0.94575
0.9499
0.974275
0.9892
0.991075
1.00535
1.0377
1.040775
1.086725
1.095325
1.1012
1.1397
1.19395
1.19595
1.276875
1.305475
1.31645
1.34785
1.407825
1.4176
1.434525
1.462725
1.470075
1.5971
1.6404
1.659425
1.691725
1.7235
1.80855
1.81055
1.813075
1.82395
1.825875
1.87675
1.967625
1.984275
1.992975
2.037775
2.089625
2.0899
2.114325
2.15305
2.166175
2.207775
2.29665
2.303
2.306275
2.3168
2.324925
2.404475
2.466275
2.51495
2.52155
2.567475
2.574125
2.67475
2.71775
2.79455
2.85705
2.86495
3.03465
3.0903
3.120475
3.286525
3.3664
3.416875
3.487325
3.5106
3.555425
3.56025
3.65085
3.807575
3.88205
3.93365
3.950975
3.9832
4.0258
4.052225
4.144075
4.267825
4.4353
4.5526
4.643
4.700775
4.7875
4.811
4.90265
4.960175
4.965925
4.9759
5.03315
5.1482
5.27185
5.450575
5.73885
5.788475
5.975925
5.98155
6.15645
6.2625
6.2716
6.3495
6.372925
6.390925
6.49745
6.5083
6.641
6.8365
6.960275
6.969775
7.41145
7.5089
7.529725
7.5858
7.62665
7.633075
7.74675
7.944325
8.061425
8.073875
8.167175
8.302075
8.306675
8.3228
8.34725
8.7965
8.907625
8.921725
8.993725
9.02295
9.084775
9.1871
9.330675
9.475375
9.798
175
