0.424375
0.4843
0.4944
0.494775
0.4949
0.509175
0.5131
0.522725
0.53615
0.542525
0.55275
0.569625
0.5809
0.5815
0.60085
0.607275
0.64135
0.6431
0.648575
0.666175
0.6792
0.692625
0.69665
0.7152
0.71705
0.7219
0.72285
0.74
0.757
0.759325
0.762425
0.763525
0.78095
0.786525
0.828425
0.836975
0.8381
0.841475
0.853325
0.872425
0.9167
0.95755
0.959
0.980925
0.99095
1.020025
1.028075
1.1168
1.17395
1.191625
1.28085
1.30135
1.402875
1.487575
1.5841
1.664125
1.930475
1.93275
1.98545
2.009775
2.108825
2.1812
2.236175
2.2408
2.40525
2.42135
2.44705
2.48495
2.4967
2.619375
2.63995
2.658425
2.744025
2.766
2.7876
2.845675
3.264925
3.308175
3.3833
3.46335
3.4975
3.548325
3.596675
3.64785
3.690225
3.69945
3.7194
3.730925
3.731275
3.8145
3.835675
4.036475
4.188375
4.22325
4.4394
4.54075
4.5599
4.85065
4.90475
4.961925
5.0203
5.1221
5.400775
5.406025
5.45055
5.5031
5.5859
5.769325
5.78805
5.901925
5.930875
6.016025
6.146175
6.353075
6.53325
6.565275
6.641125
6.6454
6.64575
6.91375
7.02765
7.02945
7.081225
7.237375
7.27285
7.330775
7.5258
7.8212
8.042325
8.113325
8.443025
8.66855
9.098375
9.156475
9.218175
9.31665
9.414275
9.5084
9.5867
9.609025
9.9591
141
