0.1459
0.47335
0.47345
0.47975
0.488975
0.50115
0.5051
0.51215
0.550675
0.559525
0.5601
0.57775
0.59015
0.617775
0.632575
0.637175
0.6389
0.643075
0.6439
0.662175
0.673475
0.747425
0.7507
0.77755
0.781425
0.80535
0.822575
0.82365
0.830425
0.841375
0.854875
0.98005
0.995825
1.004375
1.01195
1.0346
1.0351
1.065925
1.113525
1.150675
1.163175
1.174
1.1948
1.20275
1.243125
1.26115
1.367225
1.3875
1.394875
1.470125
1.514775
1.517475
1.51795
1.5215
1.603275
1.61115
1.6765
1.721975
1.74635
1.774575
1.816925
1.843325
1.843525
1.871175
1.951725
1.97905
2.01065
2.142025
2.144125
2.2913
2.299925
2.3049
2.324825
2.474175
2.5131
2.609975
2.62055
2.62675
2.637775
2.645075
2.6634
2.67995
2.697675
2.833625
2.85355
2.858275
2.979025
3.1377
3.1659
3.23595
3.265925
3.337025
3.367625
3.5386
3.55055
3.617275
3.62135
3.6534
3.70245
3.770775
4.0879
4.095825
4.196975
4.1996
4.619125
4.6301
4.675375
4.782
4.8844
4.9176
4.92645
4.9574
5.049325
5.16415
5.17185
5.186325
5.284825
5.32915
5.469275
5.505725
5.542925
5.68705
5.688175
5.759725
5.79185
6.3708
6.3986
6.40085
6.522625
6.572975
6.615375
6.616675
6.79445
6.8814
6.9459
7.18555
7.3713
7.666825
7.85245
7.8845
8.05565
8.100975
8.123075
8.169125
8.620525
8.633425
8.9662
9.079825
9.099275
9.218775
9.419375
9.6131
9.799375
9.83635
9.84605
9.887975
156
