0.12735
0.454725
0.455775
0.46685
0.474275
0.4824
0.494525
0.495075
0.5004
0.51415
0.526425
0.5287
0.529525
0.53735
0.5443
0.548575
0.556625
0.5683
0.58615
0.59175
0.601125
0.60395
0.612475
0.614525
0.62475
0.62805
0.6322
0.633425
0.64615
0.6497
0.65085
0.6509
0.6713
0.671875
0.72425
0.724625
0.7525
0.7746
0.814525
0.815125
0.817325
0.858075
0.903475
0.937125
0.941075
0.953525
0.9573
0.9662
1.009175
1.07495
1.0801
1.082225
1.094575
1.1077
1.14565
1.15385
1.21825
1.218875
1.34105
1.348075
1.350125
1.354925
1.3605
1.385675
1.440475
1.563125
1.6379
1.69685
1.710075
1.802025
1.82245
1.862225
1.911325
1.98905
2.091975
2.141525
2.146675
2.2872
2.304725
2.310525
2.452575
2.51045
2.524275
2.628975
2.6892
2.816425
2.9312
3.0313
3.1174
3.164975
3.1697
3.256475
3.287325
3.30575
3.30895
3.4719
3.670125
3.6865
3.68885
4.17515
4.200575
4.4192
4.450975
4.4598
4.477275
4.581475
4.698125
4.7792
4.88515
4.903525
4.917225
4.962525
5.136325
5.1975
5.2372
5.34575
5.440425
5.500475
5.52805
5.558275
5.65455
5.7717
5.924575
6.08335
6.365625
6.3746
6.5587
6.6107
6.729625
6.819475
6.823625
7.231425
7.3902
7.63185
7.79465
7.866175
8.057725
8.3324
8.51745
8.553325
8.583575
9.01035
9.29995
9.397175
9.39975
9.62875
9.818475
147
