0.02065
0.09055
0.413425
0.430725
0.445325
0.472275
0.486725
0.49795
0.503275
0.503975
0.504625
0.539725
0.54165
0.54505
0.569225
0.57555
0.587575
0.62085
0.635175
0.65005
0.651575
0.662425
0.679875
0.685175
0.713625
0.718625
0.719475
0.726
0.728625
0.7594
0.76825
0.78275
0.7855
0.8014
0.851025
0.85825
0.91265
0.913325
0.9713
0.9814
1.023725
1.040325
1.065
1.084775
1.125875
1.140075
1.1477
1.14895
1.15035
1.15755
1.19655
1.233025
1.266425
1.282875
1.2872
1.288725
1.343225
1.369725
1.4209
1.4319
1.454425
1.4998
1.5048
1.50745
1.5698
1.610425
1.661225
1.732475
1.792575
1.81955
1.827825
1.886925
1.894725
2.0016
2.069425
2.081525
2.15595
2.185825
2.2136
2.248875
2.27645
2.332325
2.368475
2.472975
2.50805
2.61265
2.645
2.65045
2.7287
2.735325
2.7687
2.798575
2.8742
2.89675
2.9522
2.97205
2.99255
2.998825
3.060925
3.158725
3.2307
3.298675
3.35975
3.424875
3.4561
3.51265
3.6553
3.66525
3.78935
4.0216
4.13075
4.299975
4.344875
4.37155
4.453525
4.45785
4.484675
4.5097
4.6013
4.8078
5.0398
5.048075
5.054375
5.088125
5.187075
5.23465
5.243325
5.252175
5.675775
5.768525
5.841075
6.0709
6.19145
6.340525
6.419725
6.44995
6.47225
6.488375
6.53015
6.6015
6.719
6.9017
6.9021
6.94935
7.0016
7.0487
7.08055
7.2456
7.46015
7.48375
7.57475
7.594875
7.618725
7.650425
7.651675
7.841875
7.86685
8.145725
8.20325
8.237025
8.2556
8.534925
8.84255
9.0053
9.018075
9.17815
9.3578
9.539675
9.590075
9.99835
170
