0.256425
0.436475
0.4561
0.478575
0.492425
0.49735
0.497775
0.519825
0.520525
0.525425
0.536325
0.551
0.559575
0.570575
0.578775
0.584025
0.586075
0.595375
0.60705
0.62125
0.630525
0.6393
0.6413
0.64705
0.665875
0.684725
0.69205
0.7096
0.722525
0.7268
0.73255
0.74775
0.74835
0.7659
0.76685
0.76735
0.780925
0.817725
0.832175
0.84485
0.8658
0.879425
0.884825
0.900375
0.90365
0.943475
0.952925
0.958575
0.964
0.970925
1.073375
1.0822
1.114525
1.125875
1.148525
1.162125
1.169875
1.18045
1.2033
1.2332
1.242475
1.303025
1.31205
1.3398
1.364375
1.376725
1.3945
1.403475
1.462175
1.465525
1.47715
1.524475
1.5539
1.556625
1.653275
1.693825
1.7452
1.786975
1.788625
1.79935
1.811125
1.8324
1.911675
1.92995
1.944825
2.12055
2.166225
2.356575
2.369575
2.378
2.4132
2.46305
2.50195
2.629025
2.724775
2.875525
2.892975
2.90765
2.957725
3.234575
3.272025
3.30575
3.362475
3.37155
3.3853
3.410025
3.46455
3.4676
3.473525
3.5498
3.7369
3.809175
3.903425
3.945775
3.9704
4.084575
4.136475
4.14205
4.155
4.2453
4.25785
4.277675
4.310825
4.525275
4.5567
4.76365
4.907075
4.936675
4.942975
4.99535
5.1007
5.119075
5.1401
5.1856
5.2179
5.2934
5.51595
5.530175
5.6103
5.735725
5.797425
5.9161
5.937725
6.0134
6.17225
6.648325
6.954575
7.020575
7.140375
7.336725
7.51355
7.53165
7.56265
7.7791
7.83175
8.06405
8.54685
8.76405
8.916925
9.127825
9.246175
9.30555
9.533925
9.6369
9.940375
9.9431
166
