0.128025
0.17735
0.199725
0.212975
0.4041
0.42155
0.455675
0.47315
0.47525
0.497475
0.50215
0.5031
0.521075
0.526125
0.5265
0.527875
0.531125
0.5411
0.542675
0.5706
0.579175
0.581875
0.596125
0.616075
0.618
0.63265
0.6375
0.640475
0.64625
0.6668
0.689325
0.6966
0.705575
0.713475
0.7271
0.731675
0.736375
0.73765
0.740275
0.756625
0.78145
0.7883
0.78925
0.790075
0.81495
0.8189
0.8717
0.87945
0.886875
0.903225
0.913125
0.921
0.972325
1.000025
1.038225
1.052825
1.0874
1.0934
1.12415
1.1248
1.14705
1.165875
1.324275
1.34255
1.364825
1.372975
1.3805
1.39895
1.53895
1.60675
1.69155
1.747575
1.764675
1.7651
1.8493
1.8982
1.9594
2.0111
2.025025
2.069575
2.069625
2.103625
2.10945
2.17255
2.212825
2.269875
2.329325
2.38775
2.4131
2.499125
2.523025
2.594425
2.737175
2.7542
2.791975
2.999925
3.14235
3.226
3.2689
3.30315
3.4301
3.48235
3.645725
3.861
3.889325
4.016925
4.06395
4.098925
4.102725
4.12115
4.154875
4.203125
4.2131
4.496225
4.508875
4.525875
4.5648
4.5678
4.56855
4.7931
4.8484
4.881125
5.086025
5.50475
5.553075
5.562475
5.56755
5.754125
5.78535
5.92855
5.990025
6.001825
6.045225
6.2494
6.278725
6.50185
6.543625
6.557425
6.746075
6.764125
6.82325
6.827025
6.9064
7.020475
7.05475
7.483875
7.628
7.756575
7.7849
8.1749
8.1873
8.360925
8.5274
8.832025
8.874825
8.91085
9.01145
9.22805
9.231125
9.3601
9.4204
9.47675
9.56515
9.672125
9.77175
165
