0.072025
0.100125
0.175475
0.473525
0.4771
0.479475
0.505325
0.507225
0.51115
0.5341
0.54525
0.566775
0.5761
0.58755
0.588475
0.596575
0.6101
0.627275
0.636
0.638825
0.6412
0.644925
0.66375
0.66685
0.67865
0.6812
0.687725
0.6988
0.7
0.70505
0.73725
0.745325
0.74735
0.7483
0.749325
0.7554
0.765025
0.771225
0.7764
0.823375
0.8522
0.8662
0.904675
0.90605
0.915675
0.92315
0.95005
0.971275
1.024525
1.03605
1.0783
1.0878
1.088075
1.106275
1.19135
1.2307
1.237025
1.24095
1.30045
1.335425
1.34845
1.372075
1.39735
1.479025
1.509425
1.523125
1.53115
1.544625
1.671025
1.73325
1.76435
1.78565
1.841325
1.854625
1.894875
1.924025
1.982275
2.003075
2.141875
2.149725
2.21065
2.28485
2.333125
2.3501
2.37445
2.39335
2.452875
2.4793
2.4885
2.538
2.645475
2.6916
2.709525
2.7368
2.78065
2.782175
2.792825
2.837525
2.84075
2.9757
2.99
3.03585
3.143425
3.1708
3.201425
3.22705
3.256225
3.3256
3.3895
3.432325
3.434975
3.43655
3.6846
3.707175
3.73875
3.80155
3.89545
3.903475
3.90955
3.9396
4.119575
4.140775
4.19075
4.2081
4.417
4.469375
4.473
4.566875
4.7154
4.88015
5.0007
5.008725
5.1799
5.30665
5.3077
5.36025
5.38035
5.41915
5.463125
5.58105
5.6162
5.69535
5.696175
5.729575
6.011025
6.069975
6.3657
6.372775
6.3728
6.522725
6.565675
6.6315
6.6982
6.774625
6.950675
7.3654
7.4099
7.4372
7.5128
7.515675
7.5913
7.615425
7.719325
7.970875
8.180825
8.33355
8.439075
8.5399
8.56995
8.6005
8.65945
8.907125
9.023375
9.132625
9.2036
9.269925
9.704575
9.8439
178
