0.248675
0.33495
0.4238
0.425925
0.46105
0.46325
0.476775
0.484375
0.49825
0.512125
0.525175
0.5252
0.54385
0.54775
0.553625
0.575475
0.576625
0.578425
0.588125
0.5919
0.60605
0.6259
0.634575
0.646225
0.662225
0.668075
0.679675
0.6911
0.693475
0.721875
0.7225
0.748325
0.752175
0.759675
0.7755
0.78025
0.783325
0.79755
0.80115
0.8175
0.83995
0.8415
0.861325
0.89905
0.9082
0.9115
0.931225
0.949775
0.958775
1.00055
1.03115
1.110225
1.119025
1.141325
1.2049
1.22185
1.2926
1.406175
1.4161
1.498025
1.5444
1.56245
1.76285
1.840775
1.8868
1.977475
2.0258
2.08145
2.10105
2.1163
2.11905
2.139625
2.142475
2.191375
2.195275
2.221225
2.2808
2.343425
2.363675
2.3879
2.413325
2.4148
2.567625
2.6057
2.6342
2.6365
2.666025
2.7174
2.7643
2.770025
2.785025
2.844
3.016625
3.04845
3.1527
3.331125
3.362175
3.396075
3.5467
3.560575
3.651375
3.739475
3.766675
3.9281
3.937225
3.989975
4.02315
4.202675
4.20545
4.235575
4.3238
4.333975
4.3761
4.420175
4.899875
4.907825
5.122875
5.169825
5.18975
5.372375
5.4134
5.64745
5.727475
5.771375
5.7862
5.9661
6.00195
6.12235
6.1263
6.19925
6.290875
6.445175
6.538875
6.599225
6.634675
6.6547
6.859625
6.88445
7.097775
7.124075
7.252125
7.3233
7.5046
7.668425
8.054825
8.0798
8.122875
8.16145
8.21905
8.233075
8.252675
8.400375
8.493325
8.84405
8.9609
8.97685
9.1176
9.3984
9.595125
9.60845
9.681875
9.843425
9.9463
163
