0.388375
0.435725
0.4577
0.48615
0.486625
0.487875
0.52555
0.5282
0.532375
0.53545
0.536475
0.5371
0.540575
0.54395
0.5631
0.56925
0.58655
0.615725
0.631675
0.637125
0.639675
0.675825
0.6889
0.690825
0.720775
0.7285
0.748325
0.76295
0.78975
0.7908
0.7917
0.839725
0.890775
0.91515
0.956175
0.961
0.964725
0.983225
0.991225
0.998975
1.022275
1.042875
1.045175
1.0806
1.09575
1.116225
1.152375
1.154175
1.264575
1.285525
1.2989
1.311125
1.31585
1.44145
1.47535
1.521575
1.6048
1.653175
1.730975
1.739775
1.746275
1.780775
1.7987
1.82525
1.85445
1.923475
1.924975
1.945475
2.001675
2.0639
2.363825
2.382425
2.420125
2.451425
2.5214
2.531675
2.5717
2.58635
2.621475
2.672825
2.6878
2.696075
2.728725
2.80735
2.824025
2.877825
2.93825
2.981425
3.0225
3.186375
3.200825
3.23995
3.2501
3.4974
3.5263
3.811625
3.83495
3.8733
3.88595
3.89595
4.1079
4.197375
4.2914
4.33625
4.505975
4.75115
4.803875
4.819
4.8318
4.855375
5.043825
5.4713
5.503875
5.6474
5.75605
5.8682
6.369875
6.423525
6.50865
6.52645
6.630175
6.719125
6.841625
6.97155
7.19855
7.2136
7.26365
7.316425
7.43735
7.690325
7.8789
8.010825
8.0352
8.126575
8.158625
8.15885
8.32755
8.346375
8.467925
8.688925
8.757
8.8467
8.903725
9.0189
9.43375
9.517825
9.696425
9.9718
148
