0.146725
0.463925
0.502575
0.52305
0.5369
0.5395
0.5425
0.545175
0.562175
0.5839
0.600225
0.6125
0.623575
0.632475
0.6482
0.6487
0.6853
0.6863
0.6934
0.697775
0.698425
0.711125
0.7137
0.7215
0.72305
0.729775
0.785675
0.786775
0.847675
0.866275
0.897125
0.92
0.92095
0.9312
0.96105
1.05775
1.0595
1.133275
1.165
1.171775
1.179625
1.198
1.2291
1.2582
1.341975
1.351425
1.35185
1.36735
1.3752
1.43085
1.491575
1.52375
1.56645
1.591275
1.6001
1.65255
1.66835
1.698275
1.698625
1.7013
1.825025
1.83425
1.8707
1.8803
1.8865
1.9304
2.017425
2.101725
2.2121
2.2122
2.32545
2.332425
2.3354
2.497625
2.49985
2.54625
2.6974
2.727125
2.745425
2.776425
2.7918
2.876175
2.9154
2.91635
3.050375
3.12105
3.187225
3.229975
3.31755
3.35555
3.361125
3.662525
3.66935
3.673275
3.6913
3.74825
3.792
3.9219
4.0565
4.11475
4.149175
4.213775
4.2286
4.275825
4.288825
4.297575
4.420075
4.423825
4.4976
4.59585
4.715225
4.840325
4.953325
4.972625
5.16245
5.34025
5.414125
5.7359
5.835575
6.1793
6.286475
6.323825
6.522675
6.70675
6.7296
6.885875
6.940125
7.055625
7.1866
7.614725
7.769575
7.8437
7.96255
8.1007
8.26905
8.4651
8.478075
8.599625
8.645925
8.670025
8.929175
9.168575
9.259575
9.264125
9.3816
9.531675
9.668975
9.753775
9.8943
149
