0.240175
0.244425
0.401125
0.429275
0.4911
0.500575
0.50565
0.507625
0.51095
0.519975
0.5289
0.534425
0.540825
0.545375
0.55215
0.554725
0.565625
0.567975
0.5803
0.586525
0.59595
0.5982
0.6173
0.617975
0.6258
0.676075
0.68975
0.692825
0.7015
0.7038
0.717875
0.7444
0.798075
0.801275
0.8092
0.835575
0.841125
0.849425
0.8661
0.8742
0.8991
0.9338
0.94115
0.943725
0.959775
1.00115
1.0146
1.0273
1.03765
1.04445
1.057575
1.10495
1.144925
1.152075
1.1571
1.1613
1.199975
1.210775
1.23565
1.243925
1.30695
1.314325
1.314625
1.3506
1.353125
1.371225
1.3726
1.445475
1.46625
1.575375
1.67895
1.688
1.722225
1.840575
1.85435
1.87145
2.186625
2.2008
2.37085
2.43435
2.46305
2.51835
2.537325
2.540325
2.634375
2.683225
2.7709
2.82155
2.851175
3.1286
3.188175
3.197325
3.24945
3.319
3.643225
3.698775
3.77995
3.828675
3.8655
4.048425
4.097225
4.272325
4.31655
4.482525
4.513525
4.707625
4.709825
4.80355
4.91215
4.98565
5.08715
5.16835
5.196575
5.37095
5.4122
5.439725
5.4605
5.54365
5.543775
5.777625
5.7944
5.89275
5.960475
5.986275
6.009575
6.127375
6.385325
6.6503
6.67585
6.68775
6.8283
6.9433
7.0079
7.342675
7.477125
7.498525
7.5458
7.668825
7.694375
7.866175
8.067525
8.083225
8.087475
8.269575
8.36345
8.440625
8.62835
8.6509
8.73805
8.742975
8.749375
8.8493
8.8662
8.9202
9.1051
9.3773
9.38115
9.50595
9.50635
159
