0.03485
0.1372
0.447225
0.4699
0.47385
0.50105
0.5218
0.52835
0.535825
0.54245
0.5513
0.569325
0.57435
0.580325
0.5845
0.614425
0.625025
0.656675
0.662125
0.672125
0.675075
0.681375
0.682625
0.686125
0.706625
0.7347
0.74465
0.7633
0.837125
0.84345
0.87895
0.8872
0.904875
0.94025
0.972175
1.009
1.042375
1.084
1.098175
1.10975
1.118175
1.1367
1.19405
1.2027
1.207975
1.2155
1.2505
1.300725
1.315575
1.323575
1.377625
1.38265
1.42035
1.46295
1.499575
1.514275
1.62255
1.63945
1.655
1.8019
1.840825
1.9294
2.0006
2.012075
2.013175
2.0547
2.062775
2.20325
2.34865
2.50505
2.553175
2.575425
2.594075
2.6398
2.7809
2.790975
2.796275
2.8661
2.994025
3.0832
3.115725
3.1403
3.235525
3.32255
3.346525
3.362125
3.476475
3.477125
3.527325
3.6591
3.694625
3.748475
4.0517
4.0683
4.0901
4.15215
4.306775
4.314475
4.461775
4.602
4.656675
4.695475
4.8436
5.024725
5.188475
5.2137
5.37235
5.400925
5.515325
5.547675
5.5615
5.59075
5.689525
5.6913
5.8632
5.92015
5.94445
5.998625
6.02115
6.379725
6.39155
6.5043
6.601
6.8026
6.95035
7.1353
7.18325
7.245275
7.302275
7.39985
7.422425
7.6148
7.790325
7.82955
7.892975
7.90145
8.058975
8.292775
8.48845
8.6923
8.82405
8.933525
8.991825
9.160825
9.3044
9.4269
9.43185
9.664875
9.76595
9.834125
9.876625
9.979675
152
