0.020675
0.186325
0.416275
0.416475
0.437175
0.448975
0.454675
0.458075
0.467
0.467725
0.4742
0.485325
0.497275
0.50385
0.5273
0.5368
0.54045
0.571
0.57425
0.581975
0.59075
0.605825
0.616725
0.631775
0.633075
0.63535
0.6362
0.657225
0.67025
0.690725
0.691125
0.697425
0.697875
0.71155
0.712225
0.742925
0.771025
0.7716
0.79435
0.795425
0.798125
0.8067
0.808925
0.8304
0.847075
0.862125
0.86335
0.8849
0.89895
0.911175
0.948725
0.965675
0.98695
0.987575
1.015475
1.0238
1.035925
1.117575
1.135325
1.18805
1.237425
1.280275
1.39505
1.42895
1.430175
1.45175
1.482025
1.48255
1.485375
1.491025
1.494775
1.5048
1.591225
1.655125
1.686075
1.70325
1.7196
1.79455
1.8272
1.83655
1.9015
1.963725
2.0214
2.086525
2.2881
2.3184
2.32195
2.382775
2.4276
2.441975
2.4503
2.4879
2.5047
2.533025
2.5702
2.64265
2.6654
2.780125
2.7841
2.81555
2.8545
2.9422
3.130675
3.146375
3.17515
3.213425
3.22405
3.296175
3.3353
3.4541
3.456025
3.6513
3.66945
3.7389
3.750825
3.765175
3.7657
3.78845
3.85945
4.0444
4.2927
4.3136
4.323025
4.525925
4.571875
4.5844
4.7549
4.844775
4.90195
5.0899
5.15895
5.276225
5.5149
5.588525
5.60745
5.6546
5.86705
5.88115
5.98755
6.365475
6.4373
6.450725
6.4771
6.480075
6.532475
6.554425
6.639925
6.657525
6.8987
6.937825
6.96
6.9879
7.193625
7.440775
7.44105
7.45065
7.477
7.555275
7.586475
7.591925
7.67985
7.717325
7.7184
7.744775
7.78595
7.91305
8.25685
8.351375
8.432875
8.458725
8.6468
8.895025
9.008125
9.0897
9.3574
9.3732
9.440725
9.460575
9.4941
9.57635
9.77485
181
