0.235925
0.44335
0.47645
0.5083
0.512875
0.54045
0.544525
0.552775
0.5566
0.55955
0.56625
0.5802
0.587675
0.6103
0.6322
0.6387
0.6465
0.659925
0.661575
0.672175
0.70995
0.72875
0.755275
0.762425
0.771775
0.784075
0.81745
0.824525
0.855125
0.8654
0.8856
0.915525
0.97035
0.9725
1.022725
1.037175
1.05805
1.0735
1.07615
1.099325
1.1235
1.128875
1.16365
1.177325
1.203825
1.27155
1.36115
1.36345
1.3902
1.429575
1.44775
1.500425
1.509725
1.541025
1.552675
1.670225
1.6794
1.693875
1.754925
1.7736
1.77655
1.852375
1.85915
1.906875
1.9433
2.011425
2.04375
2.1222
2.122275
2.147925
2.16845
2.292025
2.29345
2.4222
2.4442
2.48305
2.492925
2.579625
2.676775
2.7334
2.843975
3.10655
3.17915
3.23135
3.234575
3.336575
3.35835
3.360225
3.4771
3.603475
3.61835
3.66995
3.685425
3.713525
3.774975
3.807
3.885475
3.8933
3.9989
4.092325
4.137825
4.2425
4.359875
4.392825
4.399
4.4367
4.440825
4.4723
4.53445
4.539475
4.61125
4.69235
4.7547
4.754725
4.769175
4.80535
4.835875
4.846225
4.98355
5.0122
5.184775
5.283125
5.28545
5.3076
5.33425
5.45535
5.54055
5.6733
5.6824
5.70805
5.97895
6.003975
6.14165
6.334475
6.38555
6.5569
6.941225
6.981825
7.101
7.317
7.523275
7.55235
7.77785
7.898525
7.92435
7.958125
7.98665
8.043325
8.05525
8.54645
8.762325
9.010775
9.039075
9.066875
9.145825
9.1526
9.39005
9.622225
9.85935
159
