0.256775
0.409725
0.416025
0.421325
0.495
0.495325
0.5087
0.51215
0.527225
0.52795
0.53015
0.531775
0.5335
0.55825
0.591175
0.61955
0.62465
0.626325
0.6512
0.65575
0.66425
0.6961
0.70935
0.74315
0.75415
0.763025
0.7631
0.76485
0.7885
0.830975
0.83335
0.8351
0.860975
0.86775
0.95025
0.988375
1.027075
1.037275
1.0401
1.056925
1.0687
1.116875
1.1398
1.144625
1.15335
1.183925
1.191
1.207425
1.2364
1.25205
1.301875
1.308
1.31535
1.3267
1.33075
1.374575
1.38755
1.4616
1.495675
1.638125
1.64685
1.683725
1.723275
1.744425
1.8848
1.997275
2.07475
2.117625
2.2248
2.27405
2.286375
2.28975
2.359625
2.518925
2.612325
2.619875
2.7698
2.91585
2.955425
3.086175
3.0978
3.122225
3.2132
3.390775
3.4416
3.458625
3.6287
3.742175
3.83085
3.853275
3.910375
4.006525
4.02515
4.0435
4.07785
4.116275
4.156875
4.162825
4.164625
4.21305
4.24605
4.292175
4.345475
4.37795
4.561275
4.5835
4.618275
4.705225
4.77025
4.94705
5.040125
5.1473
5.160075
5.183775
5.350725
5.48935
5.550025
5.6684
5.776525
5.7891
5.886325
6.15085
6.196675
6.3325
6.4104
6.464725
6.530475
6.60615
6.634725
7.082025
7.272175
7.583475
7.6048
7.75375
8.14285
8.554875
8.611125
8.769475
8.8328
9.0405
9.1844
9.347775
9.7523
9.847875
144
