0.038875
0.333375
0.37385
0.402325
0.406925
0.419275
0.428275
0.459825
0.495225
0.4953
0.52975
0.541925
0.54405
0.548225
0.5497
0.554425
0.557625
0.5969
0.610375
0.611475
0.63295
0.635575
0.643775
0.66085
0.677525
0.687425
0.6878
0.69945
0.702775
0.711275
0.7453
0.779075
0.787175
0.811125
0.81875
0.821075
0.837375
0.900425
0.9028
0.909125
0.91375
0.9317
0.944725
0.96255
0.9714
0.990125
1.014675
1.020225
1.0281
1.0358
1.0377
1.041625
1.05795
1.10225
1.109075
1.120425
1.127625
1.166175
1.20005
1.229775
1.229825
1.23045
1.258075
1.274275
1.351975
1.416225
1.422325
1.465375
1.473275
1.476775
1.480125
1.5181
1.560875
1.625175
1.711525
1.72015
1.72255
1.76775
1.84095
1.86015
1.87405
1.876175
1.8966
1.91265
1.963225
1.96345
2.04895
2.230075
2.3075
2.3097
2.31845
2.35965
2.396175
2.436425
2.4459
2.451175
2.462175
2.4632
2.4677
2.4994
2.524925
2.596675
2.6684
2.700625
2.7301
2.756375
2.825175
2.854225
2.93185
2.98825
3.27395
3.28335
3.30765
3.554125
3.573725
3.8572
3.92055
4.0044
4.13455
4.267475
4.355925
4.37855
4.3815
4.4225
4.6122
4.904875
5.060375
5.0653
5.2201
5.243675
5.312575
5.313925
5.727975
5.7851
5.834725
5.9215
5.93185
5.968575
5.99835
6.131625
6.17075
6.211175
6.37875
6.529125
6.557125
6.565175
6.727825
6.756225
6.83795
6.850875
6.8776
6.90975
6.94305
7.054
7.183575
7.2265
7.2462
7.2918
7.3749
7.396625
7.4275
7.483475
7.488925
7.4954
7.908125
8.32085
8.3401
8.435925
8.523225
9.183325
9.222825
9.338525
9.66945
9.700075
9.717475
175
