0.080875
0.209025
0.4145
0.435375
0.461125
0.490525
0.514775
0.5148
0.5379
0.56875
0.592675
0.600025
0.6112
0.62535
0.625925
0.649725
0.6595
0.67125
0.67185
0.67365
0.676525
0.678125
0.68265
0.683625
0.6904
0.72275
0.72455
0.73025
0.732275
0.76265
0.78745
0.7905
0.8047
0.81705
0.821825
0.82935
0.838725
0.86575
0.940725
0.9703
1.0676
1.09815
1.113
1.114975
1.125025
1.157825
1.195725
1.23855
1.29025
1.318825
1.3456
1.36715
1.44145
1.456875
1.51845
1.607325
1.627075
1.68795
1.6884
1.71535
1.7689
1.7773
1.811775
1.821825
1.9638
2.03035
2.040175
2.083175
2.1382
2.176375
2.184925
2.216025
2.26745
2.28565
2.3213
2.421275
2.48675
2.547375
2.552125
2.6898
2.692025
2.7313
2.79205
2.7999
2.859775
2.926525
3.2034
3.2207
3.25435
3.281575
3.34565
3.4151
3.471225
3.4761
3.52635
3.648025
3.662525
3.70225
3.70595
3.88345
3.912325
3.984425
4.0162
4.060625
4.182675
4.23795
4.25185
4.322925
4.3543
4.42675
4.490925
4.523825
4.6859
4.731475
4.777175
4.823825
4.834825
4.87235
4.936375
5.100825
5.318
5.372625
5.40135
5.433575
5.43675
5.4927
5.7021
5.892425
6.07285
6.25455
6.448075
6.620025
6.680525
6.744225
7.30515
7.48855
7.496275
7.594475
7.6111
7.6588
7.69255
7.749775
7.79355
7.82225
7.880125
7.918025
7.95515
8.06435
8.249325
8.267675
8.643775
8.7664
8.84005
8.874775
9.02675
9.08975
9.20185
9.47075
9.483025
9.48795
9.686625
9.7446
9.9959
163
