0.18455
0.450725
0.47925
0.482325
0.49205
0.492575
0.506
0.509075
0.519175
0.526625
0.531025
0.5407
0.543275
0.55155
0.56765
0.58195
0.60855
0.628025
0.63625
0.7051
0.7172
0.72325
0.741975
0.74585
0.7555
0.77295
0.788275
0.795
0.7979
0.8058
0.83485
0.842675
0.8481
0.85375
0.89085
0.89245
0.893125
0.896525
0.897475
0.9031
0.961625
0.97285
0.973975
0.980725
0.98905
0.990825
0.992275
1.076975
1.08315
1.0888
1.089075
1.097925
1.132375
1.140525
1.19335
1.2317
1.332775
1.3585
1.3636
1.40255
1.466875
1.4959
1.5227
1.554475
1.5709
1.5952
1.64425
1.649675
1.66545
1.674825
1.704
1.87455
1.92715
1.9715
2.0355
2.071725
2.1324
2.133675
2.204875
2.206725
2.43125
2.478375
2.4841
2.523
2.54705
2.5572
2.594975
2.821975
2.88995
2.9002
2.901525
2.907325
2.91735
2.96365
2.99635
3.052775
3.21485
3.238225
3.26195
3.40405
3.40925
3.4863
3.5034
3.514075
3.61865
3.713975
3.75345
3.77485
4.02625
4.027275
4.07525
4.124
4.1606
4.224125
4.228475
4.2636
4.339675
4.34675
4.35625
4.5822
4.63855
4.706975
4.7432
5.03815
5.0474
5.3069
5.3774
5.50645
5.747025
5.772975
5.8792
5.943225
6.027775
6.5919
6.618375
6.698575
6.74835
6.79495
6.88335
6.91705
7.039325
7.654125
7.680275
7.998
7.999625
8.035175
8.079175
8.087225
8.267925
8.322075
8.324
8.366
8.43175
8.43285
8.615025
8.658025
8.663625
8.715175
8.78615
9.18535
9.54485
9.6047
9.68925
9.72595
9.9489
165
