0.033175
0.0778
0.453975
0.49545
0.497675
0.52745
0.5415
0.55945
0.56735
0.5922
0.593375
0.6073
0.65055
0.650575
0.655925
0.6722
0.677325
0.681375
0.698075
0.7134
0.731275
0.735875
0.74525
0.758525
0.76515
0.7762
0.792025
0.792475
0.81885
0.8218
0.82195
0.82825
0.83685
0.884575
0.889025
0.917475
0.93895
0.97015
0.998
1.044525
1.04615
1.055575
1.06275
1.1381
1.147025
1.16755
1.196375
1.20965
1.21315
1.2566
1.27855
1.396225
1.416375
1.496475
1.504375
1.54695
1.554725
1.7284
1.7601
1.8385
1.84355
1.86465
1.99285
2.0067
2.10445
2.157425
2.17465
2.18
2.224575
2.4458
2.4881
2.50995
2.58735
2.590575
2.642075
2.6716
2.72865
2.84485
2.93335
2.95435
2.965775
3.054125
3.078675
3.091925
3.114625
3.122225
3.145625
3.242975
3.260825
3.384175
3.567975
3.669275
3.73085
3.808425
3.885725
4.0975
4.199875
4.2056
4.2202
4.326175
4.3448
4.42185
4.48545
4.566075
4.646625
4.74215
4.861975
4.88085
4.952175
5.021575
5.3297
5.391
5.53135
5.5421
5.54595
5.5886
5.86025
5.9058
5.906
5.99395
6.067025
6.3062
6.3225
6.332525
6.33485
6.3858
6.399925
6.538875
6.5635
6.65125
6.725175
6.97705
7.13155
7.187325
7.211175
7.2899
7.411675
7.4582
7.732875
8.1001
8.11145
8.121375
8.2011
8.2663
8.274525
8.634125
8.736925
9.09645
9.107975
9.281825
9.3004
9.371425
9.609025
9.8047
9.9218
9.936525
156
