0.0387
0.1331
0.4417
0.45395
0.4749
0.481375
0.489325
0.493175
0.502325
0.50775
0.510325
0.5125
0.51535
0.517875
0.52045
0.5216
0.5369
0.54595
0.555075
0.5563
0.566775
0.5806
0.58645
0.588125
0.5913
0.60815
0.611225
0.613125
0.6212
0.650975
0.658275
0.663
0.66765
0.6732
0.70445
0.716925
0.742375
0.780375
0.841475
0.855825
0.882425
0.893225
0.8952
0.8994
0.909875
0.937525
0.94075
0.959625
0.962525
0.984325
0.9895
1.004875
1.02665
1.02765
1.0758
1.09635
1.104975
1.153275
1.1703
1.1975
1.228825
1.26285
1.29495
1.30885
1.342225
1.3587
1.372725
1.43045
1.477475
1.49255
1.598125
1.6206
1.6633
1.69425
1.71135
1.76285
1.8292
1.851
1.907975
1.94225
2.02275
2.046325
2.061725
2.090725
2.124175
2.15445
2.24275
2.260975
2.278425
2.328
2.42955
2.53165
2.56435
2.62415
2.672375
2.679925
2.719
2.8285
2.829225
2.85015
2.8643
2.88255
3.0125
3.183325
3.295475
3.330775
3.45375
3.58185
3.6903
3.78625
3.828625
3.83615
3.881075
4.060275
4.122675
4.187625
4.21405
4.229825
4.392125
4.400075
4.549875
4.570025
4.61775
4.653825
4.68585
4.7099
4.7128
4.714825
4.7153
4.723075
4.858
4.9056
5.01595
5.04755
5.1814
5.370375
5.4037
5.5229
5.565125
5.624675
5.65385
5.695
5.76515
5.7948
5.8097
5.8517
5.8986
5.93185
5.9848
6.1152
6.1815
6.235575
6.42925
6.804125
6.823825
7.02605
7.038575
7.069
7.085325
7.096025
7.2217
7.24445
7.304925
7.32545
7.33665
7.81415
7.880925
7.955775
8.103375
8.229325
8.359775
8.432
8.539025
8.59005
8.5989
8.690775
8.893325
8.94355
8.956125
9.044075
9.162925
9.267625
9.642875
9.7363
9.73805
9.83355
9.88175
9.9266
9.935875
9.9979
190
