0.252075
0.252225
0.26205
0.2852
0.336575
0.3521
0.4923
0.493175
0.526075
0.53205
0.53585
0.544775
0.548275
0.5676
0.579725
0.584925
0.589575
0.604175
0.614525
0.624275
0.62975
0.6565
0.661275
0.662175
0.6861
0.6951
0.73375
0.750575
0.7785
0.79625
0.807625
0.824875
0.830225
0.85385
0.9014
0.91335
0.926075
0.93735
0.94345
0.944925
0.94825
0.964175
0.97355
0.9961
1.02245
1.036475
1.058175
1.066875
1.075925
1.093275
1.094325
1.0964
1.110375
1.112225
1.1276
1.134225
1.1361
1.14215
1.18475
1.236075
1.30925
1.346375
1.351775
1.3891
1.394225
1.396975
1.42015
1.42515
1.44075
1.5577
1.611275
1.63055
1.662775
1.668775
1.695475
1.823775
1.966575
1.97765
1.99555
2.042625
2.09185
2.16605
2.336125
2.355375
2.3614
2.403925
2.411475
2.444125
2.576225
2.616425
2.713525
2.878
2.8964
2.94015
3.020075
3.185925
3.29895
3.302625
3.307525
3.421525
3.429175
3.4922
3.4995
3.520675
3.596925
3.601325
3.642975
3.70385
3.796425
3.891525
3.900075
4.1142
4.19645
4.2607
4.273175
4.351925
4.42055
4.45775
4.490575
4.633775
4.66605
4.8362
4.86195
4.9208
4.97275
5.004
5.08185
5.207975
5.36305
5.6366
5.705875
5.725825
5.783875
5.8122
5.901375
5.91755
5.9413
5.9789
6.019575
6.0291
6.113275
6.145375
6.297325
6.318925
6.428425
6.501975
6.6141
6.86435
6.90965
7.04775
7.14665
7.3088
7.321775
7.8588
7.952075
8.154175
8.241975
8.286525
8.33555
8.403575
8.54185
8.833825
8.870975
8.9215
9.003
9.078975
9.208925
9.376
9.4853
9.635975
9.65415
9.6578
9.661575
9.6741
9.766875
9.920275
9.969725
9.998025
178
