0.3095
0.4201
0.4397
0.453975
0.459425
0.466225
0.513225
0.524475
0.52805
0.53415
0.535625
0.542125
0.54295
0.545475
0.561975
0.5621
0.562125
0.57865
0.58345
0.584125
0.588925
0.594
0.60175
0.606925
0.612075
0.63195
0.644525
0.662725
0.66635
0.7063
0.723275
0.748175
0.754425
0.7684
0.775825
0.776575
0.79165
0.81065
0.81875
0.819475
0.8278
0.83895
0.8492
0.852775
0.86455
0.866425
0.885725
0.8923
0.895075
0.89525
0.93145
0.96155
0.963125
0.999
1.0582
1.0651
1.095225
1.13705
1.18665
1.213725
1.22485
1.2898
1.322425
1.3491
1.45455
1.480475
1.53905
1.61265
1.638925
1.720975
1.774125
1.883075
1.885625
1.934825
2.163575
2.236175
2.2853
2.37105
2.3952
2.5009
2.732025
2.84625
2.858975
2.903375
3.016725
3.355275
3.460875
3.493725
3.5149
3.5163
3.62795
3.65125
3.84405
3.862875
3.86765
3.879425
3.919175
3.93245
4.003925
4.0663
4.094975
4.117075
4.2484
4.2777
4.451425
4.50045
4.543575
4.673225
4.823275
4.8651
5.21305
5.30675
5.329725
5.357225
5.362825
5.4184
5.4636
5.475375
5.525925
5.619425
5.835275
5.868975
5.872
5.896625
6.13405
6.136425
6.300125
6.398425
6.4133
6.4463
6.544475
6.577
6.634875
6.743725
6.74835
6.85965
6.86935
6.8728
6.9704
7.207475
7.35455
7.667525
7.741225
7.74565
8.02775
8.12865
8.18455
8.220875
8.64505
8.818075
9.0124
9.3507
9.46055
9.53175
9.5681
9.888875
9.892475
9.8963
158
