0.4068
0.440975
0.4853
0.490825
0.495525
0.504675
0.5201
0.5219
0.52575
0.56115
0.56205
0.582675
0.60405
0.63155
0.632925
0.664475
0.681275
0.6892
0.699325
0.7006
0.702625
0.72215
0.744875
0.7552
0.8078
0.833125
0.8487
0.8668
0.86695
0.87095
0.893725
0.907975
0.908975
0.930275
0.977425
1.027875
1.084575
1.11425
1.1811
1.213925
1.22665
1.2382
1.434425
1.4891
1.494025
1.5434
1.581175
1.605775
1.71235
1.7248
1.73025
1.7902
1.893175
1.904475
1.9102
2.043225
2.07525
2.08365
2.089625
2.117975
2.197
2.20885
2.335075
2.38545
2.4051
2.651275
2.75575
2.771175
2.8277
2.859125
2.899625
2.9059
2.92045
2.942775
3.02395
3.02955
3.0336
3.1339
3.153475
3.2778
3.393125
3.396575
3.4895
3.515425
3.592125
3.62825
3.6562
3.69725
3.758075
3.76235
3.79795
3.838775
3.844625
3.991725
4.104275
4.140875
4.268825
4.284025
4.5012
4.63315
4.6923
4.75555
4.87505
5.0861
5.1531
5.292375
5.339725
5.502225
5.522375
5.5388
5.552525
5.600875
5.618825
5.697025
5.830675
5.96925
5.972925
6.1675
6.3082
6.308975
6.391625
6.409
6.724825
7.04645
7.145825
7.160625
7.1643
7.322975
7.422675
7.538375
7.58575
7.666325
7.83295
7.9989
8.02925
8.030675
8.04635
8.5694
8.768325
8.906525
9.0192
9.45275
142
