0.004725
0.020725
0.285875
0.4404
0.44375
0.4557
0.492075
0.49755
0.501925
0.504875
0.533125
0.5385
0.54905
0.549425
0.5512
0.553075
0.555075
0.58705
0.5908
0.604925
0.610325
0.612025
0.612075
0.617
0.6219
0.635675
0.657875
0.684025
0.699825
0.7124
0.722925
0.743475
0.745675
0.75925
0.7636
0.76495
0.769125
0.781825
0.820125
0.838225
0.88845
0.895825
0.9183
0.923475
0.960625
0.9748
0.986575
0.99965
1.0059
1.0278
1.045725
1.085825
1.13325
1.160475
1.175925
1.17615
1.229225
1.3356
1.39495
1.400075
1.40955
1.435325
1.45845
1.459025
1.464075
1.5558
1.619075
1.710675
1.85555
1.988275
2.017
2.0281
2.083075
2.1556
2.163525
2.166
2.196875
2.206325
2.206825
2.2127
2.232725
2.23775
2.36215
2.37415
2.384525
2.43375
2.4473
2.475825
2.5082
2.541575
2.5582
2.664125
2.6759
2.7645
2.77235
2.974975
3.13135
3.1442
3.201625
3.23975
3.4074
3.62195
3.624275
3.659225
3.6962
3.719475
3.720975
3.785725
3.810975
3.819025
3.858275
4.0405
4.059625
4.08245
4.127975
4.1746
4.37615
4.4005
4.432375
4.4378
4.50895
4.522925
4.529975
4.571475
4.585275
5.143975
5.193075
5.198525
5.29845
5.312675
5.316075
5.387925
5.461925
5.48045
5.51865
5.651625
5.684175
5.8335
5.880275
5.8996
5.9665
6.12725
6.468425
6.514375
6.622775
6.628
7.040725
7.257825
7.353575
7.38935
7.445975
7.45735
7.47275
7.4937
7.533725
7.550225
7.717
7.837725
7.892975
8.039025
8.224075
8.46945
8.4847
8.672225
8.758325
8.79735
8.861425
8.948425
8.956975
8.978875
9.368575
9.423925
9.495375
9.621025
9.719475
9.77005
176
