0.129025
0.40065
0.423575
0.435225
0.471
0.471825
0.488775
0.496725
0.510475
0.514525
0.514675
0.516325
0.542275
0.542725
0.545075
0.554825
0.565325
0.58195
0.58715
0.5932
0.5939
0.595975
0.59775
0.640425
0.6727
0.675375
0.71905
0.719925
0.743875
0.746025
0.75895
0.759425
0.76675
0.7701
0.7814
0.8056
0.810925
0.81315
0.816125
0.843575
0.845925
0.848175
0.862325
0.8766
0.892975
0.9193
0.944275
0.953975
0.95725
0.987
1.014275
1.026425
1.02805
1.03605
1.05945
1.066475
1.068575
1.14665
1.218375
1.25315
1.268525
1.299225
1.338225
1.410175
1.43925
1.5126
1.5191
1.791125
1.829375
1.86115
2.03845
2.04535
2.070475
2.09045
2.16575
2.209375
2.2318
2.260225
2.440125
2.4602
2.624625
2.7327
2.8328
2.845275
2.8894
2.89525
2.951325
2.965975
3.122175
3.16175
3.224525
3.2658
3.28145
3.3106
3.417425
3.43225
3.52225
3.607425
3.625875
3.771475
3.79835
3.800625
3.8338
3.83525
3.905975
3.9086
3.9092
3.957425
4.1305
4.19215
4.263575
4.283225
4.2857
4.3185
4.328325
4.429225
4.449175
4.47265
4.5256
4.61585
4.61885
4.81215
4.94165
4.985475
5.0091
5.0516
5.171
5.218275
5.29565
5.440325
5.570975
5.641625
5.844525
5.928575
6.022875
6.15205
6.276425
6.388075
6.423775
6.5408
6.57365
6.735425
6.996925
7.091975
7.1956
7.237
7.319575
7.578975
8.13415
8.280625
8.570375
8.578875
8.74145
8.7444
8.94665
9.163225
9.164875
9.232325
9.2572
9.362075
9.464025
9.47705
9.4772
9.4864
9.650725
9.75415
9.824425
167
