0.04415
0.07455
0.14145
0.207725
0.23495
0.277725
0.43335
0.4404
0.4827
0.5224
0.530925
0.5391
0.540475
0.54335
0.54645
0.5563
0.55785
0.56805
0.570775
0.5724
0.57335
0.574925
0.58625
0.58825
0.5917
0.624275
0.629725
0.635925
0.64635
0.6516
0.652725
0.661075
0.661275
0.683875
0.685175
0.692375
0.699225
0.701975
0.708675
0.7285
0.73605
0.74785
0.77345
0.7761
0.79425
0.806575
0.81095
0.8187
0.82405
0.851325
0.856925
0.86095
0.864125
0.913925
0.948875
0.9505
0.95065
0.951675
0.9663
0.967275
0.972025
0.97805
1.07515
1.076175
1.088375
1.11955
1.122275
1.13655
1.138925
1.170475
1.190775
1.254425
1.273175
1.291275
1.29205
1.337525
1.4176
1.435125
1.478
1.538925
1.542775
1.544775
1.57125
1.58835
1.62365
1.639775
1.677275
1.754475
1.769875
1.8523
2.0556
2.242125
2.284625
2.3173
2.37055
2.4109
2.436925
2.605975
2.6142
2.634975
2.7347
2.74145
2.756275
2.84885
2.8877
3.10415
3.14915
3.18225
3.477925
3.60385
3.798125
3.801775
3.9313
4.033725
4.115325
4.145725
4.19965
4.4072
4.456375
4.4805
4.5018
4.518825
4.5521
4.56765
4.631225
4.821625
4.859225
4.981775
5.010175
5.237075
5.2659
5.511975
5.92545
5.928075
6.1051
6.16225
6.187725
6.29385
6.440475
6.481175
6.533425
6.57275
6.708875
6.762975
7.004175
7.0066
7.153825
7.19505
7.33125
7.525225
7.528575
7.632625
7.681475
7.8501
7.94875
8.1888
8.295125
8.51965
8.62335
8.6522
9.3173
9.331325
9.33135
9.577
9.854
165
