0.000125
0.293525
0.3156
0.317975
0.427075
0.450525
0.486725
0.49145
0.494325
0.49465
0.502675
0.503575
0.51965
0.53525
0.54005
0.5448
0.571475
0.571825
0.574575
0.580175
0.5886
0.59155
0.5941
0.61005
0.6209
0.6655
0.68695
0.695475
0.697525
0.70075
0.719225
0.72265
0.72325
0.772125
0.804625
0.80785
0.812525
0.8344
0.85605
0.861625
0.88975
0.89305
0.909075
0.9232
0.931475
0.9492
0.960925
0.96575
0.9739
0.980025
0.98665
0.986975
1.0109
1.033175
1.047625
1.073075
1.08315
1.0961
1.120625
1.122425
1.12615
1.20125
1.206575
1.210475
1.227825
1.250975
1.25345
1.409575
1.41895
1.42265
1.51785
1.5253
1.53325
1.583325
1.614175
1.64315
1.87995
1.902925
1.954825
1.98165
1.985725
2.000575
2.01665
2.195325
2.258
2.28785
2.290175
2.297325
2.339275
2.40475
2.40995
2.59855
2.67805
2.797675
2.905775
3.10935
3.206625
3.2091
3.3352
3.3496
3.4171
3.4389
3.482925
3.4901
3.579025
3.627675
3.7919
3.8276
3.876425
3.9334
4.00785
4.350625
4.390475
4.478625
4.543875
4.662575
4.77575
4.922975
4.9749
4.98225
5.1566
5.293525
5.4078
5.90805
5.948775
6.036825
6.0462
6.074425
6.35045
6.462175
6.502075
6.6622
6.766625
6.822375
6.932075
6.9327
7.112775
7.1414
7.18095
7.406575
7.5923
7.666625
7.8407
7.988125
8.3134
8.412325
8.45665
8.7224
8.856575
9.0217
9.083025
9.150775
9.438925
9.60255
9.687
9.704
156
