0.0402
0.105625
0.156575
0.411175
0.45515
0.469225
0.4865
0.51555
0.519625
0.52145
0.525575
0.53485
0.54265
0.5535
0.5716
0.5798
0.590125
0.5968
0.60665
0.62345
0.629775
0.62985
0.633275
0.638925
0.647775
0.658775
0.66715
0.693625
0.7265
0.727875
0.8001
0.80385
0.83455
0.851275
0.882325
0.908625
0.91735
0.9205
0.9246
0.930175
0.93045
0.949075
0.96085
0.973075
0.985275
1.0132
1.032725
1.032875
1.042875
1.04615
1.101975
1.1135
1.12205
1.1616
1.250875
1.259225
1.27995
1.28965
1.338725
1.379775
1.4027
1.403725
1.40875
1.433425
1.46495
1.472875
1.502875
1.523275
1.529925
1.5876
1.6041
1.62835
1.64025
1.65435
1.68725
1.724475
1.77535
1.8633
1.938825
1.95375
1.9649
1.9758
2.049725
2.05425
2.0826
2.174025
2.2335
2.235025
2.274125
2.2749
2.32465
2.39105
2.4062
2.4174
2.447
2.45375
2.473925
2.59245
2.637825
2.654325
2.76445
2.8967
2.932075
3.05675
3.182525
3.184325
3.2371
3.2518
3.4121
3.509525
3.527825
3.599175
3.658325
3.87875
3.952475
4.050525
4.050725
4.134325
4.28465
4.3656
4.378825
4.459425
4.575375
4.990325
5.1246
5.14395
5.195575
5.40745
5.448675
5.4693
5.471775
5.5617
5.626275
5.9775
6.0921
6.259175
6.274825
6.355375
6.49265
6.59735
6.8063
7.209025
7.25465
7.27395
7.318775
7.342975
7.41165
7.6105
7.920225
8.002875
8.022375
8.0804
8.11565
8.140125
8.24025
8.609525
8.619925
8.913525
9.1777
9.31
9.402725
9.4494
9.454675
9.64805
9.693425
165
