0.182225
0.2627
0.377925
0.433225
0.472
0.487825
0.525175
0.54435
0.563525
0.56665
0.57435
0.57445
0.5795
0.60985
0.61105
0.618225
0.6502
0.6565
0.66845
0.669825
0.681525
0.683075
0.6949
0.701725
0.7123
0.72225
0.722525
0.7274
0.73365
0.74715
0.75245
0.77305
0.8187
0.82315
0.849175
0.86555
0.9116
0.9137
0.917375
0.9381
0.97535
0.97735
1.027575
1.039275
1.068025
1.139425
1.153825
1.17745
1.256275
1.278425
1.30435
1.445225
1.484725
1.698875
1.704175
1.7692
1.780325
1.85545
1.90025
1.9003
1.901625
1.964825
1.9829
1.993775
2.200975
2.210275
2.3604
2.478925
2.484825
2.5485
2.55085
2.553575
2.579475
2.5984
2.6946
2.73795
2.73975
2.7652
2.78075
2.7812
2.78155
2.84115
2.850325
2.85145
2.8994
2.967725
3.093375
3.107925
3.12165
3.256925
3.322675
3.36955
3.421475
3.53285
3.57925
3.64685
3.702725
3.81205
3.8779
3.88625
3.92495
4.302375
4.336325
4.446225
4.577225
4.6134
4.621025
4.651325
4.658175
4.714675
4.894175
4.9287
4.9576
5.01235
5.024925
5.049475
5.202525
5.289575
5.34615
5.477675
5.55955
5.65285
6.1223
6.1304
6.144925
6.230225
6.2568
6.370275
6.416075
6.481175
6.488125
6.509875
6.678275
6.6995
6.904325
6.966375
7.027075
7.08215
7.153375
7.2002
7.348025
7.362475
7.59885
7.815125
7.914625
8.56815
8.78515
8.793275
8.815925
9.0115
9.068725
9.129525
9.342025
9.382175
9.42745
9.683525
9.70605
9.719975
9.77945
9.845775
160
