0.0596
0.4665
0.4966
0.4979
0.526
0.542275
0.555025
0.573275
0.575875
0.59135
0.61405
0.61575
0.6221
0.648575
0.693875
0.695925
0.70985
0.712
0.71465
0.74885
0.76675
0.77445
0.7795
0.792625
0.793425
0.817225
0.8336
0.85395
0.8623
0.8671
0.8698
0.8808
0.900625
0.914875
0.9179
0.919375
1.019125
1.037
1.21705
1.22525
1.26045
1.28915
1.315075
1.330925
1.335775
1.386425
1.41425
1.415625
1.46515
1.486725
1.531125
1.542525
1.560675
1.575675
1.608275
1.61005
1.6303
1.72125
1.749575
1.7777
1.811075
1.89965
1.903025
1.9094
1.928225
1.93625
1.953525
1.9649
2.01375
2.024925
2.100775
2.1052
2.111675
2.116675
2.1675
2.267225
2.2689
2.282675
2.339425
2.343475
2.3648
2.39815
2.425325
2.4265
2.452125
2.465925
2.497775
2.53165
2.660525
2.762975
2.86395
2.86645
2.8669
2.89445
2.97305
3.00915
3.062275
3.12485
3.183175
3.251375
3.33125
3.347975
3.355525
3.513425
3.5367
3.68725
3.699225
3.8091
3.820475
3.8497
3.86715
3.970925
4.02785
4.03145
4.069275
4.0818
4.164225
4.343375
4.589425
4.66385
4.978175
4.9843
5.01325
5.3931
5.504825
5.512575
5.531225
5.6033
5.741325
5.764475
5.87205
5.916525
5.986
6.12535
6.30085
6.718525
6.80165
6.8639
6.967775
7.11585
7.155925
7.2364
7.284225
7.579075
7.66855
7.699125
7.931825
7.9422
7.954225
7.976925
8.239325
8.2453
8.29635
8.336675
8.444375
8.55465
8.7149
8.89135
8.9242
9.06615
9.154725
9.16725
9.44305
9.603
164
