0.08625
0.260275
0.335475
0.4366
0.4669
0.4824
0.51445
0.515525
0.52045
0.54215
0.544675
0.54525
0.556525
0.5572
0.572275
0.573925
0.5966
0.60455
0.615875
0.626475
0.632325
0.6355
0.639175
0.643725
0.64825
0.659575
0.692775
0.6946
0.709175
0.71635
0.754325
0.75455
0.755
0.800275
0.801375
0.825525
0.827275
0.84515
0.861525
0.866575
0.871675
0.882975
0.886075
0.896125
0.912875
0.918325
0.95985
1.016075
1.0193
1.0294
1.052025
1.068325
1.099225
1.109275
1.186775
1.20325
1.2176
1.2352
1.236975
1.2819
1.32435
1.3991
1.448
1.654825
1.6584
1.66715
1.7439
1.78375
1.813325
1.821425
1.829425
1.833225
1.837675
1.897575
1.94345
1.957025
1.961375
2.0342
2.313975
2.327325
2.349925
2.35095
2.6658
2.682775
2.83825
2.84175
2.85715
2.86945
2.899125
3.012225
3.115425
3.162775
3.181325
3.19615
3.2453
3.2587
3.34405
3.59135
3.61235
3.643375
3.65465
3.7114
3.7263
3.728775
3.736175
3.86945
3.9745
3.994875
4.0799
4.110225
4.17645
4.200225
4.31275
4.396925
4.518425
4.534475
4.5493
4.622975
4.7162
4.781
4.786625
5.0529
5.1026
5.1847
5.25785
5.379225
5.39285
5.473575
5.50085
5.52795
5.656025
6.0922
6.1073
6.114575
6.12335
6.4405
6.577125
6.742475
6.758
6.801025
6.982
7.157175
7.207
7.24255
7.394
7.3959
7.57435
7.60585
7.721925
7.85175
7.907125
8.114075
8.12865
8.904225
8.9821
9.0376
9.187825
9.189025
9.275775
9.3074
9.4264
9.466225
9.50765
9.691175
9.733625
9.7538
9.80675
167
