0.320425
0.4657
0.49935
0.5001
0.5103
0.512975
0.533075
0.54275
0.589725
0.600825
0.62075
0.62295
0.62485
0.63825
0.661975
0.681625
0.690025
0.699225
0.702275
0.703425
0.7153
0.7261
0.74295
0.757375
0.7635
0.76965
0.78175
0.78385
0.7987
0.812125
0.815175
0.9048
0.906425
0.911375
0.932775
0.9469
0.95125
1.000175
1.010975
1.035775
1.03885
1.0471
1.06075
1.1078
1.116775
1.119725
1.136875
1.14105
1.16695
1.232275
1.261275
1.335
1.36825
1.393225
1.4187
1.457325
1.477925
1.47905
1.486475
1.5711
1.5756
1.70815
1.728175
1.740375
2.062875
2.1215
2.12995
2.1356
2.17845
2.238625
2.304975
2.305575
2.470225
2.516425
2.5868
2.62715
2.677925
2.76285
2.7945
2.812025
2.853425
2.872625
2.947
2.970825
2.973625
3.041075
3.0456
3.08165
3.116375
3.183775
3.195275
3.276575
3.296475
3.309925
3.42815
3.4943
3.5471
3.687675
3.7974
3.95915
4.072075
4.145025
4.16985
4.299875
4.310725
4.466825
4.58115
4.600875
4.746525
4.756525
4.824475
4.9128
4.9244
5.020625
5.031925
5.139275
5.214375
5.27385
5.31315
5.558925
5.577075
5.58485
5.588275
5.649725
5.67985
5.859425
5.89485
5.914
6.0295
6.0684
6.122175
6.17335
6.2734
6.384875
6.389225
6.41365
6.428125
6.6386
6.6595
6.768825
6.7737
6.8256
6.875725
6.891075
6.94225
6.966025
7.045575
7.24705
7.2658
7.290675
7.30265
7.47445
7.5029
7.63275
7.647125
7.65415
7.710975
7.985375
8.1677
8.2338
8.2922
8.42355
8.57675
8.662125
8.670575
8.7023
8.8821
9.2177
9.418775
9.6378
9.657425
9.686875
172
