0.108225
0.183475
0.251275
0.406375
0.4597
0.48255
0.495525
0.501525
0.51875
0.528125
0.58545
0.5904
0.616425
0.63005
0.6435
0.65015
0.67725
0.689575
0.734175
0.746825
0.766625
0.7747
0.80535
0.82115
0.827575
0.861875
0.8825
0.8942
0.900075
0.92305
0.928125
0.937375
0.944075
0.94665
0.9578
0.9595
0.983775
0.993775
1.061
1.067575
1.1237
1.2021
1.2226
1.302275
1.333225
1.34745
1.471225
1.47515
1.476925
1.60195
1.624325
1.6467
1.647975
1.663675
1.711
1.71785
1.8076
1.82035
2.06495
2.1764
2.307125
2.340475
2.3717
2.5133
2.602825
2.626975
2.63785
2.64915
2.7687
2.8714
2.96535
2.979275
3.04425
3.139375
3.181275
3.229375
3.2843
3.454375
3.5273
3.58395
3.75955
3.788725
3.797525
3.803475
3.803525
3.83735
3.8577
4.0133
4.0317
4.07825
4.08395
4.1183
4.15
4.2285
4.269525
4.274025
4.28785
4.543975
4.6854
4.704875
4.74325
5.00355
5.18355
5.268275
5.27095
5.310225
5.485
5.54035
5.6842
5.936875
6.13265
6.157525
6.426825
6.495075
6.529625
6.551175
6.80725
7.15845
7.23855
7.36425
7.369025
7.572525
8.0185
8.249675
8.2682
8.380675
8.56105
8.678625
8.954225
8.9899
9.020625
9.387725
9.5641
9.9601
134
