0.27065
0.42985
0.4411
0.4552
0.470625
0.473175
0.47685
0.4776
0.48405
0.503375
0.5276
0.52845
0.532075
0.546425
0.56035
0.565525
0.5702
0.5832
0.59915
0.6073
0.61125
0.616375
0.62115
0.636825
0.6477
0.64895
0.65375
0.667175
0.67685
0.697075
0.698575
0.717125
0.731475
0.736975
0.740975
0.745925
0.747075
0.761175
0.77005
0.772175
0.80265
0.80575
0.8291
0.83535
0.851475
0.8612
0.864075
0.8656
0.881075
0.89195
0.903175
0.919825
0.93315
0.949975
1.025075
1.0264
1.050725
1.064725
1.13985
1.1467
1.1825
1.187075
1.19565
1.2127
1.216575
1.283275
1.285825
1.291675
1.301175
1.30245
1.30355
1.3381
1.339725
1.38885
1.41595
1.4576
1.483375
1.5912
1.739825
1.75495
1.895325
1.975525
2.01955
2.0287
2.08315
2.125825
2.139425
2.2239
2.244275
2.318775
2.3454
2.37975
2.385375
2.40365
2.48875
2.496275
2.50075
2.573875
2.580575
2.5843
2.66275
2.7374
2.772975
2.8364
2.8452
2.869525
2.87805
2.975525
3.12295
3.280275
3.28815
3.344175
3.394675
3.48095
3.488875
3.600975
3.646825
3.8612
3.876175
3.8904
3.893775
3.902425
4.017475
4.093025
4.12515
4.1258
4.2007
4.22505
4.2677
4.34615
4.479825
4.537675
4.701975
4.70275
4.818425
4.8443
4.88665
5.01375
5.113425
5.2138
5.2744
5.349225
5.4064
5.421225
5.58195
5.625975
5.6383
5.669375
5.7512
5.896075
5.985625
6.08355
6.1149
6.21065
6.253125
6.3125
6.40065
6.464125
6.700075
6.723175
6.905225
6.96115
7.084975
7.318375
7.34045
7.46545
7.996075
8.544975
8.7223
8.9477
9.040125
9.0603
9.727975
9.769425
9.78775
9.898025
176
