0.1603
0.253075
0.4945
0.495825
0.500525
0.5081
0.508275
0.5257
0.528
0.55005
0.555725
0.562925
0.567475
0.569375
0.57855
0.579225
0.58725
0.594875
0.603525
0.622
0.632125
0.635725
0.63785
0.647875
0.653875
0.661175
0.6648
0.666475
0.66895
0.679
0.7136
0.734275
0.746825
0.748375
0.748975
0.757475
0.758375
0.769925
0.8022
0.816725
0.8237
0.826875
0.85255
0.8584
0.875075
0.88215
0.90305
0.9379
0.97165
0.975075
1.0145
1.01575
1.06835
1.0712
1.129975
1.133425
1.139075
1.174225
1.18985
1.202925
1.2087
1.23895
1.250525
1.307875
1.321325
1.346925
1.36475
1.39255
1.41615
1.480425
1.4822
1.48665
1.510625
1.534775
1.5694
1.570875
1.584075
1.599525
1.61065
1.615325
1.6443
1.64665
1.66315
1.69585
1.7054
1.74225
1.756425
1.7632
1.76655
1.79385
1.7957
1.80585
1.828025
1.891125
1.964925
1.98115
1.990175
1.99105
2.039425
2.05175
2.154475
2.24775
2.251125
2.28825
2.292025
2.3377
2.36035
2.362025
2.380625
2.393775
2.4652
2.695475
2.7405
2.79595
2.83385
2.875875
3.1732
3.37375
3.3888
3.48925
3.663975
3.7574
3.782475
3.885175
3.91055
3.9518
3.9557
4.042475
4.043975
4.044175
4.0776
4.093775
4.1837
4.220525
4.33735
4.36505
4.5015
4.5107
4.565975
4.71225
4.771975
4.8182
4.818225
4.8686
4.964
5.1904
5.197375
5.2936
5.3094
5.3115
5.319975
5.347975
5.41485
5.476725
5.6436
5.64965
5.7009
5.898625
5.919225
5.987725
6.06025
6.1056
6.1188
6.197075
6.197225
6.300925
6.312075
6.541425
6.6521
6.802225
6.87635
6.9017
7.141225
7.19405
7.472925
7.480025
7.5926
7.599375
7.613725
7.668675
7.744025
7.74585
7.770775
7.820475
8.071825
8.524725
8.941225
8.9699
9.06595
9.10935
9.197125
9.28395
9.3785
9.43895
9.60285
9.66595
9.79995
197
