0.019175
0.1236
0.3077
0.34745
0.46185
0.46985
0.477475
0.4793
0.497025
0.5025
0.548625
0.5715
0.572925
0.57865
0.580525
0.582425
0.585275
0.593925
0.607225
0.6153
0.619625
0.6337
0.63415
0.635775
0.646275
0.670725
0.67155
0.67175
0.672825
0.701875
0.707875
0.720825
0.75295
0.7593
0.76185
0.768975
0.7815
0.7968
0.80655
0.807425
0.8119
0.818575
0.8449
0.8559
0.857275
0.862275
0.876575
0.883425
0.8868
0.89775
0.920675
0.99655
1.006925
1.01235
1.014625
1.024625
1.111075
1.112175
1.112625
1.1603
1.166475
1.183375
1.2134
1.220925
1.376775
1.386475
1.42995
1.492825
1.50355
1.55835
1.580925
1.60305
1.61485
1.6471
1.6827
1.695275
1.78395
1.81585
1.8243
1.836025
1.996575
2.005275
2.1164
2.11655
2.21235
2.2798
2.3019
2.474725
2.509875
2.514375
2.736875
2.8046
2.82425
2.835425
2.92655
3.00655
3.1425
3.15695
3.31545
3.327925
3.4835
3.5042
3.538
3.72135
3.7823
3.8308
3.9041
4.069
4.133025
4.149675
4.182475
4.285075
4.3776
4.399025
4.444325
4.5918
4.8506
4.86185
5.098975
5.10165
5.18535
5.21795
5.3495
5.446275
5.537125
5.736475
5.840625
5.868925
5.87095
5.88805
5.90485
6.00475
6.012025
6.2897
6.36045
6.541525
7.010425
7.024075
7.13395
7.293475
7.37115
7.38135
7.4598
7.463125
7.492825
7.500325
7.78575
7.897025
7.93705
7.97495
8.258675
8.272575
8.326275
8.3701
8.42875
9.0123
9.10825
9.180325
9.240925
9.46115
9.501375
9.64755
9.68125
9.709875
9.837225
9.853
9.930375
167
