0.066975
0.275575
0.30095
0.3703
0.428325
0.45235
0.45365
0.5073
0.515475
0.51965
0.553075
0.553875
0.5562
0.56345
0.566025
0.58
0.5924
0.59815
0.60545
0.6099
0.624625
0.6333
0.640125
0.679975
0.6896
0.691925
0.69495
0.6952
0.70315
0.71275
0.718325
0.718575
0.719175
0.721075
0.7214
0.728825
0.7699
0.78475
0.83385
0.83515
0.875125
0.881525
0.956925
1.025925
1.026275
1.0374
1.038
1.05115
1.072325
1.087675
1.08805
1.091625
1.111125
1.117725
1.14565
1.1504
1.1645
1.198575
1.206875
1.238025
1.282025
1.3128
1.35215
1.4351
1.48205
1.518625
1.569325
1.6
1.666425
1.71015
1.81765
1.830975
1.8622
2.001975
2.0243
2.1146
2.1755
2.1964
2.2455
2.262
2.335875
2.339575
2.35385
2.42995
2.4617
2.46285
2.498025
2.559925
2.612225
2.802475
2.909975
3.015225
3.01955
3.042125
3.04855
3.144275
3.25045
3.3085
3.4345
3.4396
3.47655
3.47875
3.492025
3.52825
3.700075
3.7199
3.7684
3.810375
3.8111
3.833275
3.84875
3.8981
3.922025
3.98125
3.984625
4.2034
4.2556
4.30615
4.377075
4.4241
4.576575
4.66855
4.68725
4.704275
4.902275
4.92285
4.986175
4.997225
4.999675
5.34835
5.359975
5.4052
5.4789
5.600425
5.751975
5.758975
5.82455
5.8666
5.895475
6.001025
6.24405
6.25105
6.3092
6.370175
6.50865
6.5858
6.5944
6.672675
6.7231
6.724075
6.79665
6.79835
6.84535
6.91975
6.923725
6.94565
6.960125
7.058925
7.2598
7.3445
7.84015
7.8671
7.98725
8.109725
8.266975
8.2913
8.3565
8.545275
8.60825
8.663775
8.720125
8.722225
9.1445
9.150925
9.26465
9.278275
9.31175
9.519775
9.556625
9.67905
9.7088
9.77505
9.897575
9.943125
184
