0.2672
0.42215
0.468975
0.482
0.48265
0.504525
0.51745
0.52175
0.52195
0.525175
0.529675
0.5299
0.5327
0.539325
0.560675
0.5635
0.5668
0.5755
0.580825
0.58095
0.587275
0.589175
0.605525
0.6176
0.621475
0.6293
0.63215
0.65215
0.665325
0.68225
0.683925
0.69205
0.712425
0.735575
0.745275
0.7769
0.8136
0.81465
0.82575
0.8273
0.8497
0.88085
0.88245
0.88435
0.927175
0.934325
0.9469
0.948475
0.977775
0.98895
0.995675
1.04975
1.05375
1.06145
1.074575
1.108425
1.19575
1.228975
1.252275
1.281125
1.3112
1.402225
1.421175
1.4343
1.563825
1.649825
1.6515
1.663
1.678025
1.69075
1.7436
1.7731
1.77625
1.805225
1.86875
1.883775
1.896
1.9262
1.928225
2.011225
2.0503
2.094975
2.25085
2.29135
2.291425
2.296475
2.340975
2.447775
2.467975
2.4739
2.65165
2.7658
2.864375
2.932025
2.9515
2.963525
2.976875
3.022775
3.035375
3.0371
3.12575
3.20395
3.224275
3.33695
3.373375
3.40225
3.423125
3.4248
3.43785
3.470325
3.64455
3.6589
3.6781
3.769725
3.8407
4.01435
4.05875
4.086025
4.1675
4.169125
4.1808
4.28085
4.3366
4.3381
4.37595
4.39855
4.4539
4.52695
4.62895
4.921025
4.968925
4.969475
5.075525
5.095475
5.3149
5.3534
5.444975
5.6858
5.882175
6.076425
6.110425
6.1299
6.3044
6.3481
6.380775
6.443775
6.4469
6.68665
6.73355
7.038025
7.1736
7.2098
7.211325
7.24815
7.324175
7.4992
7.558025
7.60345
7.753525
7.7833
8.00865
8.0527
8.1034
8.20665
8.338225
8.425775
8.44935
8.50835
8.557875
8.775675
9.01
9.08105
9.2526
9.256225
9.262675
9.332625
9.485775
9.676775
9.76925
9.8628
9.875525
9.919725
9.954125
183
