0.27145
0.287125
0.4112
0.466725
0.48145
0.4871
0.4903
0.494275
0.495775
0.501575
0.5058
0.51015
0.516925
0.53185
0.542925
0.5446
0.58975
0.608775
0.611825
0.6242
0.6243
0.62815
0.635125
0.64835
0.655125
0.671975
0.6778
0.6922
0.70935
0.71675
0.723375
0.7291
0.7304
0.789375
0.793775
0.822625
0.87095
0.8716
0.874525
0.8922
0.896725
0.922225
0.94585
0.94775
0.989525
0.9969
1.02325
1.0329
1.068
1.0746
1.223725
1.2302
1.252625
1.31895
1.32
1.331525
1.345225
1.35265
1.426325
1.44335
1.4646
1.538325
1.54475
1.56345
1.633925
1.64045
1.673275
1.749225
1.9192
2.00065
2.044975
2.12425
2.319525
2.3418
2.364625
2.399725
2.4912
2.496725
2.530825
2.689275
2.693025
2.77835
2.80065
2.833275
2.886425
3.044275
3.072425
3.07265
3.1192
3.266475
3.273525
3.366775
3.54685
3.5532
3.605
3.619425
3.6978
3.715175
3.721225
3.75375
3.8936
4.01565
4.109875
4.114375
4.1416
4.18635
4.272175
4.478825
4.57225
4.61545
4.727625
4.835475
4.9209
5.271025
5.466
5.470675
5.47955
5.544475
5.6946
5.8652
5.902375
5.909025
5.93315
6.2381
6.2624
6.570925
6.7388
7.057375
7.0891
7.18655
7.398775
7.427875
7.451875
7.7782
7.7967
7.866725
7.921425
7.9819
8.126225
8.4012
8.473425
8.6476
8.667675
8.73185
8.932925
8.94795
8.957175
8.95765
8.9931
9.028475
9.0713
9.158425
9.238375
9.28805
9.355825
9.662475
9.664625
9.990925
9.998325
159
