0.4051
0.443175
0.454875
0.48625
0.492275
0.51285
0.528675
0.53595
0.546475
0.559375
0.567275
0.5744
0.586225
0.5896
0.603825
0.6197
0.64345
0.6446
0.64615
0.66015
0.68885
0.6978
0.706175
0.718525
0.728075
0.732725
0.73375
0.74665
0.750575
0.84515
0.8466
0.920225
0.92915
0.938675
0.93885
0.97315
0.98635
1.010525
1.050675
1.118225
1.1817
1.205
1.236725
1.25965
1.35995
1.392225
1.4095
1.480975
1.5152
1.6298
1.70215
1.9132
1.978525
2.02855
2.030275
2.0311
2.092375
2.16395
2.28935
2.314525
2.3581
2.375425
2.385925
2.3939
2.490575
2.6334
2.6943
2.72235
2.7473
2.824675
2.912525
2.92375
3.0509
3.247975
3.368775
3.455475
3.5976
3.679125
3.816325
3.962825
4.054575
4.3164
4.384525
4.530625
4.65395
4.65905
4.66065
4.7991
4.812475
4.844925
4.8694
4.991925
5.042325
5.065425
5.157825
5.295925
5.308175
5.357575
5.41905
5.6046
5.71405
5.72485
5.75395
5.81155
5.853
5.8823
5.900475
5.905625
5.93545
5.99635
6.320225
6.322275
6.324575
6.34715
6.371575
6.613775
7.3422
7.3652
7.609625
7.65325
7.76655
7.827375
7.8867
7.917575
7.92015
8.1159
8.14805
8.189525
8.227225
8.4061
8.479025
8.584925
8.63575
8.73095
8.748175
9.31035
9.446525
9.764025
9.800375
9.836925
9.8536
141
