0.044175
0.152325
0.219875
0.22865
0.256575
0.453875
0.5089
0.50895
0.515375
0.521225
0.52255
0.527625
0.542525
0.548575
0.552175
0.55815
0.617475
0.61815
0.621
0.652575
0.6538
0.656525
0.683825
0.6906
0.710325
0.7288
0.733925
0.76935
0.7738
0.793625
0.8007
0.872075
0.894525
0.913225
0.917025
0.92575
0.9337
0.93725
0.94375
0.948425
0.97025
1.047625
1.097775
1.113275
1.118125
1.140475
1.16335
1.25105
1.261475
1.262875
1.332675
1.34525
1.358225
1.44775
1.451025
1.465225
1.4914
1.5507
1.583125
1.66565
1.66765
1.687525
1.8252
1.97045
2.038375
2.062525
2.1408
2.142075
2.171975
2.200425
2.278625
2.31075
2.36075
2.362375
2.5391
2.596925
2.676475
2.74455
2.753825
2.76225
2.810875
2.844525
2.907475
2.909625
2.93855
2.983125
2.996175
3.0739
3.1242
3.138325
3.1986
3.209125
3.21905
3.24765
3.2564
3.256525
3.323075
3.428875
3.43195
3.51195
3.519725
3.55985
3.9221
4.45165
4.469975
4.55365
4.6871
4.73935
4.75815
4.8786
4.908625
4.967275
5.0395
5.264625
5.285975
5.2881
5.46645
5.495725
5.900775
5.96505
5.982125
5.98645
6.03725
6.422075
6.42905
6.4834
6.644175
6.685525
6.6984
6.78295
6.7854
6.98955
7.02015
7.0329
7.043
7.067575
7.15845
7.16555
7.492175
7.52815
7.6942
7.93125
7.966525
8.0209
8.313725
8.36905
8.572425
8.75035
8.772625
9.02635
9.0275
9.17065
9.36415
9.3964
9.425175
9.52395
9.7773
9.782725
9.834575
9.889275
160
