0.442625
0.45695
0.487325
0.527275
0.593575
0.6014
0.60425
0.61075
0.6171
0.641975
0.661925
0.685275
0.69605
0.701375
0.740125
0.768525
0.771
0.77805
0.784525
0.78745
0.818325
0.821125
0.91775
0.933575
0.94585
0.965675
0.970975
0.972475
0.97515
0.991775
1.0241
1.07835
1.095075
1.1068
1.12215
1.1251
1.1302
1.188525
1.192275
1.2961
1.345
1.3512
1.369275
1.373475
1.41685
1.4195
1.437775
1.45
1.466275
1.490825
1.521975
1.53415
1.602775
1.61675
1.634075
1.663325
1.71245
1.7321
1.7329
1.784625
1.952075
1.9826
2.0036
2.027625
2.03285
2.1504
2.217625
2.31425
2.347825
2.40355
2.420775
2.467175
2.493625
2.52195
2.5492
2.597625
2.5982
2.624425
2.63375
2.6805
2.698875
2.7062
2.74525
2.808375
2.81555
2.81725
2.82125
2.942325
2.9768
2.980475
3.0296
3.06545
3.09055
3.106025
3.156
3.156725
3.30155
3.429
3.467975
3.497075
3.558025
3.699375
3.81895
3.8756
3.92115
3.9269
3.9966
4.008275
4.035775
4.08645
4.22795
4.2848
4.374975
4.3948
4.45865
4.4921
4.5244
4.536625
4.63725
4.6609
4.709825
4.761425
4.79545
4.811025
4.818975
4.819325
4.824225
4.85765
4.895875
5.069525
5.17855
5.33225
5.3366
5.5095
5.527475
5.576475
5.68505
5.777625
5.93295
6.07535
6.135875
6.292675
6.300025
6.429225
6.470675
6.4808
6.51305
6.56405
6.579475
6.604225
6.611525
6.706925
6.861
6.979625
7.192175
7.396925
7.558475
7.56425
7.73695
7.9244
7.93235
8.787125
8.86735
9.117975
9.122025
9.31045
9.456725
9.599275
9.62965
9.85585
170
