0.21945
0.401775
0.4038
0.466425
0.468975
0.480425
0.4864
0.51065
0.5138
0.523825
0.524225
0.5477
0.5517
0.5522
0.553875
0.5563
0.5617
0.5689
0.571275
0.595875
0.6004
0.601875
0.607825
0.61195
0.614475
0.618175
0.653
0.658225
0.659975
0.661825
0.68245
0.683275
0.686675
0.6932
0.702075
0.710275
0.7103
0.711175
0.734675
0.741325
0.7435
0.7668
0.78185
0.79905
0.81555
0.8188
0.82465
0.842325
0.847275
0.8655
0.903375
0.93855
0.939175
0.9405
0.949875
0.990375
1.0175
1.030375
1.06405
1.09935
1.114275
1.192025
1.2107
1.24965
1.251475
1.3093
1.327325
1.3304
1.374675
1.3891
1.40005
1.402575
1.417675
1.422525
1.503925
1.510375
1.6884
1.73245
1.740225
1.747375
1.753875
1.790175
1.81615
1.86515
1.865725
1.86615
2.026275
2.1131
2.25165
2.33185
2.34935
2.373575
2.401275
2.47305
2.499425
2.51365
2.61045
2.72525
2.78935
2.80405
2.812475
2.8225
2.8241
2.8731
2.942525
3.1975
3.2886
3.314675
3.341975
3.381525
3.41175
3.4582
3.6812
3.72
3.768925
3.7901
3.8012
3.812675
3.824925
3.8288
3.85085
3.963325
4.057775
4.089875
4.207275
4.28635
4.292325
4.3716
4.783275
4.79945
4.83995
5.116475
5.198025
5.318825
5.364425
5.45005
5.462525
5.5589
5.8201
5.880825
5.95345
5.964325
5.98335
6.1914
6.283525
6.5234
6.5755
6.587775
6.65085
6.83915
7.066825
7.19345
7.21435
7.298425
7.510025
8.160075
8.33445
8.368175
8.404075
8.442175
8.47215
8.845025
8.8606
8.87885
8.90365
9.023225
9.098675
9.145325
9.411275
9.4448
9.480775
9.544475
9.7662
9.950775
174
