0.46365
0.48725
0.499925
0.5211
0.52705
0.53095
0.534425
0.535875
0.53875
0.540875
0.54465
0.547075
0.5509
0.55575
0.5684
0.586
0.58985
0.593025
0.596175
0.612275
0.64885
0.656875
0.66305
0.674675
0.68305
0.6831
0.68575
0.6968
0.7062
0.712825
0.723175
0.72965
0.730775
0.7566
0.77595
0.798125
0.802275
0.83875
0.843125
0.8436
0.850825
0.882125
0.894925
0.896825
0.9013
0.90965
0.912975
0.926825
0.92915
0.97535
0.983075
0.99255
1.00975
1.021575
1.022725
1.088525
1.18275
1.34535
1.3463
1.382175
1.3928
1.425875
1.430725
1.433375
1.584325
1.654375
1.722975
1.831875
2.0518
2.05205
2.0622
2.06855
2.0814
2.110625
2.14965
2.152925
2.159625
2.28075
2.28335
2.358225
2.359325
2.451125
2.5317
2.5712
2.57795
2.664025
2.7387
2.81425
2.9168
2.91775
2.95675
3.121225
3.24165
3.373575
3.450725
3.51105
3.551275
3.6251
3.7855
3.81695
3.87765
3.878775
3.905275
4.057975
4.121825
4.1562
4.176625
4.29035
4.298825
4.35495
4.39855
4.410075
4.442075
4.595525
4.804225
4.81465
5.06465
5.208
5.264025
5.77515
5.800975
5.97105
6.06705
6.109425
6.128025
6.47255
6.652875
6.656425
6.8189
6.864525
6.875875
6.912725
6.945325
6.96495
7.355825
7.753225
7.895875
7.99425
8.015575
8.187575
8.2633
8.293625
8.30235
8.308325
8.3403
8.340375
8.353125
8.3921
8.47375
8.510975
8.527825
8.6231
8.7104
8.8241
8.864325
9.32385
9.554925
9.600225
9.6915
9.701475
160
