0.1039
0.2731
0.441675
0.46235
0.476825
0.499825
0.508075
0.5175
0.5195
0.522475
0.532875
0.532975
0.539125
0.54325
0.55165
0.571825
0.594125
0.6061
0.6112
0.6124
0.61455
0.6283
0.63575
0.6588
0.664075
0.684675
0.69515
0.7283
0.736425
0.741575
0.79835
0.82295
0.867275
0.873825
0.90225
0.948825
0.967175
0.97035
1.019375
1.0363
1.040025
1.05125
1.05415
1.0581
1.109975
1.12555
1.1272
1.15225
1.2313
1.2916
1.293125
1.301525
1.329625
1.347975
1.4338
1.46895
1.4782
1.495325
1.53795
1.57145
1.6264
1.646375
1.702025
1.71865
1.8536
1.89065
1.911475
1.932775
1.945225
1.978
1.983975
1.98585
2.096925
2.130225
2.225925
2.23065
2.231375
2.290125
2.32615
2.355725
2.40445
2.4957
2.8021
2.817375
2.828075
2.8953
2.9705
3.014375
3.03305
3.09215
3.130075
3.144575
3.176075
3.4381
3.462725
3.5084
3.5417
3.59185
3.6186
3.6898
3.775425
3.85085
3.8701
3.9277
4.01195
4.028325
4.094475
4.3715
4.4187
4.512375
4.520425
4.562525
4.7803
4.81765
4.8783
5.139175
5.2678
5.2682
5.30885
5.339825
5.458175
5.5219
5.563975
5.586825
5.6425
5.737025
5.965025
6.00225
6.2266
6.251125
6.3565
6.4296
6.458425
6.815175
6.9468
6.965125
7.3513
7.4361
7.438775
7.452825
7.538725
7.619975
7.674
7.71815
7.975575
8.1817
8.526525
8.75315
8.838625
8.9991
9.107425
9.6429
9.743
9.8867
9.891025
9.987275
156
