0.18375
0.214925
0.487475
0.4978
0.505925
0.508075
0.530275
0.532825
0.539525
0.552525
0.5573
0.570675
0.574025
0.582225
0.59565
0.61775
0.62965
0.6333
0.641875
0.6577
0.6631
0.679075
0.679775
0.70075
0.703925
0.7201
0.7207
0.7254
0.737625
0.74195
0.7479
0.748075
0.750325
0.777
0.7809
0.806625
0.808475
0.80905
0.824125
0.8371
0.8627
0.880725
0.89775
0.900725
0.956725
0.961275
0.9655
0.97765
0.980275
1.0336
1.1767
1.22175
1.318475
1.3399
1.3437
1.351325
1.35855
1.41055
1.454325
1.457575
1.47655
1.51295
1.558425
1.62955
1.739625
1.7564
1.758475
1.77485
1.7761
1.861525
1.862575
1.981925
1.984825
2.0032
2.03415
2.037075
2.10565
2.223525
2.224925
2.238725
2.281625
2.312
2.315625
2.338975
2.34125
2.4385
2.4897
2.61905
2.689225
2.743425
2.993675
3.0496
3.128125
3.169625
3.179725
3.237275
3.4655
3.506275
3.640475
3.742175
3.756125
3.83235
3.934675
3.966575
3.97885
3.9841
3.99975
4.010775
4.196225
4.240125
4.341625
4.368425
4.383225
4.47555
4.599325
4.607875
4.656075
4.7831
4.7977
4.8106
4.84165
5.074125
5.29965
5.30265
5.35075
5.400875
5.453175
5.489925
5.56915
5.733775
5.799675
5.80385
5.900175
5.981475
6.046275
6.176675
6.195925
6.199275
6.276575
6.426225
6.52095
6.6079
6.720025
6.922875
7.172775
7.2068
7.277075
7.335625
7.387625
7.448025
7.4528
7.48705
7.704675
7.8677
7.9366
8.117025
8.275125
8.329675
8.477425
8.6084
8.61705
8.97285
9.03725
9.08735
9.2407
9.3786
9.438075
9.47545
9.481775
9.567875
9.798375
9.959425
172
