0.145375
0.14755
0.196825
0.20745
0.2391
0.384925
0.494275
0.4943
0.511875
0.541625
0.5495
0.5531
0.565075
0.565475
0.590775
0.60315
0.682225
0.686075
0.6947
0.697125
0.700525
0.7051
0.716575
0.734575
0.7705
0.777075
0.790875
0.792725
0.79485
0.822925
0.89235
0.9648
0.968275
1.01645
1.053275
1.08315
1.087625
1.104775
1.108825
1.1091
1.112475
1.14735
1.16435
1.2117
1.211775
1.340875
1.3479
1.35305
1.36685
1.3723
1.422825
1.4541
1.5866
1.591
1.5966
1.60375
1.747275
1.7968
1.822075
1.87305
1.91445
2.00065
2.047225
2.055175
2.112175
2.127375
2.258375
2.2615
2.28465
2.393625
2.4451
2.531425
2.633325
2.69935
2.719575
2.732975
2.783425
2.818975
3.016175
3.025425
3.026275
3.046125
3.0766
3.09715
3.13395
3.193075
3.223825
3.3956
3.526875
3.539625
3.61825
3.755025
3.77785
3.864675
3.927175
3.97145
3.991275
4.060225
4.090075
4.154025
4.1874
4.27715
4.334025
4.423375
4.521825
4.5259
4.7168
4.7494
4.947575
5.05865
5.1342
5.448825
5.72355
5.812975
5.93985
5.952225
6.083
6.1298
6.27775
6.297325
6.309825
6.3331
6.4572
6.643625
6.65525
6.680875
6.89085
6.944025
7.08575
7.1289
7.191925
7.243125
7.311225
7.312775
7.4233
7.4368
7.6031
7.7436
8.06585
8.141075
8.1585
8.4221
8.6255
8.672525
8.6801
9.044375
9.2261
9.503975
9.68855
9.7304
9.761025
9.821575
9.84495
153
