0.028975
0.2242
0.2299
0.25855
0.371425
0.41565
0.43095
0.4327
0.458275
0.464325
0.49545
0.49745
0.502875
0.505025
0.50855
0.5127
0.520225
0.52415
0.528125
0.5361
0.5485
0.5634
0.5694
0.5708
0.590175
0.59835
0.59985
0.61635
0.6214
0.6285
0.660675
0.673225
0.68785
0.692925
0.708225
0.711625
0.72185
0.73785
0.79025
0.803475
0.81955
0.8302
0.8319
0.88105
0.888425
0.904725
0.9245
0.930175
0.938425
1.009525
1.011175
1.028975
1.03655
1.05875
1.0687
1.0713
1.0781
1.08855
1.112675
1.152375
1.1657
1.19915
1.229925
1.265325
1.278775
1.329575
1.330075
1.3783
1.420275
1.441275
1.444625
1.5244
1.73045
1.747425
1.8361
1.8414
1.883225
1.92625
1.984925
1.989975
2.0641
2.108075
2.11895
2.138225
2.146475
2.15835
2.18415
2.19155
2.315475
2.38355
2.40835
2.5046
2.5207
2.64035
2.682175
2.764575
2.8515
2.89515
3.035225
3.06605
3.085725
3.11925
3.16135
3.183375
3.192025
3.28545
3.289875
3.338325
3.3504
3.388625
3.4304
3.447575
3.4775
3.519
3.6973
3.73145
3.77845
3.87915
3.8976
3.945675
4.09305
4.15215
4.171225
4.1828
4.184475
4.243425
4.279525
4.3118
4.436375
4.582975
4.585025
4.617325
4.839525
4.874025
4.881875
4.9098
4.95045
4.9717
5.005
5.147575
5.307925
5.3223
5.496775
5.5987
5.6131
5.73605
6.00805
6.15355
6.202075
6.408075
6.548425
6.561025
6.867925
6.93915
7.196675
7.2616
7.36495
7.396275
7.5688
7.83275
7.8657
7.98605
8.01615
8.02605
8.1001
8.1015
8.133225
8.2804
8.63955
8.7395
8.819775
9.222175
9.34565
9.398975
9.4221
9.48145
9.64305
177
