0.082675
0.33265
0.3816
0.4391
0.44935
0.457525
0.48205
0.482425
0.492025
0.4932
0.5102
0.512625
0.51635
0.538525
0.5577
0.574275
0.581375
0.6056
0.60635
0.617375
0.617775
0.620675
0.620825
0.631425
0.6396
0.642025
0.65075
0.655575
0.6569
0.672525
0.6799
0.68005
0.717575
0.7405
0.75715
0.77595
0.7783
0.781375
0.805075
0.8107
0.845525
0.84705
0.855025
0.859225
0.8856
0.89125
0.895775
0.9244
0.952275
0.96845
0.982325
0.9831
0.989625
1.011
1.092075
1.1386
1.154675
1.182225
1.18385
1.203425
1.220875
1.26775
1.309525
1.33445
1.431525
1.437225
1.446925
1.467725
1.47285
1.52245
1.525925
1.52675
1.5661
1.5876
1.63315
1.64645
1.70675
1.80325
1.8397
1.873475
1.908725
1.915275
1.96465
1.98465
2.159825
2.178875
2.1794
2.2624
2.3558
2.367475
2.397
2.407375
2.44095
2.5821
2.6164
2.67805
2.70135
2.764525
2.870475
3.09
3.124775
3.200075
3.255975
3.272075
3.3003
3.360625
3.396525
3.45035
3.4524
3.5663
3.571525
3.5985
3.6081
3.641125
3.8778
3.92455
4.08495
4.08955
4.107925
4.162
4.17145
4.183775
4.2985
4.3251
4.6841
4.8618
4.8953
4.932375
4.9668
5.019175
5.040175
5.153075
5.34375
5.3501
5.376625
5.3836
5.527875
5.569175
5.596925
5.692375
5.713475
5.952025
6.1271
6.13905
6.15945
6.2141
6.46635
6.670375
6.6975
6.785625
6.8319
6.86235
6.89205
7.042125
7.122175
7.303625
7.434625
7.4388
7.5552
7.598375
7.77405
7.82615
7.848575
8.011025
8.034475
8.318475
8.5295
9.03635
9.23145
9.385725
9.479575
9.48685
9.710975
173
