0.164725
0.4258
0.441175
0.4615
0.47195
0.472225
0.499175
0.512575
0.51445
0.51515
0.51635
0.543025
0.5435
0.54515
0.5577
0.564825
0.57115
0.5798
0.581425
0.584675
0.586275
0.658675
0.6776
0.71225
0.756
0.77715
0.793275
0.793925
0.7965
0.80725
0.831975
0.8341
0.838025
0.8408
0.84375
0.85285
0.8601
0.860625
0.868325
0.878075
0.896075
0.906775
0.9101
0.9153
0.924825
0.927025
0.973325
1.0229
1.055425
1.087125
1.14285
1.195925
1.205
1.2052
1.23665
1.261175
1.300525
1.32425
1.3394
1.3455
1.364075
1.36575
1.368275
1.369575
1.4691
1.511725
1.526175
1.572425
1.65235
1.653475
1.689775
1.8206
1.875875
1.897725
1.897825
1.9198
1.924825
1.9252
2.0033
2.1082
2.1143
2.172175
2.18375
2.199275
2.261925
2.269325
2.314125
2.336475
2.352675
2.363325
2.5711
2.72355
2.8138
2.831
2.86055
2.89235
2.960075
3.008125
3.031075
3.0361
3.11505
3.13345
3.16235
3.199375
3.2084
3.27755
3.3299
3.333775
3.604675
3.62335
3.727675
3.78095
3.78555
3.81635
3.90755
3.977275
4.0918
4.11725
4.235375
4.41165
4.498325
4.579325
4.6015
4.7216
4.7753
4.83465
4.94365
5.009525
5.1494
5.466675
5.4997
5.6038
5.656925
5.743225
5.762775
5.862625
5.889625
6.0434
6.119625
6.18455
6.462125
6.5641
6.598625
6.677625
6.703025
6.778775
6.8822
6.966575
7.0781
7.25835
7.29455
7.531025
7.56355
7.614925
7.725675
7.7926
7.8291
7.937225
8.0168
8.168975
8.313525
8.3779
8.39505
8.54665
8.773325
9.008325
9.16095
9.291025
9.44235
9.562375
9.6362
9.690675
9.72425
9.885
9.92545
9.958625
9.961975
177
