0.27705
0.40885
0.4462
0.453625
0.4677
0.4681
0.47105
0.4939
0.495075
0.512075
0.513325
0.5162
0.526525
0.547725
0.55695
0.5673
0.611175
0.618475
0.624525
0.6309
0.631175
0.6506
0.657775
0.681375
0.697875
0.705075
0.70975
0.7145
0.7155
0.736175
0.7413
0.746425
0.7488
0.784425
0.86385
0.868575
0.86965
0.87
0.88725
0.889875
0.9013
0.9126
0.9349
0.94005
1.0123
1.04005
1.07605
1.11965
1.161
1.1892
1.211575
1.212
1.2288
1.2305
1.278
1.290225
1.388725
1.389425
1.4039
1.415925
1.44915
1.472725
1.6515
1.65335
1.663475
1.729825
1.738975
1.75115
1.79675
1.822375
1.827925
2.02075
2.14475
2.226375
2.336525
2.5147
2.60405
2.6041
2.6397
2.6554
2.9133
2.975325
2.996525
3.020475
3.0635
3.10475
3.11185
3.1551
3.17695
3.191775
3.236825
3.23965
3.29475
3.310375
3.31925
3.40385
3.442525
3.451275
3.458
3.497425
3.532225
3.5898
3.68405
3.6962
3.9223
3.93575
3.951825
4.000425
4.048675
4.05195
4.052925
4.1176
4.244825
4.25775
4.638975
4.719675
4.99135
4.99195
5.205175
5.209725
5.23495
5.2525
5.4789
5.5177
5.58585
5.596625
5.608175
5.889175
5.989225
6.394725
6.58705
6.58985
6.6631
6.8016
6.89785
7.099175
7.280975
7.2915
7.361725
7.5306
7.580325
7.72025
7.925475
7.946775
8.001075
8.240575
8.5435
8.5528
8.662925
9.463675
9.473175
9.606225
9.67185
9.7096
9.74285
9.90425
9.98255
157
