0.061975
0.069875
0.148225
0.166675
0.170575
0.46115
0.47655
0.48625
0.4874
0.487825
0.4896
0.4981
0.5084
0.508775
0.553175
0.558575
0.586625
0.59375
0.596525
0.604325
0.60635
0.6287
0.6556
0.673375
0.7169
0.735325
0.749625
0.75055
0.752675
0.754975
0.755025
0.810375
0.834575
0.858225
0.886325
0.888225
0.8888
0.9053
0.905625
0.920375
0.930775
0.98975
0.9974
1.009275
1.02195
1.05165
1.053375
1.062275
1.118725
1.137775
1.144875
1.1657
1.1843
1.2217
1.240325
1.3068
1.3153
1.318
1.3724
1.443025
1.446325
1.49755
1.521625
1.55665
1.703075
1.744925
1.79135
1.805625
1.817525
1.849375
1.948175
1.95655
2.04505
2.050525
2.064275
2.25895
2.2967
2.3163
2.37915
2.478425
2.529325
2.5637
2.663175
2.857175
2.891225
2.90855
2.955175
3.055575
3.0981
3.148525
3.18345
3.21985
3.381075
3.462325
3.524125
3.796075
3.797225
3.8409
3.84605
3.874425
4.048175
4.072275
4.099275
4.11235
4.1486
4.172525
4.27025
4.310275
4.332475
4.385575
4.428975
4.432925
4.538025
4.693625
4.708825
4.731875
4.83875
4.911875
4.97565
4.997025
5.00075
5.053375
5.37105
5.51665
5.58545
5.640275
5.6609
5.80795
6.1056
6.6003
6.620275
6.646725
6.7033
6.7517
6.864475
6.93125
6.950675
7.00335
7.119975
7.249475
7.256275
7.2727
7.279625
7.584225
7.646425
7.71865
7.761675
7.782825
7.7946
7.804775
7.8802
7.900125
7.944
8.50925
8.56245
8.725475
8.996025
9.012875
9.014525
9.169425
9.21485
9.245375
9.337775
9.565075
9.60635
9.62095
9.663375
9.87145
168
