0.030825
0.482225
0.492475
0.505975
0.506025
0.509575
0.53315
0.533575
0.540875
0.576925
0.582775
0.583925
0.596525
0.60055
0.601075
0.614325
0.62305
0.6361
0.647375
0.663075
0.69655
0.718925
0.73675
0.76695
0.768925
0.77915
0.79185
0.80015
0.830175
0.84635
0.883175
0.88675
0.903
0.9437
0.952125
0.9536
1.0017
1.04975
1.053025
1.0994
1.112775
1.151825
1.152975
1.15755
1.17845
1.21485
1.253725
1.25715
1.2642
1.2874
1.30095
1.36325
1.424525
1.43545
1.4359
1.451375
1.54055
1.586225
1.637075
1.64895
1.656825
1.660425
1.7352
1.747275
1.90655
1.911225
2.1715
2.185125
2.21655
2.23845
2.249
2.250125
2.264025
2.478575
2.52495
2.690625
2.721125
2.7311
2.73535
2.74645
2.756275
2.7839
2.875775
2.93535
2.9463
3.08085
3.33655
3.560275
3.600625
3.67085
3.707975
3.76955
4.0564
4.08095
4.1481
4.151375
4.327625
4.45585
4.4625
4.48745
4.509
4.62325
4.7093
4.750775
4.85555
4.91885
4.9607
4.986775
5.001225
5.158525
5.2639
5.3967
5.430725
5.443075
5.65705
5.7947
5.8713
5.899875
5.9678
6.037
6.122775
6.1533
6.34775
6.366125
6.377175
6.3903
6.399375
6.562625
6.916925
7.0399
7.182375
7.267525
7.442575
7.486375
7.581225
7.67095
7.788725
7.82005
7.908325
8.00175
8.242925
8.3657
8.425725
8.48355
8.598425
8.66055
8.774325
8.95325
8.975125
9.057
9.117275
9.1993
9.205775
9.321525
9.510175
9.61725
9.696525
9.725325
9.9434
159
