0.096225
0.4625
0.479975
0.488425
0.4938
0.508425
0.512975
0.52005
0.53565
0.5538
0.57855
0.58695
0.587225
0.623575
0.631425
0.634575
0.657375
0.67285
0.68455
0.6918
0.6971
0.7113
0.73095
0.775575
0.778625
0.77895
0.78345
0.8075
0.85115
0.877425
0.906275
0.9734
0.980325
1.027175
1.03615
1.066375
1.074225
1.07465
1.08755
1.140125
1.1634
1.166675
1.186675
1.198825
1.20175
1.22475
1.281225
1.295075
1.31775
1.330425
1.3516
1.361525
1.3646
1.4046
1.420775
1.464075
1.5671
1.573775
1.612475
1.623425
1.645
1.653075
1.70195
1.708575
1.770225
1.772225
1.816125
1.871325
1.908575
1.95325
2.021325
2.06695
2.08505
2.116775
2.20195
2.217775
2.525825
2.527125
2.656525
2.677725
2.70415
2.815225
2.815475
2.8572
2.862175
2.893025
3.004025
3.130625
3.3398
3.42235
3.54625
3.56585
3.605325
3.61865
3.6224
3.727725
3.756775
3.898475
3.964425
4.115675
4.17965
4.1938
4.271675
4.316825
4.331075
4.430125
4.46555
4.49515
4.56565
4.70965
4.72495
4.763625
4.82345
4.8848
4.928075
4.982075
5.075575
5.125725
5.1289
5.184575
5.2038
5.2162
5.502075
5.5342
5.60265
5.748025
5.7582
5.80825
6.20305
6.21205
6.548125
6.559525
6.7875
6.802175
6.92355
7.083875
7.104725
7.110275
7.11645
7.236275
7.760375
7.865725
8.01245
8.16435
8.376275
8.406725
8.600575
8.6224
8.641225
8.87825
8.9681
8.9786
9.03675
9.08165
9.299625
9.409525
9.443475
9.553
9.842525
9.937875
9.949875
161
