0.0865
0.225175
0.305675
0.3727
0.4292
0.45225
0.470375
0.48625
0.501175
0.506725
0.517325
0.552775
0.5735
0.615025
0.6185
0.62155
0.638875
0.65965
0.663325
0.682
0.68895
0.695675
0.71055
0.71985
0.721925
0.73645
0.738125
0.73835
0.7533
0.75395
0.758725
0.7633
0.78295
0.83465
0.838925
0.878925
0.88345
0.89225
0.902225
0.9216
0.94425
0.9467
0.9503
0.963075
0.97055
0.9907
1.016325
1.0224
1.040825
1.106225
1.182225
1.210475
1.37075
1.466775
1.47735
1.47905
1.510725
1.589975
1.597175
1.63175
1.632725
1.6812
1.702425
1.72565
1.80525
1.81635
1.89405
1.935025
1.97595
2.087075
2.091925
2.09795
2.1591
2.1843
2.298875
2.416875
2.4438
2.446175
2.4505
2.489925
2.495225
2.512275
2.5812
2.60805
2.62425
2.6343
2.685225
2.809425
2.817975
3.024975
3.266075
3.311975
3.38095
3.425975
3.482
3.5163
3.7174
3.7415
3.74825
3.7672
4.032725
4.107325
4.224125
4.289
4.301375
4.41505
4.4272
4.473225
4.493
4.5497
4.586925
4.8145
4.948225
4.989225
5.133
5.166575
5.226
5.26025
5.3317
5.40315
5.5402
5.701425
5.712675
5.7175
6.08655
6.1261
6.185925
6.51675
6.5465
6.622925
6.84215
6.88195
6.9586
6.99665
7.01455
7.128225
7.226625
7.281325
7.380275
7.489175
7.75715
7.822775
7.824325
7.874275
8.04085
8.127025
8.24935
8.28465
8.309325
8.447825
8.68885
8.6915
8.784125
9.339275
9.565775
9.726
9.75115
157
