0.003475
0.44315
0.4467
0.497875
0.5203
0.523025
0.5284
0.53285
0.53315
0.539325
0.542475
0.54915
0.578925
0.581975
0.586325
0.590675
0.59485
0.6048
0.626025
0.66975
0.6761
0.7259
0.7429
0.763425
0.827575
0.833025
0.841325
0.8742
0.8856
0.894175
0.9683
0.98135
0.99165
0.9925
0.99635
1.00385
1.04585
1.05235
1.061475
1.08105
1.121875
1.15055
1.226175
1.238325
1.306975
1.31855
1.330325
1.350125
1.365475
1.414975
1.45985
1.47635
1.49065
1.5155
1.5198
1.519825
1.569475
1.584975
1.646625
1.658275
1.6877
1.7031
1.7482
1.7675
1.791525
1.81195
1.819775
1.877475
1.89925
1.900675
1.94535
1.96265
2.058875
2.06185
2.1478
2.1565
2.16565
2.475375
2.541075
2.5597
2.5959
2.73715
2.8074
2.864025
2.876425
2.919875
2.93635
3.10635
3.18165
3.1938
3.300725
3.31705
3.35625
3.473725
3.477625
3.48905
3.4932
3.567725
3.604225
3.8255
4.127875
4.138275
4.2437
4.270975
4.3218
4.332525
4.417425
4.5836
4.6934
4.860375
4.951975
4.99795
5.112175
5.278775
5.29775
5.30255
5.34315
5.419
5.468775
5.48445
5.502575
5.5161
5.666375
5.736825
5.7544
5.794625
6.079175
6.089175
6.14905
6.154675
6.218075
6.248925
6.389825
6.500825
6.535425
6.691425
6.850175
6.868875
6.966275
6.96995
7.202775
7.3182
7.451075
7.65125
7.7243
8.025025
8.045
8.22005
8.3611
8.363675
8.52295
8.57115
9.27755
9.361575
9.525225
9.761825
9.877175
9.99535
158
