0.0433
0.049775
0.148425
0.193225
0.43335
0.443
0.4568
0.487825
0.512175
0.5161
0.537875
0.54385
0.547225
0.551175
0.55675
0.556825
0.565575
0.567625
0.576925
0.585275
0.588375
0.58845
0.625175
0.6267
0.629775
0.636475
0.63975
0.647475
0.67595
0.688475
0.71895
0.7292
0.73415
0.73475
0.735275
0.756825
0.76255
0.80435
0.82745
0.832425
0.845525
0.846025
0.86785
0.8728
0.881725
0.9286
0.9451
0.992275
0.9988
1.014875
1.018475
1.020275
1.024175
1.04875
1.056875
1.1075
1.117675
1.120575
1.145175
1.157025
1.183325
1.1927
1.20855
1.210825
1.234
1.2379
1.24285
1.2916
1.297875
1.318125
1.363375
1.37115
1.380025
1.392425
1.421625
1.540675
1.5849
1.592975
1.620225
1.67
1.700225
1.781225
1.85535
1.9509
2.174625
2.21085
2.264175
2.301775
2.4158
2.447975
2.465525
2.654625
2.6603
2.70045
2.769425
2.9388
2.96675
3.212425
3.306025
3.36295
3.454075
3.49785
3.5721
3.63345
3.7774
3.82045
3.8548
4.01525
4.311925
4.342025
4.362225
4.374525
4.38135
4.55035
4.551575
4.71885
4.72405
4.8392
4.954125
5.077525
5.1184
5.205175
5.258975
5.5253
5.566875
5.6266
5.637025
5.73605
5.751925
5.792575
6.104375
6.277075
6.32155
6.414625
6.504975
6.514475
6.597475
6.6556
6.70025
6.718275
6.887975
6.977325
7.07295
7.08835
7.09075
7.227025
7.229925
7.272
7.290825
7.31715
7.318625
7.416775
7.616375
7.9034
7.9339
8.095
8.18005
8.3555
8.40865
8.67535
8.778675
8.817975
8.825525
8.83865
9.305025
9.420575
9.531775
9.6402
9.722925
9.8349
9.845475
9.85195
9.973825
9.98605
174
