0.1162
0.250025
0.2842
0.31365
0.45775
0.4732
0.48605
0.4969
0.497225
0.515025
0.52185
0.527425
0.5297
0.536275
0.559625
0.56015
0.5696
0.57145
0.586925
0.593425
0.59575
0.62955
0.63665
0.65095
0.656375
0.65815
0.6726
0.6843
0.722275
0.7268
0.7269
0.742425
0.7485
0.759
0.785375
0.78705
0.800175
0.819275
0.832775
0.849925
0.8556
0.859475
0.860775
0.86385
0.88925
0.908325
0.9241
0.92715
0.95605
0.985325
1.005575
1.03005
1.030875
1.03885
1.0569
1.083125
1.120975
1.16055
1.186975
1.2095
1.25665
1.258125
1.361
1.365675
1.371325
1.399525
1.415075
1.41945
1.511825
1.674975
1.74585
1.74805
1.760925
1.818775
1.852725
1.88955
2.056
2.0995
2.114225
2.235825
2.266425
2.3871
2.469475
2.479725
2.535625
2.5522
2.57535
2.606925
2.654475
2.688
2.71775
2.7834
2.793125
2.80905
2.8186
2.88805
3.006075
3.093
3.148075
3.232525
3.31405
3.3327
3.383
3.44865
3.4851
3.677725
3.7646
3.82145
3.87175
3.897825
3.925325
3.980675
4.027525
4.108975
4.13645
4.158625
4.199425
4.2567
4.269525
4.275475
4.303325
4.307725
4.38965
4.4208
4.47755
4.501475
4.642525
4.67575
4.68315
4.73645
4.751
4.804225
4.967175
5.20085
5.27535
5.27855
5.346875
5.441125
5.502525
5.589375
5.6731
5.837475
5.953925
6.1762
6.2687
6.5413
6.6005
6.605325
6.7369
6.77415
6.94425
7.04315
7.058675
7.131825
7.132375
7.163075
7.177125
7.4267
7.4513
7.6467
7.6659
7.797275
8.1921
8.241625
8.30575
8.424925
8.434875
8.666625
8.962425
9.0408
9.147
9.2403
9.370725
9.457075
9.936075
175
