0.04875
0.2303
0.323225
0.36275
0.4593
0.4636
0.476725
0.493625
0.5093
0.521225
0.539825
0.54
0.5469
0.559775
0.576125
0.599525
0.62615
0.64085
0.642925
0.653775
0.665925
0.675225
0.68105
0.696525
0.70645
0.73085
0.733025
0.74395
0.751625
0.7523
0.7566
0.799275
0.848325
0.859925
0.882175
0.89205
0.8961
0.92985
0.932125
0.940475
0.955425
0.993425
1.105625
1.113025
1.114625
1.13955
1.1971
1.208675
1.2124
1.2231
1.22405
1.227475
1.23195
1.251025
1.2733
1.32495
1.339375
1.3959
1.417375
1.4496
1.4529
1.473525
1.516925
1.54255
1.5457
1.592525
1.60305
1.672525
1.699675
1.84315
1.865675
1.923525
1.930275
1.944875
1.959225
1.9678
2.002425
2.00705
2.015825
2.0684
2.261475
2.26745
2.290825
2.317175
2.35415
2.388675
2.431875
2.4568
2.4684
2.511575
2.51665
2.5794
2.650275
2.682975
2.702675
2.7437
2.814
2.917475
2.9983
3.05525
3.1344
3.21675
3.303525
3.33395
3.455625
3.46985
3.567425
3.59395
3.745575
3.806825
3.8417
3.846925
3.966525
4.084075
4.229075
4.2531
4.446875
4.4539
4.463125
4.474325
4.477025
4.488525
4.521975
4.636075
4.877475
5.143825
5.18905
5.204375
5.2419
5.321975
5.426925
5.550075
5.57725
6.25385
6.31755
6.529475
6.61115
6.70505
6.8448
6.8691
6.929275
6.93405
7.1139
7.3098
7.316725
7.363925
7.727175
7.72725
7.904325
7.955725
8.007975
8.098
8.1178
8.297575
8.398825
8.450725
8.595475
8.694375
9.4165
9.559925
9.62755
9.6774
9.6965
9.742025
9.76305
165
