0.13655
0.1904
0.23985
0.369475
0.44275
0.4496
0.4559
0.4774
0.491475
0.49775
0.514
0.519725
0.531125
0.532675
0.5365
0.562225
0.56905
0.586125
0.591175
0.594675
0.630975
0.636725
0.637025
0.639575
0.642725
0.680225
0.683875
0.69215
0.69235
0.6929
0.709625
0.7126
0.722475
0.7244
0.752625
0.76275
0.80725
0.836525
0.83845
0.8643
0.86845
0.907775
0.914575
0.926375
0.933625
0.944875
0.96575
0.9712
1.00425
1.008425
1.01575
1.040375
1.045775
1.052275
1.067775
1.07615
1.109825
1.111175
1.128575
1.161575
1.173875
1.181625
1.1833
1.187775
1.208425
1.230175
1.255975
1.274425
1.2778
1.284825
1.321875
1.3265
1.36645
1.436925
1.481775
1.50535
1.52905
1.5971
1.68455
1.700975
1.7042
1.7608
1.765175
1.8333
1.851375
1.861775
2.03515
2.1223
2.21165
2.289325
2.3149
2.431475
2.4417
2.5137
2.54815
2.590075
2.64965
2.6528
2.6566
2.6723
2.742575
2.748475
2.786
2.7862
2.8148
2.859125
2.880475
3.05075
3.061775
3.098
3.1182
3.1942
3.325575
3.489575
3.5019
3.6227
3.75425
3.797675
3.816775
3.910825
3.918125
3.9704
4.091725
4.09345
4.1466
4.1686
4.346875
4.364625
4.371075
4.667125
4.675625
4.823825
4.8299
4.9316
4.9525
5.047
5.1305
5.274925
5.4175
5.4736
5.636625
5.775625
5.8084
5.8099
5.829775
5.8396
5.8614
6.255775
6.305875
6.306175
6.509025
6.664275
6.8787
6.883575
6.8885
6.920175
7.1183
7.3924
7.4327
7.439475
7.489475
7.521425
7.609375
8.04565
8.252375
8.264575
8.44005
8.509575
8.52105
8.832525
8.882325
8.913075
8.9262
8.942575
9.059925
9.071475
9.0963
9.510175
9.570575
9.71525
9.997
181
