0.03875
0.056
0.152175
0.41195
0.45935
0.463775
0.490675
0.49755
0.498425
0.50165
0.518025
0.5229
0.528925
0.540325
0.5432
0.5476
0.5563
0.57325
0.574275
0.5784
0.588725
0.612525
0.62475
0.627925
0.634025
0.634275
0.649225
0.66285
0.73215
0.7383
0.74635
0.7488
0.75235
0.7736
0.79755
0.797875
0.79915
0.810975
0.820575
0.82295
0.827575
0.83735
0.850825
0.858
0.90795
0.9091
0.929825
0.9589
1.07335
1.083125
1.09625
1.1265
1.21925
1.247575
1.39655
1.439625
1.4421
1.613525
1.66975
1.695525
1.751725
1.77415
1.819675
1.82575
1.944525
1.985175
1.996675
2.0755
2.098525
2.109925
2.14305
2.21175
2.2452
2.32835
2.37515
2.471375
2.512125
2.553525
2.56215
2.6179
2.647525
2.715375
2.723225
2.7509
2.8194
2.832625
2.933225
2.991025
3.0357
3.05315
3.119925
3.1569
3.234125
3.256
3.2679
3.290025
3.30495
3.5017
3.515375
3.521025
3.604075
3.618525
3.6462
3.6727
3.69455
3.780875
3.8573
3.886475
3.9913
4.0005
4.014875
4.0706
4.16685
4.231425
4.282275
4.4084
4.46675
4.51075
4.5125
4.64145
4.791125
4.855975
4.882075
4.8834
4.9523
4.955125
5.0506
5.225225
5.234775
5.2384
5.2421
5.29445
5.551175
5.65045
5.759725
5.859425
5.861275
6.158
6.2518
6.303675
6.35505
6.361225
6.390975
6.49355
6.5174
6.570275
6.69585
6.7768
6.799675
6.801975
6.88665
6.92305
7.023475
7.249875
7.363075
7.422525
7.438475
7.449775
7.67745
7.783475
8.037575
8.231275
8.298975
8.38535
8.5131
8.91315
8.933275
8.936325
9.09115
9.5773
9.703075
9.761275
9.795675
9.92515
174
