0.42445
0.46745
0.4693
0.48475
0.485475
0.500325
0.5075
0.510925
0.52375
0.5313
0.534375
0.542
0.55375
0.5602
0.5713
0.57795
0.587375
0.5899
0.617875
0.6403
0.653025
0.659
0.662925
0.673775
0.69175
0.694825
0.73025
0.77825
0.780275
0.78185
0.79615
0.808125
0.819675
0.8244
0.83485
0.849275
0.851125
0.852475
0.887225
0.887375
0.8913
0.92485
0.9614
0.974275
0.995825
0.99855
1.01685
1.0191
1.032625
1.069975
1.076525
1.14395
1.1546
1.305075
1.40085
1.401375
1.405925
1.439775
1.58095
1.65325
1.769625
1.854025
1.85535
1.890875
1.986275
2.04655
2.054175
2.07305
2.078375
2.088675
2.09825
2.1022
2.122925
2.156525
2.190325
2.2562
2.341275
2.3805
2.5335
2.544975
2.750025
2.7927
2.84245
2.89145
2.94645
2.9784
2.998875
3.045675
3.0892
3.148175
3.1748
3.358575
3.4138
3.4831
3.49895
3.5005
3.504075
3.590925
3.609
3.6899
3.738925
3.780525
3.938125
3.98415
4.01525
4.076275
4.16045
4.242975
4.469125
4.5614
4.736
4.957975
4.97105
4.9801
5.053825
5.0791
5.263625
5.3933
5.408725
5.45765
5.543275
5.59035
5.597625
5.686825
5.875825
5.94115
6.068975
6.108
6.130075
6.44105
6.48
6.64075
6.747225
6.75525
6.815325
6.896425
6.9098
7.010225
7.058625
7.254675
7.282875
7.4294
7.55305
7.87305
7.882075
7.887225
7.957425
7.97085
8.06965
8.261075
8.313225
8.615875
8.8759
9.063525
9.1841
9.277975
9.306025
9.322375
9.6558
9.678675
9.7186
9.799725
162
