0.09335
0.1378
0.17175
0.371625
0.416425
0.459375
0.46375
0.485125
0.488425
0.49815
0.510075
0.51065
0.530875
0.53725
0.55555
0.56715
0.5697
0.594775
0.606525
0.608125
0.616725
0.6208
0.648525
0.648575
0.675775
0.67905
0.7011
0.7241
0.74165
0.752325
0.772225
0.77505
0.77535
0.7811
0.78165
0.7895
0.789975
0.8275
0.830125
0.8428
0.853825
0.8558
0.896225
0.896475
0.904325
0.919275
0.9428
0.976625
1.0064
1.00885
1.0229
1.0485
1.070275
1.105275
1.10715
1.13425
1.162025
1.187525
1.218575
1.24615
1.27605
1.299425
1.3683
1.4244
1.454475
1.45805
1.472425
1.5429
1.647275
1.653825
1.661675
1.7037
1.776175
1.78715
1.836625
1.862425
1.882425
1.919025
1.930875
1.963575
1.98685
2.0167
2.024025
2.03325
2.0469
2.0605
2.1277
2.172675
2.398575
2.44605
2.4995
2.56475
2.72465
2.7388
2.755325
2.75885
2.788125
2.79665
2.861675
2.958825
3.0248
3.16395
3.20385
3.25185
3.3385
3.3671
3.3678
3.416975
3.472475
3.475575
3.537325
3.59085
3.708425
3.844725
3.87705
3.920325
3.959475
4.06465
4.142525
4.230625
4.349325
4.41125
5.071225
5.0791
5.155625
5.218225
5.247425
5.284375
5.301025
5.440925
5.4702
5.536175
5.784
5.887975
6.032925
6.139675
6.2353
6.24425
6.2479
6.283725
6.2877
6.433875
6.4601
6.49605
6.5537
6.594025
6.632525
6.643875
6.734175
6.746
6.80575
6.818025
6.863975
6.99285
7.01595
7.089575
7.0942
7.18965
7.2675
7.399475
7.5359
7.59825
7.767025
7.795925
7.9041
7.96245
8.09475
8.155975
8.310125
8.335125
8.401275
8.5318
8.57925
8.58915
8.711375
8.750925
8.761275
8.784475
8.873
9.064225
9.10105
9.204875
9.428475
9.587825
9.724475
9.85095
9.91485
9.923075
188
