0.07125
0.2564
0.48215
0.492275
0.500275
0.501775
0.5057
0.5239
0.52465
0.527175
0.54675
0.55855
0.5613
0.567325
0.568
0.57215
0.5929
0.629925
0.639625
0.65215
0.682275
0.6905
0.6962
0.7149
0.72015
0.721225
0.72795
0.77685
0.79765
0.799125
0.82645
0.8704
0.87355
0.880225
0.912625
0.929675
0.929725
0.930925
0.941825
0.96905
0.9903
0.994025
1.00505
1.010125
1.04075
1.064525
1.068475
1.09295
1.098625
1.103625
1.124525
1.15685
1.1761
1.234025
1.260175
1.27675
1.3467
1.365025
1.380325
1.393525
1.410975
1.428925
1.450425
1.453325
1.487525
1.513225
1.515475
1.556775
1.659525
1.70815
1.849475
1.913575
1.930175
2.12215
2.13595
2.17655
2.236675
2.254825
2.271725
2.324125
2.432425
2.464
2.53095
2.585275
2.63945
2.654075
2.921075
3.037975
3.05085
3.100675
3.1991
3.214075
3.256075
3.2766
3.2904
3.33585
3.37835
3.507075
3.50815
3.654725
3.659925
3.68285
3.76435
3.7695
3.82885
3.894875
3.9428
4.1234
4.181
4.211825
4.292225
4.36045
4.3669
4.5319
4.538025
4.584675
4.5898
4.593125
4.6166
4.671
4.72215
4.895525
4.9531
5.16555
5.35195
5.47195
5.515925
5.52455
5.56895
5.592
5.644275
5.763575
5.979575
6.268875
6.42855
7.03345
7.150575
7.186575
7.2158
7.245775
7.875425
7.937975
8.0696
8.120175
8.202125
8.36295
8.4505
8.70045
8.90045
8.909775
9.18035
9.1825
9.450125
9.68165
9.69035
9.7676
9.920875
157
