0.074325
0.2024
0.2169
0.2399
0.42055
0.443525
0.44555
0.46305
0.467475
0.469075
0.50045
0.5246
0.53145
0.5389
0.555675
0.56405
0.56695
0.592375
0.594375
0.59985
0.613125
0.61825
0.6205
0.636975
0.6376
0.666925
0.680825
0.701625
0.702925
0.705925
0.73345
0.740625
0.76255
0.7688
0.7828
0.8045
0.818825
0.856
0.877025
0.89105
0.894925
0.89875
0.919125
0.940625
0.97305
0.992225
0.996125
1.007475
1.0487
1.049025
1.06485
1.138475
1.150025
1.15855
1.159525
1.19595
1.214375
1.23465
1.24155
1.2586
1.31865
1.34625
1.376575
1.38865
1.436175
1.481425
1.48385
1.51895
1.54205
1.5623
1.569925
1.6225
1.7092
1.763375
1.801
1.8183
1.853525
1.85865
1.875675
1.901025
1.917625
1.92025
1.981125
1.998575
2.151125
2.189525
2.3198
2.38235
2.4734
2.477575
2.5179
2.57485
2.656325
2.821925
2.84595
2.8468
2.905325
2.95075
3.01345
3.108725
3.1257
3.30235
3.376975
3.38295
3.391675
3.39455
3.451225
3.594825
3.6096
3.63775
3.65165
3.690675
3.716975
3.76855
3.77655
3.929175
3.95045
3.973175
4.093025
4.095975
4.15515
4.173975
4.215075
4.670625
4.896
5.006025
5.355925
5.4162
5.4879
5.530275
5.64125
5.676075
5.730925
5.945725
6.276475
6.3697
6.4595
6.5333
6.8253
6.864375
6.901875
6.99865
7.045475
7.355975
7.729975
7.81765
7.8393
7.947025
8.107475
8.305475
8.338825
8.4189
8.5542
8.71605
8.939775
9.23445
9.3834
9.5062
9.89295
9.904725
160
