0.038575
0.2878
0.371875
0.438775
0.445625
0.46035
0.483525
0.494475
0.504325
0.514075
0.51875
0.52945
0.538325
0.545425
0.55985
0.608575
0.645075
0.648175
0.676075
0.692525
0.729575
0.732025
0.746225
0.756425
0.796525
0.80575
0.818725
0.822775
0.834825
0.83575
0.8748
0.90435
0.9258
0.943325
0.960375
1.011325
1.04085
1.04965
1.05155
1.1225
1.1429
1.201675
1.228425
1.22855
1.2328
1.2383
1.244725
1.384325
1.452175
1.523975
1.5242
1.569525
1.6328
1.63575
1.6448
1.708875
1.730575
1.8287
1.845
1.893275
1.959575
1.970125
1.972875
2.093975
2.121725
2.12485
2.13085
2.173125
2.190725
2.22755
2.410425
2.415525
2.444425
2.464575
2.4771
2.55965
2.63445
2.6801
2.71245
2.731575
2.74825
2.847275
2.8574
3.008975
3.0535
3.1057
3.118025
3.16375
3.2822
3.343025
3.34455
3.345175
3.500725
3.507525
3.521625
3.66145
3.66705
3.702875
3.927325
4.03275
4.080325
4.145975
4.2113
4.292375
4.3179
4.376525
4.392625
4.421475
4.48005
4.535475
4.6298
4.684225
4.884825
4.94005
5.051625
5.1204
5.12345
5.192775
5.27055
5.29635
5.3238
5.3313
5.349275
5.427325
5.5596
5.674425
5.69485
5.722875
5.869575
5.87115
6.045075
6.047375
6.138375
6.200975
6.332075
6.368275
6.373725
6.466025
6.4923
6.5708
7.0745
7.078225
7.23135
7.2862
7.438125
7.580675
7.905925
7.978425
8.0981
8.14745
8.208225
8.25895
8.352275
8.39935
8.4247
8.6326
8.654025
8.728
8.83035
9.2398
9.246275
9.408475
9.422025
9.4384
9.45845
9.479675
9.504475
9.8579
9.8819
169
