0.007025
0.36655
0.444675
0.4482
0.474575
0.48545
0.492275
0.494975
0.4964
0.50735
0.51765
0.519325
0.5309
0.540375
0.540575
0.5408
0.592225
0.651
0.6542
0.6602
0.693075
0.705475
0.7093
0.7104
0.737
0.74795
0.76075
0.7758
0.786975
0.8429
0.876875
0.9133
0.922475
0.924375
0.944975
0.9578
1.000225
1.0181
1.024775
1.03695
1.0526
1.0574
1.06425
1.067525
1.0864
1.120375
1.122
1.209625
1.22705
1.35605
1.35745
1.42275
1.51635
1.549575
1.602775
1.610625
1.63745
1.64185
1.79135
1.855025
1.855325
1.919625
1.930175
2.073475
2.093975
2.1068
2.15215
2.3063
2.31045
2.31065
2.334375
2.401375
2.45355
2.469475
2.47075
2.481225
2.59275
2.61315
2.626475
2.701325
2.702525
3.014375
3.065
3.097425
3.12935
3.273975
3.44825
3.4571
3.4922
3.550525
3.591275
3.727625
4.009125
4.031275
4.184375
4.28995
4.325875
4.341425
4.394425
4.45245
4.4727
4.575375
4.70605
4.740425
4.81735
4.86615
4.9611
5.02255
5.1268
5.202575
5.277525
5.342
5.35165
5.702075
5.7254
6.1286
6.158075
6.374125
6.38155
6.51805
6.6143
6.6478
6.7775
6.8077
6.9357
7.089825
7.120175
7.1434
7.23175
7.3101
7.365825
7.733325
7.882625
7.9324
8.0558
8.234225
8.34735
8.802475
8.823425
8.840275
9.108725
9.140475
9.1632
9.1824
9.31065
9.3208
9.541825
9.5432
9.59335
9.654575
9.6797
9.79625
9.96855
153
