0.107875
0.126025
0.400325
0.434325
0.472325
0.5114
0.5151
0.53215
0.55335
0.558825
0.563575
0.570225
0.57355
0.593225
0.5937
0.59405
0.597825
0.59785
0.601775
0.61
0.6187
0.626125
0.634225
0.638925
0.639125
0.646675
0.702325
0.7196
0.727575
0.772875
0.783675
0.791125
0.84005
0.8405
0.841925
0.8463
0.84925
0.84955
0.868725
0.8802
0.881475
0.889325
0.88955
0.892525
0.923325
0.947975
0.961575
0.970175
0.972375
0.98095
1.0038
1.007675
1.02405
1.02605
1.04985
1.050775
1.053175
1.055575
1.0576
1.107125
1.21615
1.244475
1.25975
1.28755
1.30555
1.32925
1.333825
1.36935
1.37135
1.3714
1.3736
1.374475
1.386875
1.3892
1.41945
1.419625
1.42195
1.4369
1.455425
1.521875
1.7387
1.758025
1.827675
1.8487
1.8496
2.1651
2.210975
2.223725
2.24005
2.274775
2.29675
2.354625
2.383775
2.433875
2.455175
2.514675
2.713875
2.757725
2.7782
2.87
3.14195
3.165925
3.17795
3.206625
3.245375
3.337775
3.345175
3.411025
3.5772
3.60625
3.68525
3.718325
3.784025
4.132675
4.297025
4.367525
4.384
4.399075
4.419925
4.465125
4.5541
4.87405
4.877475
4.933425
4.975325
5.101
5.46405
5.666275
5.70565
5.7587
5.81075
5.87035
5.995325
6.27135
6.30175
6.30355
6.401975
6.43235
6.7841
6.8342
6.902925
7.1004
7.1175
7.125575
7.149525
7.205375
7.219325
7.378475
7.39365
7.422525
7.4533
7.48635
7.51225
7.840875
7.95805
7.98085
8.30595
8.445725
8.4542
8.45615
8.525175
8.569525
8.599975
8.64605
8.679925
8.7838
8.852675
8.9253
9.071075
9.076925
9.19885
9.288075
9.31985
9.353575
9.424
9.504025
9.86795
177
