0.116425
0.313625
0.433675
0.4828
0.489225
0.491625
0.493075
0.499975
0.50755
0.526925
0.5277
0.5332
0.543625
0.545
0.558725
0.5604
0.56235
0.5627
0.5836
0.607975
0.614425
0.6167
0.65025
0.661625
0.695925
0.723825
0.7508
0.755025
0.7567
0.7722
0.78565
0.792225
0.8235
0.8279
0.838575
0.86195
0.914375
0.935175
0.9804
1.009525
1.01785
1.019325
1.0201
1.022975
1.028625
1.071525
1.093225
1.09485
1.108575
1.1286
1.1863
1.211475
1.216675
1.3579
1.360775
1.402875
1.516875
1.532375
1.567025
1.645525
1.667025
1.716625
1.83765
1.8856
1.929025
1.944575
1.984925
2.04275
2.160775
2.20195
2.202925
2.240225
2.2906
2.40645
2.44805
2.55435
2.65915
2.738325
2.75505
2.851625
2.901225
2.90875
2.9141
2.954625
2.965475
2.994475
3.0983
3.1164
3.174725
3.230325
3.237725
3.44355
3.52435
3.5396
3.611675
3.66665
3.784425
3.814675
3.8732
3.99085
4.041925
4.059
4.1176
4.122375
4.2124
4.29485
4.4321
4.458925
4.549475
4.673725
4.677675
4.783675
4.87245
4.892025
4.937925
5.043925
5.104375
5.224725
5.236025
5.335425
5.34295
5.407825
5.41775
5.691875
5.702875
5.726225
5.801275
5.828
5.963475
6.0275
6.070675
6.4601
6.611625
6.6479
6.671725
6.695525
6.7042
6.75875
6.84685
6.88015
7.307925
7.311525
7.3629
7.3804
7.425175
7.434225
7.45555
7.574475
7.603375
7.823575
7.984225
8.24185
8.3016
8.3742
8.45735
8.723125
8.7897
8.864125
8.935625
9.080475
9.11315
9.68995
162
