0.08095
0.454025
0.45635
0.468175
0.4801
0.5032
0.505375
0.505475
0.5082
0.533675
0.561375
0.58575
0.60085
0.603625
0.61195
0.617375
0.640625
0.642275
0.680575
0.70455
0.707325
0.709275
0.7381
0.7491
0.76285
0.780125
0.8324
0.841175
0.86005
0.860825
0.904825
0.9272
0.974
1.017975
1.021775
1.049975
1.068025
1.089725
1.09
1.138575
1.147875
1.1518
1.23565
1.236325
1.246475
1.247625
1.265525
1.27435
1.27815
1.312075
1.3479
1.391025
1.40395
1.409475
1.414225
1.4336
1.451625
1.65215
1.6742
1.756775
1.780925
1.8398
1.901225
1.985
2.135075
2.22215
2.246375
2.268075
2.368975
2.45045
2.483075
2.528375
2.532125
2.567925
2.578825
2.59545
2.642025
2.649825
2.73415
2.77495
2.85935
2.9133
2.94225
2.9661
3.008775
3.015625
3.036775
3.0715
3.120125
3.130375
3.1856
3.214525
3.339225
3.401675
3.547975
3.5504
3.617575
3.631825
3.7231
3.7831
3.785575
3.991775
3.993475
4.06795
4.19125
4.330125
4.426025
4.431725
4.4662
4.581525
4.7937
4.975825
5.242
5.316825
5.525825
5.53055
5.695
5.98975
6.10425
6.206325
6.24085
6.2801
6.314775
6.3393
6.41215
6.450675
6.5113
6.57135
6.593875
6.692375
6.711475
6.860875
6.942475
6.95665
6.967275
7.0765
7.138825
7.2716
7.293625
7.364
7.3944
7.524
7.817275
7.86205
7.86345
8.05975
8.18665
8.2146
8.34375
8.458375
8.63955
8.8563
9.02265
9.061125
9.133925
9.243925
9.38955
9.40195
9.51775
9.82545
9.9246
161
