0.079
0.218675
0.328325
0.375125
0.419975
0.451175
0.4557
0.4768
0.478125
0.479475
0.51995
0.5372
0.5419
0.555125
0.57035
0.599925
0.61415
0.614525
0.6436
0.6474
0.662
0.66835
0.678575
0.695275
0.703025
0.708375
0.715325
0.717225
0.73455
0.742125
0.757175
0.77765
0.817075
0.827675
0.870375
0.8776
0.88
0.88495
0.89875
0.8993
0.961225
0.993275
0.996675
1.000875
1.0566
1.068675
1.104825
1.143725
1.240275
1.25905
1.300975
1.340175
1.355675
1.402
1.589375
1.5919
1.631925
1.7024
1.735675
1.754575
1.83875
1.9481
1.950675
1.995
2.005975
2.05615
2.0805
2.1641
2.19755
2.4471
2.4681
2.478775
2.65205
2.655125
2.664325
2.809925
2.81705
2.82665
2.88325
2.920625
3.231925
3.23395
3.263075
3.296325
3.32225
3.37655
3.3774
3.3837
3.4263
3.63845
3.802125
3.81695
3.83125
3.876525
3.935925
4.050575
4.145625
4.27235
4.6564
4.746925
4.901125
5.013175
5.013575
5.03205
5.14085
5.144125
5.2377
5.3157
5.36955
5.4076
5.542875
5.552375
5.57035
5.7249
5.839725
5.84265
6.0264
6.242225
6.245225
6.290725
6.30375
6.320175
6.4893
6.48935
6.5102
6.5325
6.587875
6.76355
6.800025
6.8644
6.90095
6.9665
7.049
7.07805
7.19985
7.3991
7.404025
7.75925
7.88155
7.99585
8.133725
8.1548
8.156225
8.17745
8.42865
8.4947
8.538025
8.688075
8.9363
8.987675
9.034225
9.07855
9.166525
9.19255
9.230025
9.39485
9.704625
9.84505
9.8932
9.9631
160
