0.32165
0.41875
0.429275
0.457925
0.48685
0.5008
0.510675
0.52025
0.530825
0.538125
0.5495
0.55305
0.553275
0.5808
0.604325
0.605225
0.608975
0.613075
0.634225
0.6415
0.665025
0.673375
0.675875
0.6888
0.69085
0.7308
0.75815
0.766675
0.766775
0.776275
0.7899
0.793025
0.79525
0.828225
0.83615
0.844775
0.84985
0.851725
0.8627
0.870525
0.889425
0.896
0.92235
0.959125
0.960775
0.9808
1.02535
1.07245
1.140875
1.1744
1.2071
1.266975
1.27135
1.2771
1.307475
1.426925
1.48475
1.485825
1.521225
1.5238
1.53
1.5406
1.5886
1.6237
1.72375
1.724825
1.759925
1.7683
1.818275
1.866275
1.88685
1.94345
2.074725
2.1037
2.22075
2.230575
2.2548
2.255625
2.2614
2.308475
2.311725
2.481525
2.551325
2.610975
2.62475
2.660125
2.77735
2.87015
2.95865
2.97555
3.024925
3.05405
3.167
3.18825
3.235425
3.361925
3.3839
3.475525
3.548675
3.57765
3.652925
3.65585
3.659725
3.664125
3.676725
3.678275
3.693575
3.728675
3.831375
3.927325
4.0829
4.21035
4.293675
4.3098
4.38145
4.4983
4.541125
4.7468
4.833675
4.982475
5.01115
5.02235
5.0547
5.093975
5.493775
5.5931
5.671425
5.697075
5.721675
5.77335
5.85235
6.042
6.198275
6.291475
6.422325
6.508375
6.513475
6.5245
6.543225
6.893525
6.92495
6.9707
7.05765
7.101
7.15045
7.277325
7.317225
7.581275
7.6193
7.6225
7.634175
7.679775
7.6848
7.827875
8.257875
8.35925
8.415175
8.671225
8.676475
8.680425
9.038575
9.090875
9.2302
9.613725
9.7274
9.891125
166
