0.0421
0.166325
0.206125
0.4656
0.468175
0.504525
0.508925
0.509525
0.5121
0.5228
0.523675
0.524075
0.534725
0.5394
0.5552
0.55855
0.562325
0.5697
0.573
0.5825
0.59265
0.603175
0.62055
0.638925
0.649925
0.65355
0.664525
0.68415
0.691325
0.69945
0.70375
0.710375
0.719475
0.722375
0.751275
0.777225
0.78335
0.800875
0.83745
0.856225
0.874975
0.876275
0.8992
0.91065
0.915375
0.9294
0.952775
1.011575
1.0237
1.046875
1.049175
1.0549
1.066525
1.073825
1.078875
1.090375
1.100025
1.1008
1.1196
1.153525
1.158475
1.20625
1.239825
1.33955
1.342025
1.406875
1.44435
1.48225
1.5157
1.661425
1.68135
1.89675
1.93505
1.951725
1.9845
1.9978
2.004775
2.016725
2.110575
2.19465
2.285475
2.374075
2.539675
2.567275
2.592575
2.72395
2.86285
2.8845
2.9112
2.972125
2.975075
2.984975
3.04775
3.072025
3.2685
3.36605
3.39085
3.620875
3.640375
3.674525
3.70345
3.8827
3.884075
3.95275
4.066225
4.175425
4.18345
4.201425
4.240225
4.249325
4.28535
4.57295
4.68055
4.8309
4.85205
5.09545
5.350175
5.355125
5.672675
5.7558
5.8144
5.962525
6.042475
6.061625
6.112025
6.117
6.22355
6.2568
6.3536
6.42305
6.52415
6.654725
6.73425
6.92935
7.284675
7.3213
7.428875
7.4539
7.570775
7.581525
7.60155
7.6321
7.6539
7.887975
7.9355
7.947525
7.9853
8.042625
8.1147
8.22035
8.43155
8.4738
8.505125
8.574275
8.7696
9.230475
9.33885
9.5556
9.58875
9.7932
9.854975
9.856175
9.966925
163
