0.1118
0.25215
0.26075
0.38675
0.427625
0.440575
0.47965
0.483
0.493925
0.5018
0.5224
0.524375
0.548325
0.5509
0.55495
0.560225
0.562375
0.573475
0.592
0.59835
0.600375
0.601425
0.61665
0.633175
0.639225
0.647075
0.6478
0.670475
0.694725
0.725675
0.732975
0.75585
0.7636
0.78305
0.78335
0.7917
0.8101
0.8193
0.8308
0.8554
0.8701
0.8787
0.885375
0.964275
0.964525
0.9741
1.0117
1.064525
1.087075
1.106975
1.1088
1.110825
1.121475
1.13075
1.13505
1.2194
1.25135
1.281425
1.30395
1.307125
1.3127
1.32325
1.365225
1.3924
1.4237
1.4429
1.4682
1.501875
1.604575
1.6882
1.714975
1.730925
1.76725
2.008725
2.032125
2.0958
2.14715
2.2513
2.280375
2.308625
2.45545
2.5137
2.523075
2.561175
2.60705
2.607425
2.661325
2.8266
2.832325
2.873075
2.873425
2.9141
3.15365
3.362125
3.382225
3.4606
3.52455
3.553875
3.556325
3.672125
3.674425
3.7716
3.79215
3.936525
3.95995
4.0482
4.105425
4.1306
4.152175
4.173025
4.188725
4.27835
4.36535
4.410325
4.455625
4.8613
4.906075
4.944925
4.997725
5.146425
5.2022
5.3875
5.686975
5.693025
5.7876
5.83365
5.945
6.366875
6.604
6.623075
6.8456
6.97765
6.994075
7.013725
7.081075
7.337475
7.350375
7.5251
7.542225
7.61275
7.6323
7.644375
7.71395
7.856525
8.115575
8.3144
8.5731
8.687325
8.820925
8.83525
8.9869
9.078625
9.221475
9.298525
9.3419
9.42665
9.427475
9.50935
9.515525
9.58945
9.66845
9.746875
9.822425
163
