0.015425
0.038825
0.4255
0.43375
0.45425
0.472
0.480625
0.5005
0.504225
0.51465
0.518475
0.521425
0.5324
0.5721
0.59015
0.61055
0.6117
0.6133
0.626075
0.630775
0.6355
0.637675
0.644225
0.651025
0.661525
0.679525
0.68475
0.693325
0.71335
0.726225
0.73665
0.7422
0.750725
0.7663
0.77735
0.801
0.80525
0.8196
0.840375
0.8492
0.867275
0.888625
0.902175
0.904025
0.922175
0.950925
0.961475
0.9857
0.9917
0.99675
1.00335
1.05035
1.051025
1.073375
1.104675
1.11635
1.127025
1.14615
1.1529
1.1892
1.206125
1.234675
1.24905
1.289425
1.2928
1.3118
1.3147
1.315925
1.360675
1.44605
1.451825
1.46565
1.4665
1.485875
1.5041
1.560525
1.579325
1.6025
1.616425
1.647675
1.6497
1.7142
1.73875
1.78995
1.80505
1.88675
1.923625
1.937375
2.061675
2.0767
2.079225
2.11775
2.1662
2.1773
2.6085
2.71335
2.7437
2.808725
2.821375
2.860925
2.89025
2.948075
2.9536
3.071675
3.100775
3.178525
3.224875
3.2909
3.296425
3.3231
3.3805
3.437175
3.51545
3.616825
3.63325
3.775725
3.79565
3.850825
3.940175
3.95885
4.14065
4.30885
4.36785
4.422025
4.5074
4.7
4.855775
4.881125
4.882675
4.893225
4.928175
4.93815
5.04405
5.0842
5.090525
5.112175
5.11435
5.249475
5.3213
5.355475
5.398175
5.425375
5.47465
5.476
5.64635
5.652075
5.83195
5.9293
5.932925
5.9568
6.1102
6.2982
6.325425
6.50195
6.504875
6.60855
6.6413
6.750775
6.868
7.143775
7.184175
7.2873
7.503075
7.5918
7.625425
7.817175
7.955275
8.029025
8.041075
8.229875
8.31475
8.651975
8.670725
8.82415
8.8289
8.89275
9.040425
9.04315
9.16235
9.171525
9.217025
9.2271
9.430775
9.69975
9.781925
185
