0.200075
0.213975
0.31295
0.316875
0.343125
0.393925
0.4819
0.482375
0.490025
0.51665
0.5401
0.543275
0.553075
0.556325
0.55905
0.5597
0.55985
0.563975
0.578775
0.58255
0.586775
0.6073
0.6123
0.61385
0.6171
0.622875
0.63045
0.638925
0.672875
0.673675
0.674825
0.675325
0.680275
0.694025
0.7102
0.71515
0.77915
0.790475
0.818275
0.83155
0.833675
0.850725
0.853475
0.8648
0.8797
0.91195
0.955275
0.96065
0.9999
1.009225
1.0321
1.04775
1.0496
1.068
1.07475
1.113575
1.1841
1.2322
1.267425
1.2979
1.403375
1.415225
1.44885
1.45305
1.4651
1.4966
1.536375
1.59875
1.616025
1.652175
1.6911
1.7728
1.80125
1.85545
1.930125
1.9383
1.949525
2.01195
2.0473
2.064825
2.08095
2.089075
2.274775
2.345675
2.5002
2.5311
2.5906
2.70215
2.734575
2.743125
2.7716
3.0003
3.169
3.2192
3.225775
3.2605
3.276975
3.393475
3.414325
3.4174
3.43515
3.49285
3.562525
3.625
3.68155
3.83115
3.873375
3.9384
3.954875
4.00175
4.00785
4.127025
4.196
4.201475
4.2154
4.31535
4.33685
4.378875
4.50775
4.872575
4.9072
4.991125
4.993625
5.189575
5.198075
5.212675
5.2637
5.268075
5.273925
5.496775
5.520675
5.583975
5.606775
5.671525
5.7586
5.9007
6.0953
6.177975
6.223225
6.227425
6.3262
6.46805
6.60875
6.713025
6.86925
7.15895
7.3751
7.492925
7.63245
7.866775
8.08415
8.126525
8.336125
8.38745
8.419675
8.449825
8.985225
8.9869
9.082825
9.09765
9.16905
9.23225
9.23305
9.467575
9.580975
9.70435
9.724725
9.728025
9.766075
9.885625
9.9325
171
