0.2817
0.38705
0.410675
0.464175
0.480925
0.481075
0.497875
0.50195
0.506625
0.508025
0.509775
0.51415
0.518
0.522675
0.533925
0.534525
0.568625
0.588675
0.589375
0.590225
0.591875
0.592975
0.600625
0.6262
0.6276
0.64745
0.651825
0.669575
0.672225
0.674125
0.676575
0.6806
0.68295
0.707
0.73985
0.75355
0.754125
0.773325
0.789675
0.798825
0.817075
0.82205
0.828725
0.834575
0.86245
0.86685
0.8904
0.915475
0.919075
0.940875
0.959025
0.964425
1.019
1.036875
1.07675
1.076925
1.07985
1.091975
1.092275
1.098775
1.11835
1.1573
1.165825
1.168525
1.248525
1.2837
1.329675
1.35165
1.41685
1.435875
1.4548
1.492325
1.529575
1.625775
1.733675
1.741675
1.7747
1.842225
1.8895
1.8993
1.903025
1.913475
1.93745
2.0229
2.0511
2.1619
2.335475
2.398
2.421825
2.432475
2.513825
2.71315
2.759375
2.8686
2.986625
2.9872
3.058225
3.062625
3.088175
3.351925
3.380425
3.484525
3.65045
3.67185
3.868825
3.871725
3.874575
3.957825
3.9667
4.27715
4.407525
4.432
4.443425
4.522275
4.531775
4.5623
4.66465
4.853675
4.85725
5.01125
5.054625
5.124825
5.1485
5.195875
5.238775
5.246575
5.2731
5.276075
5.297075
5.31045
5.32665
5.414575
5.50915
5.520275
5.546775
5.553275
5.590375
5.6995
5.7025
5.83865
5.909175
5.9462
5.986825
6.02725
6.070275
6.07755
6.079175
6.20625
6.268825
6.31855
6.4039
6.782775
6.865075
6.87065
6.9678
6.9948
7.063525
7.173175
7.2579
7.326825
7.5515
7.628
7.638275
7.739325
7.741875
7.770425
7.955075
8.164225
8.308825
8.406625
8.432625
8.508725
8.852325
8.96195
8.962725
9.060825
9.159125
9.19245
9.2233
9.2368
9.3024
9.34875
9.4623
9.5191
9.525625
9.530575
9.592725
9.648525
9.822175
9.86575
9.9311
9.957625
9.9971
193
