0.01105
0.1486
0.37805
0.4286
0.4777
0.48875
0.48935
0.495675
0.499575
0.5256
0.54105
0.5699
0.60675
0.6373
0.6374
0.647
0.651475
0.65695
0.657875
0.66545
0.691325
0.701825
0.704975
0.7054
0.707375
0.71465
0.71555
0.71595
0.731675
0.746625
0.7704
0.810875
0.81955
0.819675
0.84375
0.846625
0.878225
0.8911
0.905225
0.924075
0.933825
0.941675
0.94595
0.951475
0.971375
0.9719
0.99245
0.995575
1.005925
1.0648
1.0901
1.132625
1.187075
1.20865
1.222425
1.22655
1.2289
1.31765
1.33855
1.36615
1.3744
1.388725
1.397875
1.50755
1.51385
1.574825
1.59235
1.722025
1.861375
1.914725
1.947625
2.00235
2.085275
2.115575
2.14395
2.24785
2.294725
2.3272
2.360625
2.3881
2.3901
2.49225
2.542975
2.56615
2.6009
2.60685
2.614475
2.6207
2.64495
2.6613
2.683925
2.899075
2.902425
2.912575
3.0571
3.147825
3.55965
3.634325
3.681075
3.691825
3.72385
4.054325
4.07445
4.1076
4.122425
4.2898
4.3497
4.356125
4.4581
4.5222
4.55705
4.64425
4.64465
4.656325
4.6918
4.729975
4.743825
4.840075
4.8424
4.919075
5.009425
5.021375
5.049375
5.16175
5.198475
5.2778
5.32485
5.4219
5.67045
5.822875
5.91125
5.92555
5.989675
6.18315
6.185425
6.246625
6.303675
6.4761
6.653225
6.793375
6.8515
6.942875
7.0072
7.034
7.168325
7.242425
7.249125
7.3991
7.56395
7.7622
7.79905
7.91695
7.9307
7.9436
8.0022
8.0379
8.0945
8.24685
8.4092
8.56245
8.56985
8.592575
8.7883
8.804275
8.985975
9.021225
9.155875
9.35135
9.375725
9.4542
9.680575
9.74525
9.85695
9.8658
9.9765
175
