0.02835
0.1254
0.196425
0.384625
0.412175
0.44505
0.464675
0.47415
0.478375
0.48215
0.486775
0.487725
0.4999
0.500175
0.521075
0.532975
0.534075
0.554725
0.556925
0.5572
0.5665
0.577075
0.57905
0.5817
0.58845
0.5959
0.6443
0.649075
0.66045
0.7027
0.7044
0.705175
0.705925
0.753975
0.761725
0.7631
0.786425
0.821025
0.853975
0.854
0.882725
0.892075
0.898325
0.9112
0.924325
0.956075
0.99845
1.041725
1.079325
1.0883
1.093275
1.140075
1.144
1.148175
1.175325
1.188825
1.21105
1.223425
1.245525
1.254525
1.2765
1.27835
1.2977
1.32305
1.429575
1.43295
1.45485
1.54865
1.577675
1.62815
1.6484
1.6621
1.737525
1.759175
1.9059
2.033175
2.121
2.180325
2.1864
2.2373
2.2961
2.3139
2.510025
2.57675
2.810625
2.993525
3.003075
3.0364
3.04515
3.091775
3.101925
3.22525
3.5413
3.549725
3.618675
3.72165
3.88585
3.887675
3.945425
3.978025
4.058225
4.18675
4.219675
4.4388
4.4462
4.497525
4.62565
4.675625
4.7081
4.817575
4.973725
4.9878
4.996625
5.0389
5.0974
5.13535
5.20715
5.565775
5.654275
5.731775
6.095625
6.1886
6.261675
6.36945
6.48675
6.525175
6.5394
6.578225
6.61545
6.834375
6.99415
7.043175
7.342925
7.4212
7.6185
7.819
7.8255
7.996175
8.0579
8.064425
8.14945
8.30845
8.590425
8.641575
8.8898
8.97255
8.992625
9.045175
9.0628
9.07895
9.269125
9.339275
9.362275
9.377625
9.50555
9.562225
9.720775
9.85565
9.900825
159
