0.02405
0.025825
0.179675
0.203275
0.453925
0.47075
0.48565
0.506675
0.5123
0.5271
0.529625
0.5301
0.5328
0.555775
0.580725
0.5884
0.599375
0.618325
0.62175
0.6391
0.6512
0.689
0.706575
0.722125
0.731025
0.7331
0.741625
0.748
0.748575
0.75925
0.769025
0.788275
0.792925
0.800275
0.820825
0.830125
0.83995
0.8456
0.8704
0.944
0.9527
0.958275
0.972625
1.007
1.02805
1.056225
1.0666
1.097875
1.105625
1.118825
1.1379
1.161525
1.165875
1.197625
1.205225
1.2236
1.224425
1.2706
1.2774
1.2803
1.292
1.296825
1.300875
1.345525
1.430275
1.44675
1.508125
1.5101
1.538675
1.592275
1.597875
1.702075
1.73275
1.764375
1.8421
1.88605
2.075175
2.1354
2.14955
2.18735
2.188475
2.2199
2.534125
2.694675
2.736775
2.85335
2.8675
2.94675
3.077575
3.166975
3.20485
3.280175
3.353725
3.42705
3.482875
3.494775
3.649575
3.68245
3.697275
3.772675
3.790125
3.8479
3.85625
3.919075
4.1126
4.120075
4.124025
4.4418
4.47765
4.5225
4.7914
4.861675
4.9179
5.041025
5.17475
5.176175
5.252425
5.459575
5.54125
5.840625
5.868575
5.8941
6.02655
6.112925
6.179375
6.19875
6.348525
6.348575
6.360575
6.39215
6.50585
6.535
6.702125
6.702725
6.802875
6.834725
7.034175
7.1742
7.20845
7.27945
7.489875
7.7608
7.832
7.9763
8.213075
8.2322
8.2857
8.44225
8.940525
8.97315
9.08985
9.1438
9.17865
9.335275
9.5934
9.659825
9.68115
9.696
9.76685
159
