0.344025
0.36285
0.45065
0.460625
0.48255
0.498925
0.50095
0.50895
0.523475
0.529875
0.535625
0.5418
0.544225
0.558425
0.559075
0.591575
0.601075
0.60765
0.610275
0.618725
0.6306
0.6354
0.65545
0.666
0.669475
0.68315
0.689625
0.7136
0.7501
0.760175
0.825525
0.8404
0.853275
0.904875
0.931675
0.95755
0.997025
1.066425
1.075825
1.082
1.083975
1.100375
1.115225
1.116275
1.11655
1.154975
1.167975
1.168125
1.25415
1.28365
1.3048
1.3082
1.3087
1.391875
1.3952
1.400775
1.4353
1.471425
1.542375
1.636
1.714825
1.754075
1.75685
1.768275
1.775675
1.887375
1.9264
1.933325
1.95835
1.959
1.9845
2.120225
2.1556
2.2233
2.27025
2.3042
2.30645
2.3233
2.421175
2.50165
2.569825
2.60545
2.618025
2.6192
2.738375
2.770725
2.773925
2.9374
2.951025
2.98995
3.078075
3.082575
3.19005
3.25545
3.265
3.3199
3.33875
3.493
3.5066
3.50675
3.538275
3.606775
3.6166
3.6896
3.8954
3.9621
3.9999
4.08365
4.33975
4.37265
4.435275
4.510125
4.535125
4.63385
4.749675
5.21225
5.224225
5.425925
5.710525
5.72965
5.898475
5.989425
5.9903
6.2499
6.4181
6.499675
6.52345
6.674225
6.938225
6.9409
7.12735
7.148725
7.28345
7.424025
7.6279
7.708025
7.90335
8.05775
8.21415
8.311975
8.42245
8.5122
8.512925
8.582825
8.818525
9.28815
9.3593
9.3659
9.82575
149
