0.059325
0.141425
0.25075
0.2623
0.350675
0.412225
0.4621
0.477475
0.502125
0.5193
0.527075
0.542875
0.56715
0.57385
0.586025
0.589725
0.5983
0.614725
0.6151
0.6171
0.62355
0.626925
0.629575
0.633375
0.635175
0.644075
0.7059
0.7305
0.740325
0.7634
0.781775
0.788075
0.80715
0.8554
0.85665
0.878575
0.9111
0.927475
0.952275
0.998375
1.006575
1.02885
1.070075
1.080025
1.083025
1.097425
1.127525
1.176275
1.178475
1.2011
1.22835
1.23185
1.25965
1.269
1.27515
1.3724
1.3825
1.387475
1.397
1.431725
1.445625
1.46665
1.495875
1.51085
1.62545
1.672425
1.75785
1.81645
1.823725
1.9991
2.130125
2.172725
2.2488
2.258175
2.311225
2.461475
2.48305
2.5392
2.587425
2.62305
2.64385
2.657525
3.089525
3.1267
3.1273
3.12785
3.306175
3.312525
3.3127
3.45965
3.512175
3.513775
3.600775
3.62675
3.630775
3.65935
3.8616
4.0601
4.0673
4.11995
4.74885
4.86315
4.869175
5.020125
5.05455
5.07115
5.095625
5.1169
5.14625
5.15375
5.205125
5.298125
5.300825
5.53315
5.594225
5.673125
5.913275
5.9894
6.0054
6.089225
6.176875
6.199825
6.342675
6.405175
6.56035
6.7818
6.798025
6.9111
7.012175
7.074175
7.1483
7.187475
7.20995
7.25435
7.264325
7.430625
7.5789
7.79195
7.87865
8.267875
8.28335
8.47655
8.6854
8.700125
8.722325
8.764425
8.91985
8.9613
9.223025
9.433425
9.68655
9.75575
9.8627
9.88055
9.989675
155
