0.024925
0.043025
0.046175
0.1191
0.322925
0.414075
0.438125
0.45515
0.46835
0.473525
0.482025
0.50255
0.520625
0.5321
0.545375
0.555675
0.56265
0.56765
0.5701
0.5736
0.5905
0.624775
0.66345
0.685425
0.686775
0.696
0.730025
0.754975
0.764025
0.78475
0.797025
0.798525
0.8084
0.8182
0.828925
0.8291
0.84785
0.8532
0.85755
0.8644
0.908825
0.94735
0.95095
0.970925
0.9768
0.99715
1.009575
1.0111
1.02225
1.023125
1.0234
1.037775
1.055925
1.083325
1.0849
1.1152
1.136475
1.146075
1.164775
1.232725
1.240275
1.25785
1.353025
1.39495
1.437625
1.444875
1.472125
1.502425
1.531
1.54365
1.609475
1.643425
1.712175
1.715825
1.75975
1.8921
1.9014
2.1018
2.108475
2.149
2.1511
2.16995
2.246525
2.382
2.5614
2.573625
2.60185
2.604125
2.60415
2.63145
2.6332
2.6411
2.6748
2.6756
2.6937
2.758275
2.783
2.79215
2.83685
2.99005
3.01125
3.052625
3.05585
3.07625
3.267975
3.31755
3.39785
3.4599
3.482525
3.489775
3.63705
3.652475
3.6815
3.71705
3.7316
3.836525
3.863425
3.8643
3.892975
3.912425
3.999275
4.02725
4.075325
4.16465
4.2122
4.306825
4.3688
4.44745
4.599025
4.616925
4.666425
4.671025
4.70505
5.093375
5.24385
5.281675
5.453525
5.506925
5.7411
5.83445
5.858075
5.89895
6.0996
6.284025
6.3158
6.3299
6.344975
6.603875
6.62165
6.649875
6.670525
6.7016
6.832725
6.9159
7.18675
7.2287
7.355825
7.397775
7.437825
7.5118
7.5208
7.523975
7.545825
7.5781
7.603
7.6089
7.612775
8.0187
8.06775
8.261125
8.380025
8.483025
8.549775
8.67175
8.6927
8.7644
9.08605
9.11935
9.131825
9.189575
9.37105
9.4358
9.435875
9.43605
9.490525
9.6153
9.79875
9.9039
9.912675
9.986625
190
