0.341725
0.3956
0.42265
0.4519
0.478375
0.496575
0.498175
0.51125
0.514425
0.519575
0.519725
0.5322
0.540125
0.5412
0.5558
0.5576
0.56025
0.56715
0.5704
0.5835
0.585125
0.590425
0.604
0.6312
0.6451
0.651425
0.655975
0.6575
0.6694
0.7066
0.716475
0.75025
0.7711
0.77165
0.7877
0.8013
0.8352
0.88535
0.88625
0.91645
0.98505
0.999025
1.0392
1.068275
1.07285
1.08305
1.109725
1.1233
1.1596
1.21295
1.297425
1.3288
1.331875
1.417925
1.45215
1.4524
1.46335
1.504575
1.629125
1.685875
1.699325
1.742525
1.75515
1.798025
1.80935
1.942975
1.96915
2.0695
2.131725
2.17785
2.224875
2.2578
2.302225
2.3696
2.410025
2.4197
2.45315
2.52545
2.533075
2.665525
2.7439
2.828575
2.9758
3.07705
3.0868
3.0874
3.11675
3.142525
3.172375
3.3052
3.325225
3.3905
3.458925
3.50825
3.5612
3.695
3.793775
3.86605
4.0802
4.08455
4.12225
4.1816
4.183875
4.1863
4.26955
4.27285
4.463425
4.5461
4.54625
4.586175
4.586825
4.612925
4.758375
4.953325
5.01455
5.0227
5.191075
5.212225
5.2294
5.336575
5.351475
5.43285
5.51205
5.888125
6.094675
6.097025
6.100175
6.138675
6.389425
6.402725
6.465725
6.72115
6.80205
6.856225
6.90075
6.9394
6.961225
7.37005
7.4049
7.52425
7.528275
7.59865
7.75085
7.831925
7.838075
7.869425
7.922875
8.4798
8.4805
8.92725
9.09765
9.3297
9.403225
9.555675
9.65005
9.71225
156
