0.004675
0.06745
0.202225
0.25325
0.29385
0.41235
0.412475
0.45035
0.485
0.4944
0.498575
0.499025
0.506225
0.510525
0.52205
0.522725
0.529025
0.529075
0.54545
0.548525
0.57075
0.576825
0.612075
0.612575
0.628775
0.6503
0.652875
0.656325
0.6613
0.661375
0.664175
0.66845
0.672175
0.672575
0.673075
0.68015
0.68225
0.682425
0.682925
0.69225
0.70535
0.708525
0.7163
0.7165
0.7242
0.7425
0.778925
0.796675
0.8157
0.833875
0.841575
0.843125
0.848525
0.8691
0.884325
0.89235
0.90705
0.91185
0.918675
0.9316
0.9537
0.953775
0.95665
0.960875
0.969875
0.970925
1.05405
1.081025
1.081175
1.135575
1.14775
1.15315
1.16145
1.171325
1.2608
1.294325
1.305475
1.31875
1.334
1.37395
1.468325
1.47115
1.5112
1.523775
1.554675
1.5757
1.59145
1.594875
1.646625
1.6492
1.8049
1.83235
1.8429
1.85095
1.9315
2.1249
2.24545
2.247075
2.30975
2.36785
2.395475
2.41755
2.520925
2.564175
2.5939
2.723725
2.756475
2.773025
2.901675
3.185825
3.2445
3.282525
3.290425
3.319825
3.400625
3.441525
3.487075
3.580375
3.5839
3.64935
3.715525
3.80015
3.805675
3.8362
3.914075
3.97705
3.995275
4.16315
4.52335
4.69595
4.76845
4.782275
4.94405
5.087425
5.43295
5.43325
5.486
5.494775
5.525375
5.575375
5.6058
5.712275
5.758
5.771725
5.87505
5.912
6.044025
6.79025
7.162975
7.22215
7.332375
7.3423
7.7477
7.798675
8.059075
8.103425
8.161975
8.235775
8.328225
8.660825
8.905475
9.2634
9.286
9.293225
9.45635
9.69445
9.961075
167
