0.0319
0.261475
0.457325
0.4624
0.480825
0.4969
0.499025
0.510275
0.51315
0.541625
0.5558
0.55835
0.56195
0.590825
0.600575
0.6082
0.638925
0.6408
0.645175
0.65485
0.703025
0.707125
0.708425
0.7176
0.718675
0.7201
0.75455
0.76025
0.787825
0.78795
0.7964
0.8022
0.810125
0.8138
0.82155
0.825175
0.827175
0.84835
0.877325
0.889025
0.889575
0.893425
0.8975
0.911075
0.921775
0.93425
0.9788
1.078325
1.117625
1.135475
1.158675
1.19715
1.2334
1.2493
1.329025
1.34705
1.357625
1.373475
1.38575
1.396225
1.4015
1.423075
1.44365
1.45955
1.498675
1.55585
1.579175
1.597825
1.660375
1.745625
1.80655
1.860175
1.9078
1.976275
1.984375
2.15285
2.205175
2.236425
2.33795
2.387125
2.560275
2.620025
2.7534
2.848825
2.9084
3.2061
3.2174
3.735275
3.79945
3.818175
3.864575
3.8826
3.975225
3.980075
4.050725
4.064925
4.0742
4.189275
4.203875
4.28065
4.3426
4.3883
4.44505
4.4709
4.48755
4.51025
4.528175
4.54395
4.601
4.81955
4.82295
4.862425
5.009525
5.115975
5.2215
5.268125
5.45715
5.802875
5.89545
5.9657
6.233175
6.35265
6.379525
6.4895
6.597175
6.8533
6.861875
6.9594
6.9644
7.088975
7.099225
7.197
7.2418
7.37255
7.8051
7.84925
8.023
8.04485
8.132525
8.358525
8.431475
8.48005
8.545325
8.598
8.626375
8.7627
8.778425
8.7905
9.05525
9.24885
9.4668
9.51595
9.56455
9.61615
9.7
155
