0.023375
0.11775
0.145825
0.17645
0.20095
0.223025
0.2398
0.3632
0.399125
0.4188
0.424775
0.4781
0.497575
0.5302
0.536825
0.539025
0.554825
0.5556
0.57875
0.582425
0.608075
0.6266
0.627675
0.628225
0.632225
0.6352
0.6489
0.67825
0.686775
0.69315
0.699925
0.7087
0.743425
0.751725
0.781225
0.8103
0.817825
0.87325
0.90415
0.949575
0.955925
0.9743
0.9749
1.1769
1.207025
1.23465
1.25015
1.252775
1.281575
1.376625
1.394225
1.424875
1.464025
1.467275
1.473925
1.542375
1.632075
1.6474
1.730725
1.8175
1.838875
1.897975
1.918625
1.947875
1.999425
2.06235
2.146925
2.334275
2.405925
2.458075
2.465025
2.482375
2.497475
2.503
2.529075
2.551025
2.551425
2.604925
2.669975
2.737925
2.77745
2.85575
2.910325
3.04075
3.051725
3.10885
3.145725
3.20465
3.2504
3.430575
3.47485
3.478725
3.51555
3.5414
3.576075
3.630725
3.82715
3.873475
3.924675
4.05945
4.141
4.162425
4.222525
4.582825
4.602325
4.631675
4.786275
4.869525
4.946425
5.08285
5.14115
5.263325
5.512825
5.54275
5.54905
5.577225
5.932575
5.960225
5.96255
6.3945
6.429875
6.432825
6.553075
6.6606
6.708825
6.87295
6.976425
7.024125
7.026075
7.026375
7.054125
7.09295
7.251575
7.34
7.361225
7.430125
7.5403
7.564075
7.725075
7.823075
7.9641
8.27295
8.3406
8.378725
8.391675
8.4164
8.547625
8.55965
8.637375
8.747375
8.805125
8.928775
8.96765
9.5706
9.5941
155
