0.0001
0.2261
0.329275
0.49265
0.557475
0.59015
0.59395
0.610125
0.61785
0.62525
0.652875
0.65355
0.6553
0.6584
0.685325
0.686225
0.711125
0.719625
0.7237
0.75545
0.7566
0.7569
0.762775
0.768475
0.776
0.786425
0.802625
0.81605
0.81635
0.825725
0.83335
0.8343
0.864
0.86445
0.864675
0.887175
0.90225
0.968975
0.996875
1.02205
1.03405
1.0567
1.0603
1.062725
1.1427
1.146075
1.154175
1.2046
1.214575
1.23655
1.2753
1.287775
1.3342
1.338825
1.417375
1.42125
1.428
1.439475
1.442975
1.477575
1.6919
1.738125
1.77755
1.8174
1.82155
1.82305
1.833675
1.876725
1.911375
1.913325
1.927825
1.964175
1.9765
2.052025
2.073475
2.137775
2.1487
2.177525
2.203125
2.294275
2.363175
2.417275
2.4534
2.459875
2.5757
2.61785
2.65015
2.65725
2.7168
2.7721
2.82365
2.83
2.848475
2.989
3.027875
3.088975
3.16265
3.263775
3.48715
3.49415
3.57405
3.5919
3.601925
3.788175
3.8041
3.831625
3.833325
3.8634
3.872875
3.927275
4.056125
4.09635
4.426875
4.759825
4.82265
4.8945
4.936675
5.0087
5.1649
5.217875
5.3043
5.342225
5.4054
5.4654
5.726025
5.759175
6.0714
6.12645
6.21195
6.219175
6.29995
6.304175
6.30445
6.6791
6.6959
6.7058
6.914075
7.0144
7.096425
7.11895
7.1592
7.239075
7.3198
7.366725
7.420025
7.4405
7.44065
7.593725
7.616325
7.844275
8.156925
8.21555
8.272025
8.340675
8.3614
8.426375
8.439275
8.49055
8.533725
8.753225
8.834625
8.98655
8.988125
8.99315
9.418625
9.5169
9.521175
9.52685
9.6487
9.69325
170
