0.106125
0.18505
0.2163
0.344175
0.4526
0.4687
0.49015
0.493625
0.5174
0.520325
0.5339
0.539025
0.539075
0.55735
0.576025
0.576575
0.58495
0.587875
0.597975
0.6026
0.611625
0.63
0.635675
0.64615
0.65415
0.7041
0.70765
0.708425
0.711875
0.715925
0.775225
0.7959
0.7965
0.847875
0.851875
0.85405
0.862975
0.878375
0.882
0.892525
0.898475
0.89895
0.901025
0.942975
0.979325
1.00075
1.03395
1.035975
1.037125
1.047825
1.0593
1.05995
1.06035
1.067725
1.08335
1.185475
1.224
1.241875
1.2469
1.293275
1.300075
1.318025
1.32725
1.3558
1.357975
1.390975
1.43905
1.514425
1.587775
1.6986
1.72095
1.7695
1.886625
1.908575
1.919075
1.9415
1.9547
2.0171
2.0374
2.052275
2.05685
2.067975
2.089825
2.1798
2.181
2.2129
2.221725
2.264325
2.4793
2.58825
2.600325
2.612375
2.75845
2.797175
3.11705
3.190375
3.204325
3.268975
3.372
3.384775
3.460625
3.64105
3.813125
3.835475
3.876525
4.002825
4.031325
4.05535
4.1032
4.150075
4.2822
4.34435
4.56145
4.6403
4.664925
4.73875
4.744925
4.74825
4.795675
4.877925
4.924875
4.93965
5.0134
5.063775
5.085625
5.75915
5.832175
5.852575
5.94875
5.9825
6.01405
6.362025
6.43725
6.48835
6.56635
6.6443
6.652925
6.6953
6.76775
6.784725
7.010225
7.01145
7.5086
7.539025
7.567875
7.78995
7.878175
7.991125
8.1211
8.1222
8.516
8.92755
8.9861
8.999875
9.32525
9.37255
9.573975
9.764425
9.911275
159
