0.3697
0.40575
0.43575
0.477225
0.488925
0.506275
0.52125
0.53005
0.537475
0.5601
0.572025
0.575175
0.578925
0.6047
0.625125
0.633575
0.652275
0.659025
0.66175
0.68375
0.68795
0.737075
0.739525
0.7398
0.75315
0.753925
0.7717
0.774575
0.781575
0.79435
0.811375
0.844025
0.85155
0.85615
0.883375
0.8851
0.89755
0.916275
0.925725
0.94645
0.993225
1.0004
1.0154
1.198925
1.2121
1.256075
1.302275
1.314125
1.32175
1.3315
1.398375
1.405325
1.4066
1.5371
1.6039
1.64615
1.6588
1.740225
1.75
1.753275
1.75765
1.8532
1.9293
2.0476
2.113775
2.223325
2.295925
2.333175
2.362425
2.447675
2.48505
2.547
2.586425
2.73105
2.7703
2.77315
2.918825
2.9288
2.95235
3.017975
3.09475
3.1389
3.190425
3.224675
3.338775
3.3804
3.467975
3.56875
3.597275
3.692725
3.871025
3.90505
3.999325
3.99935
4.06305
4.20145
4.206225
4.3151
4.400575
4.4309
4.597425
4.680925
5.0059
5.0468
5.385175
5.41685
5.41985
5.42955
5.532825
5.9798
6.069225
6.16535
6.1733
6.40235
6.4441
6.610325
6.69525
6.71035
6.730175
6.922125
6.95595
7.2752
7.368325
7.457375
7.5695
7.61795
7.6209
7.6291
7.64115
7.97035
8.19855
8.433475
8.5228
8.681625
8.8148
8.8442
8.855
8.8623
8.9506
9.127875
9.3669
9.605725
142
