0.06825
0.13405
0.3525
0.443025
0.4725
0.47485
0.483775
0.4861
0.49955
0.5011
0.50435
0.53645
0.54955
0.5688
0.569475
0.57365
0.61185
0.622575
0.64015
0.6418
0.697675
0.699525
0.7014
0.70205
0.749375
0.770475
0.779175
0.7803
0.783275
0.791675
0.79725
0.7974
0.80075
0.802475
0.814475
0.839675
0.85055
0.868975
0.870925
0.886675
0.967
0.9745
1.005475
1.00575
1.0073
1.02525
1.026525
1.033675
1.043025
1.0508
1.079025
1.125625
1.134575
1.154725
1.1687
1.171875
1.221
1.227125
1.231175
1.281775
1.297525
1.31055
1.315825
1.335075
1.38735
1.393075
1.43025
1.48015
1.517575
1.523675
1.675975
1.732575
1.749475
1.76
1.793725
1.803325
1.9578
2.125025
2.150375
2.237375
2.293575
2.348925
2.46275
2.478075
2.497925
2.58655
2.59325
2.767325
2.78025
3.090525
3.0972
3.106275
3.12535
3.13255
3.1887
3.243875
3.32185
3.353975
3.411375
3.4126
3.459425
3.46645
3.481975
3.65255
3.686725
3.8136
3.91105
3.979325
4.00575
4.174025
4.19915
4.21615
4.439275
4.445575
4.457025
4.5352
4.81565
4.8389
4.92235
4.97165
4.9888
5.006125
5.042075
5.1847
5.272125
5.384725
5.438475
5.630875
5.7091
6.005825
6.098025
6.174925
6.399675
6.409875
6.4109
6.505925
6.562025
6.600375
6.60105
6.76605
6.78285
6.82845
6.89335
7.250125
7.3401
7.378675
7.7408
7.855575
7.993475
8.188225
8.1996
8.445925
8.558575
8.64885
8.68615
8.908925
8.993475
9.250825
9.4998
9.8634
9.8837
9.902925
162
