0.122525
0.405825
0.443525
0.4622
0.47825
0.480775
0.483225
0.496975
0.505
0.5081
0.5134
0.519475
0.521975
0.533025
0.535125
0.537925
0.559725
0.562425
0.56895
0.5781
0.58095
0.5818
0.592375
0.592675
0.593575
0.59515
0.6016
0.6084
0.610925
0.6224
0.6489
0.6495
0.67435
0.70135
0.72145
0.744275
0.75435
0.771075
0.8089
0.8334
0.83655
0.87685
0.8949
0.89915
0.905525
0.919675
0.939675
0.96525
0.970325
0.975775
1.012875
1.0876
1.157475
1.15815
1.15965
1.169875
1.1763
1.194875
1.213
1.24105
1.250675
1.294775
1.3298
1.339
1.36795
1.38235
1.3952
1.395375
1.39935
1.43945
1.480475
1.488075
1.491025
1.518125
1.547
1.6077
1.63855
1.643775
1.6572
1.66875
1.677675
1.692975
1.8918
1.8941
1.972475
2.039475
2.069125
2.119425
2.145075
2.1957
2.223375
2.231275
2.232875
2.239275
2.2443
2.383875
2.385575
2.39355
2.45265
2.46125
2.5629
2.71885
2.79545
2.9582
3.002325
3.0256
3.068425
3.093175
3.099325
3.1051
3.1668
3.172475
3.325525
3.371125
3.510725
3.60075
3.7049
3.75185
3.833325
3.914
3.953775
3.9731
4.02155
4.09685
4.15505
4.2184
4.243225
4.25035
4.324675
4.345225
4.44475
4.5198
4.5822
4.632525
4.73525
4.799725
4.848825
4.8603
5.0639
5.19175
5.219075
5.23285
5.28795
5.32495
5.379525
5.4572
5.48295
5.609475
5.656275
5.90595
6.18255
6.282825
6.371775
6.488475
6.519475
6.6694
6.756325
6.909525
7.016925
7.162775
7.21415
7.214625
7.259525
7.29275
7.503575
7.531025
7.674425
7.7176
7.853875
7.85995
7.91105
8.034325
8.13735
8.62895
9.00415
9.055875
9.0838
9.24925
9.425225
9.57425
9.7247
9.910375
182
