0.181475
0.3447
0.42825
0.42945
0.451925
0.4781
0.480475
0.485725
0.490825
0.52395
0.544575
0.549325
0.5507
0.560125
0.56555
0.578275
0.582825
0.596
0.599125
0.631975
0.637925
0.675725
0.689775
0.698625
0.704525
0.713325
0.71355
0.727325
0.734625
0.73925
0.75725
0.75975
0.76335
0.76625
0.776925
0.779325
0.80255
0.809675
0.8211
0.82245
0.85205
0.873025
0.88875
0.906025
0.918625
0.940425
0.95995
0.969975
0.98135
0.991325
0.999775
1.049225
1.0902
1.124275
1.13365
1.2265
1.23215
1.2337
1.241375
1.25775
1.26475
1.269575
1.335125
1.348025
1.349625
1.38595
1.398925
1.40515
1.405475
1.45855
1.466325
1.50115
1.501975
1.590825
1.620375
1.632425
1.6448
1.76575
1.84395
1.86355
1.9203
1.934825
1.938025
1.972375
2.034375
2.04305
2.121225
2.1441
2.17745
2.25705
2.31605
2.3253
2.391
2.433325
2.44135
2.4488
2.5099
2.60505
2.650475
2.66935
2.698475
2.742825
2.8378
2.8972
2.907275
3.04735
3.1279
3.14685
3.1847
3.30955
3.3718
3.501475
3.563175
3.62915
3.6714
3.678575
3.708575
3.8229
3.9278
3.95325
3.971425
3.985725
3.9925
4.1735
4.198775
4.31125
4.35255
4.547275
4.69805
4.7822
4.92025
4.9358
5.043075
5.048125
5.343975
5.3609
5.376775
5.516875
5.6323
5.64895
5.732375
5.7869
5.8317
5.963425
6.058325
6.1719
6.172925
6.42575
6.524525
6.538925
6.78495
6.884325
7.14405
7.168875
7.3802
7.395725
7.459325
7.4737
7.4754
7.567625
7.837875
7.871825
7.991575
8.165725
8.201025
8.21065
8.2467
8.249125
8.443075
8.762475
8.95405
9.026825
9.242075
9.259475
9.457125
9.504275
9.5866
9.861325
9.923225
179
