0.104625
0.1453
0.24955
0.3064
0.35285
0.3676
0.4721
0.50165
0.507675
0.5112
0.5155
0.5163
0.5446
0.54945
0.56165
0.57495
0.579075
0.579175
0.617725
0.627825
0.62915
0.631625
0.641725
0.66495
0.672825
0.695775
0.71325
0.7371
0.765775
0.766375
0.774425
0.784475
0.793975
0.8462
0.862725
0.962325
1.0016
1.019
1.028925
1.048375
1.05015
1.117625
1.1309
1.142825
1.21885
1.230325
1.2653
1.2942
1.300725
1.308175
1.33375
1.376625
1.414825
1.421375
1.476925
1.477225
1.51975
1.56275
1.576225
1.598625
1.63405
1.644775
1.6493
1.8183
1.854925
1.88265
1.91925
1.975175
2.072125
2.21105
2.21115
2.2514
2.5072
2.536725
2.55195
2.5759
2.603175
2.73555
2.7637
3.1162
3.16045
3.177825
3.1855
3.265275
3.290225
3.43565
3.459325
3.496975
3.569375
3.641175
3.645225
3.721675
3.783875
3.922375
3.9925
4.078375
4.092275
4.26215
4.2891
4.305975
4.36985
4.43985
4.477175
4.889875
4.946925
5.309825
5.3514
5.453375
5.5626
5.697125
5.7232
5.90805
6.016075
6.10945
6.290725
6.30115
6.40575
6.701125
6.7798
6.962625
7.01
7.20145
7.3293
7.330775
7.410175
7.411425
7.533725
8.186475
8.392025
8.5687
8.69735
9.0148
9.0153
9.239925
9.3004
9.334525
9.363475
9.575225
9.6839
9.7423
9.763625
141
