0.41605
0.469675
0.47855
0.482525
0.484975
0.49035
0.4982
0.504475
0.505175
0.51075
0.5354
0.54275
0.5449
0.54515
0.55855
0.56775
0.574825
0.594475
0.597875
0.602625
0.602775
0.605875
0.618175
0.6236
0.62815
0.632425
0.63425
0.64025
0.65465
0.684725
0.736075
0.76395
0.764075
0.76625
0.7755
0.777625
0.787125
0.80205
0.805375
0.806175
0.821675
0.872275
0.88915
0.9143
0.92115
0.935575
0.962275
1.0393
1.0402
1.07315
1.086525
1.090725
1.112825
1.1278
1.169325
1.1892
1.230925
1.23795
1.31205
1.373025
1.494425
1.5104
1.543225
1.58195
1.61445
1.62485
1.63765
1.64115
1.673225
1.69785
1.730925
1.74465
1.755875
1.8338
1.8383
1.8442
1.8685
1.8735
1.924725
1.948775
2.13295
2.150825
2.185625
2.187875
2.240275
2.2776
2.296475
2.398125
2.4632
2.5508
2.592375
2.597625
2.627225
2.85
2.912025
2.95195
2.96955
2.9977
3.184175
3.1917
3.225925
3.244625
3.25125
3.261425
3.5018
3.50225
3.520625
3.6042
3.6496
3.653025
3.8468
3.897075
3.94745
4.02055
4.244025
4.294825
4.29785
4.35395
4.389075
4.417425
4.463375
4.72185
4.77975
4.855525
4.882075
4.966225
5.055625
5.15385
5.3012
5.473075
5.59515
5.598175
5.707725
5.7645
5.7733
5.823875
5.828375
6.01555
6.027325
6.087475
6.10275
6.1251
6.21085
6.223575
6.2657
6.273375
6.436075
6.62205
6.710725
6.712
6.775325
6.9363
7.04515
7.045425
7.0702
7.33445
7.366825
7.718525
7.7222
7.95045
7.965125
8.00595
8.17515
8.215975
8.428475
8.674025
8.7021
8.72485
9.09795
9.135975
9.38085
9.3845
9.612525
9.630375
9.773675
9.9903
176
