0.0216
0.1174
0.204825
0.264075
0.349275
0.3493
0.405225
0.41585
0.436325
0.48065
0.48745
0.49855
0.515875
0.5245
0.543875
0.54505
0.549025
0.5507
0.5519
0.5587
0.570725
0.576875
0.592625
0.6034
0.62805
0.634975
0.635925
0.638775
0.64055
0.642375
0.644725
0.649325
0.704775
0.714525
0.716
0.717
0.734125
0.742025
0.7652
0.816375
0.8384
0.840725
0.880475
0.8899
0.960125
0.972725
1.036
1.0399
1.076775
1.1116
1.1355
1.16205
1.22615
1.228675
1.257575
1.2703
1.2909
1.302775
1.376825
1.3922
1.3992
1.40165
1.4228
1.488425
1.65055
1.681
1.684675
1.70015
1.7762
1.78175
1.850625
1.9269
1.985875
2.0134
2.056025
2.100675
2.12125
2.16795
2.177575
2.21025
2.2593
2.367575
2.40175
2.40555
2.410025
2.4469
2.475325
2.4908
2.520925
2.565625
2.60885
2.6723
2.83175
2.8455
2.877875
2.934825
2.99705
3.0022
3.027075
3.057525
3.05915
3.1926
3.242975
3.287725
3.302075
3.487075
3.5802
3.595
3.7468
3.74845
3.772525
3.86085
3.894
4.057925
4.10495
4.125675
4.28585
4.334175
4.344
4.4211
4.483525
4.496275
4.542025
4.6421
4.787225
4.92495
4.9804
5.12415
5.1558
5.1671
5.264725
5.32445
5.34495
5.6378
5.80605
5.8655
6.07055
6.081175
6.083075
6.206875
6.220825
6.381525
6.45
6.49705
6.545925
6.563675
6.575025
6.62525
6.661075
6.928175
6.986275
7.0202
7.0596
7.084175
7.21135
7.277025
7.322875
7.325775
7.476125
7.49765
7.7257
7.773125
7.937525
7.954225
7.9612
7.96465
8.12405
8.283375
8.322225
8.890725
8.89565
8.91875
8.9403
8.995575
8.99965
9.013925
9.03175
9.152525
9.306675
9.33575
9.529475
9.70675
9.84925
183
