0.017475
0.0287
0.28385
0.30375
0.307825
0.356025
0.4198
0.442725
0.45525
0.471475
0.476025
0.50055
0.502325
0.504275
0.50485
0.50935
0.50965
0.514025
0.51795
0.5201
0.536625
0.5392
0.54045
0.5754
0.584925
0.60135
0.6077
0.614675
0.6419
0.664175
0.686775
0.6927
0.727875
0.74225
0.755025
0.75885
0.762
0.80075
0.812725
0.815675
0.835025
0.84645
0.8535
0.8581
0.867225
0.909675
0.9099
0.9203
0.922075
0.92775
0.952125
0.99005
1.010125
1.014775
1.022775
1.0633
1.08245
1.2037
1.214375
1.239625
1.28
1.2846
1.325075
1.33585
1.388
1.42795
1.48385
1.53155
1.57425
1.62555
1.641775
1.707975
1.889725
1.889925
1.9149
2.016375
2.10645
2.330425
2.390375
2.430275
2.486525
2.51515
2.5199
2.5332
2.572575
2.6747
2.7342
2.751625
2.852975
2.85835
2.900025
3.100425
3.28135
3.310375
3.36785
3.633725
3.634925
3.6719
3.69615
3.7321
3.741575
3.863075
3.937675
3.952425
4.254775
4.458525
4.5088
4.560375
4.749225
4.805475
5.239025
5.309975
5.44955
5.5563
5.59255
5.863275
5.876325
5.8793
5.937875
6.00735
6.132125
6.195475
6.2425
6.329275
6.463525
6.642525
6.70995
6.761225
7.05975
7.0658
7.109825
7.134325
7.37725
7.42515
7.44835
7.54225
7.924675
8.033225
8.0642
8.119425
8.41635
8.42615
8.555275
8.6213
8.629125
8.7806
8.9225
8.9708
8.983225
9.196575
9.4569
9.517575
152
