0.046575
0.3101
0.37495
0.461525
0.47705
0.47945
0.50495
0.51345
0.520275
0.550375
0.577
0.60405
0.6257
0.62935
0.633075
0.647125
0.668775
0.68615
0.687775
0.706875
0.72645
0.74775
0.755775
0.772225
0.7768
0.779725
0.800975
0.807
0.8105
0.827125
0.82825
0.832
0.83445
0.83695
0.8407
0.86095
0.915025
0.9461
1.03495
1.044025
1.0926
1.125725
1.1315
1.1396
1.205
1.220475
1.28495
1.2933
1.299825
1.307225
1.326725
1.36365
1.368575
1.383675
1.39155
1.40075
1.473325
1.49835
1.515625
1.586175
1.597375
1.634475
1.6527
1.65555
1.686275
1.84625
1.906325
1.956875
2.211225
2.250175
2.292575
2.3722
2.394325
2.479225
2.6085
2.71125
2.712425
2.71885
2.729175
2.8395
2.948325
3.240175
3.368225
3.430975
3.46235
3.638875
3.74795
3.7655
3.876
3.88025
3.908025
3.952725
4.14555
4.2155
4.219075
4.2424
4.245375
4.427975
4.526475
4.7286
5.168375
5.582525
5.63985
5.78595
5.801425
5.87455
5.993675
6.35015
6.38145
6.56345
6.580775
6.869125
6.975125
6.97775
7.078775
7.188375
7.193125
7.25925
7.270875
7.2968
7.305275
7.36595
7.46765
7.674775
7.74885
7.8228
7.910975
8.012925
8.22385
8.2498
8.374675
8.5007
8.625925
8.668675
8.716525
8.71845
8.8533
8.910625
9.06545
9.161625
9.747875
9.805175
9.86045
9.885025
144
