0.016325
0.051275
0.382725
0.4894
0.495775
0.501775
0.510725
0.52995
0.537875
0.553525
0.5617
0.56185
0.565425
0.57185
0.61205
0.613775
0.621525
0.621925
0.6227
0.625175
0.6281
0.6374
0.64295
0.655425
0.664375
0.666375
0.680375
0.6905
0.699425
0.70155
0.7087
0.71785
0.7472
0.7488
0.7636
0.7667
0.76965
0.773375
0.77825
0.8039
0.8163
0.834675
0.834725
0.8462
0.860075
0.86645
0.8682
0.873225
0.8743
0.891075
0.910825
0.913725
0.94015
0.9443
0.97875
1.011475
1.04835
1.1043
1.126175
1.146425
1.17185
1.19945
1.25495
1.3213
1.321475
1.3397
1.372925
1.378725
1.384025
1.385
1.402725
1.413725
1.428
1.45595
1.468525
1.474025
1.522675
1.56225
1.581725
1.623275
1.6456
1.7155
1.732125
1.752725
1.772775
1.795875
1.923375
1.93515
1.97705
2.043625
2.06325
2.14055
2.1709
2.20055
2.266675
2.285575
2.3447
2.434525
2.51775
2.66055
2.70195
2.85035
2.85155
2.853475
2.933475
2.989575
3.044975
3.17245
3.229475
3.25965
3.2608
3.3013
3.3206
3.34975
3.434125
3.817575
3.903275
4.067475
4.08425
4.09735
4.2599
4.318525
4.3748
4.383125
4.385725
4.388675
4.39705
4.47375
4.521125
4.60215
4.6526
4.70455
4.83965
4.897425
4.92085
4.974825
5.203275
5.245875
5.29715
5.3306
5.350025
5.405025
5.432925
5.44395
5.460825
5.487775
5.5524
5.60535
5.62265
5.682875
5.8968
5.928975
5.993625
6.001
6.03735
6.100775
6.102875
6.292875
6.372925
7.020875
7.222575
7.509025
7.536225
7.5665
7.68515
8.343025
8.501425
8.584375
8.6021
8.6027
8.62805
8.6606
8.966125
8.998025
9.086725
9.38345
9.466075
9.594425
9.73305
9.811825
9.812
9.987475
9.99995
183
