0.252075
0.2601
0.403475
0.4063
0.409875
0.4501
0.464725
0.479075
0.4877
0.51025
0.539275
0.539475
0.5447
0.556
0.5618
0.564225
0.5673
0.5683
0.603275
0.60885
0.61065
0.614075
0.614775
0.633425
0.636
0.65765
0.6782
0.7173
0.726175
0.754425
0.763475
0.7715
0.777775
0.781125
0.820925
0.827775
0.8389
0.840275
0.842425
0.85395
0.87725
0.885625
0.9028
0.923975
0.949975
0.960375
0.9705
0.974075
0.984675
0.994
0.995325
1.021575
1.040425
1.103725
1.127725
1.13045
1.1339
1.1606
1.169825
1.17065
1.181725
1.1869
1.2342
1.242325
1.24525
1.25265
1.308425
1.3246
1.3262
1.349575
1.374
1.43675
1.44235
1.451075
1.4639
1.49
1.533075
1.567725
1.57195
1.725325
1.7637
1.808675
1.8403
1.92835
1.934875
1.95705
1.961925
1.979625
2.018075
2.056775
2.06475
2.09935
2.1786
2.181375
2.232875
2.262475
2.26335
2.2837
2.285425
2.329425
2.343725
2.402875
2.513025
2.56445
2.58485
2.606
2.6872
2.735925
2.762
2.812275
2.87525
2.990225
3.022725
3.04105
3.0623
3.091375
3.2604
3.279425
3.366925
3.538175
3.615625
3.640375
3.6613
3.680425
3.700975
3.761675
3.8927
3.988875
4.09455
4.166725
4.4366
4.48795
4.55495
4.5677
4.581525
4.6698
4.683125
4.728375
4.78315
4.785025
4.8397
4.93395
5.0735
5.2778
5.306675
5.37945
5.568525
5.652875
5.75525
6.046725
6.07385
6.383925
6.7084
6.731975
6.808325
6.836
6.898425
6.908725
6.9124
7.0024
7.077725
7.16165
7.27425
7.405425
7.4672
7.63265
7.757375
7.888875
7.9029
7.9202
7.992375
8.1511
8.2496
8.453025
8.551975
8.552075
8.631875
8.672
8.750975
8.79565
8.82585
8.8487
9.047125
9.116975
9.199425
9.587925
9.645325
9.827625
9.905075
189
