0.009975
0.1474
0.158975
0.218625
0.3267
0.402
0.458675
0.49075
0.495875
0.4988
0.49955
0.508675
0.51205
0.525875
0.534275
0.5474
0.553725
0.56255
0.581075
0.610525
0.62225
0.64655
0.67375
0.69385
0.7048
0.724625
0.73025
0.73895
0.759975
0.76205
0.7779
0.7937
0.8025
0.811975
0.82815
0.8496
0.855025
0.8919
0.90425
0.923
0.94685
0.9871
0.9933
1.014575
1.01765
1.05825
1.07215
1.100575
1.157725
1.1639
1.184825
1.206575
1.208625
1.222475
1.230875
1.29235
1.3125
1.32535
1.3577
1.397425
1.450025
1.4849
1.506075
1.57155
1.615625
1.74475
1.777375
1.796925
1.82485
1.8638
1.869325
1.88135
1.968825
2.3439
2.3721
2.388375
2.432675
2.460525
2.488275
2.642725
2.687375
2.69095
2.699475
2.737825
2.75235
2.848375
2.87725
3.069425
3.09695
3.106425
3.113275
3.176125
3.201275
3.2603
3.33585
3.338275
3.3483
3.37595
3.5438
3.5539
3.8536
3.8951
4.05405
4.0855
4.209275
4.21725
4.3653
4.44375
4.487475
4.570775
4.667525
4.6834
4.746025
4.747875
4.754625
4.86005
5.14075
5.17215
5.18405
5.1898
5.201775
5.242025
5.253775
5.323625
5.3399
5.394525
5.4327
5.46225
5.559875
5.703875
5.84995
5.87395
5.94855
5.95495
6.20385
6.288175
6.4025
6.5009
6.6088
6.63175
6.706925
6.8845
7.068525
7.306825
7.328125
7.495875
7.506425
7.525375
7.6226
7.832525
7.96655
8.01155
8.10605
8.14505
8.1486
8.213425
8.263975
8.766025
8.773725
8.840675
9.298475
9.472175
9.594525
9.73265
9.9759
9.997125
166
