0.2135
0.3184
0.3961
0.42
0.43875
0.45
0.476425
0.4846
0.5089
0.523925
0.5372
0.559025
0.5634
0.576525
0.5826
0.59195
0.607725
0.61685
0.638275
0.63905
0.6423
0.644375
0.64885
0.663175
0.680425
0.699275
0.714375
0.715075
0.71595
0.741725
0.74905
0.778075
0.7907
0.800075
0.80735
0.86685
0.8772
0.89105
0.92555
0.96325
1.0013
1.0406
1.059225
1.064925
1.105075
1.142475
1.1428
1.158675
1.1593
1.19535
1.2074
1.24035
1.288125
1.350725
1.465725
1.47575
1.604675
1.705925
1.7689
1.793625
1.899
1.900775
1.929825
2.018275
2.085875
2.0928
2.168375
2.23665
2.298575
2.316675
2.333725
2.38615
2.544775
2.5763
2.619675
2.621525
2.622225
2.64425
2.644425
2.708275
2.8441
2.959125
3.154625
3.320625
3.34345
3.45575
3.4692
3.496475
3.526925
3.599275
3.623775
3.677375
3.7268
3.74275
3.793875
3.88965
3.907725
3.9627
3.977275
4.00775
4.068225
4.10405
4.193225
4.22235
4.38735
4.414275
4.435625
4.542875
4.568625
4.586625
4.6064
4.8562
4.8644
5.066275
5.158325
5.44625
5.451025
5.45675
5.46435
5.497675
5.5179
5.527625
5.529675
5.6599
5.6805
5.709625
5.774375
5.83025
5.837625
6.65735
6.83695
6.9604
7.153675
7.316475
7.744675
8.1186
8.1602
8.311225
8.319725
8.344075
8.43705
8.62045
8.886925
8.953075
9.447375
9.747875
146
