0.032325
0.167675
0.218125
0.24145
0.2829
0.43135
0.484175
0.497475
0.499525
0.5022
0.503625
0.50895
0.517875
0.524225
0.536625
0.542175
0.55255
0.5563
0.57045
0.58325
0.603825
0.61385
0.616425
0.629275
0.64265
0.663575
0.67225
0.6826
0.6899
0.692775
0.695375
0.698475
0.72195
0.744775
0.767925
0.775925
0.778325
0.793875
0.79395
0.79875
0.82225
0.823175
0.824575
0.840175
0.85
0.8648
0.87615
0.902075
0.9472
0.9588
0.9652
0.987225
1.0076
1.03965
1.074925
1.089225
1.1051
1.121675
1.307175
1.34675
1.368175
1.37535
1.391975
1.41675
1.477925
1.594575
1.65545
1.7389
1.741825
1.808875
1.8552
1.93325
2.096675
2.105825
2.118925
2.14795
2.20555
2.27085
2.33285
2.380225
2.405025
2.467475
2.49085
2.51335
2.598925
2.6021
2.652925
2.6726
2.72535
2.807
2.822975
2.852275
2.953725
2.97235
3.047925
3.0956
3.13135
3.1491
3.162875
3.210725
3.303275
3.3858
3.5326
3.554175
3.652575
3.652675
3.656525
3.665375
3.7307
3.7308
3.758075
3.83165
3.87185
3.872075
3.8884
3.919825
4.07135
4.244675
4.423275
4.474675
4.54655
4.623075
4.679475
4.769925
4.87805
4.995225
5.1525
5.219825
5.230725
5.327175
5.40775
5.407875
5.448825
5.47855
5.590625
5.630175
5.763775
5.872625
6.022
6.168225
6.25665
6.39035
6.615875
6.629025
6.62905
6.674475
6.90575
7.045375
7.09555
7.267075
7.306
7.4026
7.538825
7.59205
7.624
7.74535
7.896075
7.9636
8.0889
8.109075
8.1141
8.17995
8.391525
8.516275
8.549575
9.083375
9.5555
9.7549
9.7812
9.806575
9.9513
9.958425
172
