0.020625
0.24995
0.295225
0.42195
0.428925
0.489225
0.524175
0.52875
0.53015
0.533325
0.5388
0.540475
0.563525
0.5672
0.5751
0.589875
0.594125
0.604725
0.6084
0.60905
0.644375
0.658625
0.677275
0.7216
0.72455
0.725325
0.7271
0.752775
0.783875
0.7893
0.799925
0.801825
0.8118
0.816575
0.904025
0.916775
0.94205
0.95965
1.00155
1.004125
1.031625
1.0375
1.056775
1.06725
1.074375
1.08615
1.108175
1.1427
1.159
1.166075
1.1914
1.217325
1.22745
1.23015
1.237275
1.27935
1.337925
1.359525
1.395575
1.423175
1.5759
1.590625
1.64995
1.68
1.7089
1.7738
1.78435
1.8532
1.86285
1.877925
1.979925
2.0811
2.171375
2.1937
2.257575
2.294
2.30845
2.360875
2.478275
2.495325
2.609975
2.75495
2.7619
2.7934
2.798225
2.8025
2.820475
2.8221
2.90695
2.947725
2.981
3.0131
3.030675
3.13975
3.189175
3.527675
3.5737
3.629425
3.703925
3.777325
3.80845
3.84905
4.19935
4.24825
4.3722
4.393875
4.466475
4.506775
4.53835
4.637425
4.79435
4.80715
4.86005
5.095225
5.115475
5.19775
5.310775
5.3444
5.3615
5.45035
5.452375
5.5349
5.686325
5.72065
5.7324
5.844575
5.8485
6.38055
6.424
6.438725
6.46025
6.622625
6.78955
6.957525
7.084
7.149675
7.27905
7.3891
7.4501
7.574075
7.646125
7.7214
7.821625
7.82535
7.9169
8.356575
8.3734
8.55295
8.616625
8.683275
8.697025
8.829725
9.382425
9.623725
9.7509
9.81755
9.95165
157
