0.3317
0.385475
0.40235
0.412675
0.4225
0.438075
0.514325
0.5249
0.53625
0.557425
0.561725
0.5642
0.61105
0.62135
0.63515
0.641425
0.653375
0.6603
0.6625
0.67395
0.675375
0.718
0.742175
0.769875
0.7934
0.794225
0.794525
0.7996
0.845575
0.855675
0.86665
0.894275
0.8965
0.902525
0.90345
0.917125
0.9771
1.05505
1.08625
1.097425
1.116025
1.118325
1.1227
1.172275
1.200825
1.208875
1.230075
1.2439
1.286925
1.3461
1.445625
1.44705
1.4482
1.497725
1.54495
1.5822
1.597975
1.636925
1.77705
1.7924
1.796675
1.81655
1.826225
1.857625
1.86255
1.863425
1.910375
2.027525
2.053625
2.074575
2.203475
2.323375
2.3477
2.41415
2.4521
2.4523
2.468775
2.49205
2.52485
2.5303
2.5619
2.608875
2.639025
2.7134
2.7179
2.72505
2.7642
2.7874
2.8687
2.912675
2.934525
2.94375
3.162175
3.17965
3.2176
3.255225
3.31465
3.404175
3.5922
3.6064
3.699375
3.82395
3.835175
3.918625
3.9388
3.94135
4.04615
4.3475
4.363325
4.50485
4.87275
4.893725
4.8985
5.10535
5.173575
5.225425
5.332825
5.511825
5.58775
5.643675
5.73935
5.765225
5.9583
6.1029
6.133425
6.209325
6.2673
6.32845
6.3486
6.4455
6.50185
6.586675
6.597925
6.747775
7.209475
7.48205
7.6725
7.6986
7.73505
7.79875
7.9137
8.20325
8.3737
8.548
8.74295
8.7746
8.801325
8.8561
9.0584
9.215975
9.347825
9.45335
9.46635
9.48265
9.68035
9.684175
9.698175
9.768025
9.860775
9.915275
9.9329
9.972475
162
