0.1378
0.14365
0.1546
0.434475
0.437925
0.4598
0.47195
0.49495
0.495025
0.499925
0.5069
0.525275
0.531575
0.57365
0.6122
0.64165
0.64625
0.6575
0.65825
0.68605
0.726375
0.745975
0.77525
0.783775
0.786525
0.832875
0.848025
0.8554
0.86525
0.895425
0.912
0.931325
0.945725
0.947175
0.9536
0.99685
1.00815
1.028175
1.055425
1.055675
1.063125
1.12655
1.145725
1.2134
1.242175
1.252975
1.27315
1.286075
1.28875
1.2915
1.293525
1.294525
1.2956
1.315625
1.3307
1.33075
1.352125
1.35265
1.36515
1.410175
1.421325
1.4522
1.475975
1.496925
1.5352
1.538025
1.591
1.65875
1.79195
2.02355
2.157875
2.238725
2.337525
2.34265
2.38445
2.47485
2.537875
2.606125
2.61335
2.658125
2.720275
2.72705
2.766275
2.81855
2.9207
2.948925
2.99615
3.0214
3.037875
3.056075
3.147475
3.160625
3.20625
3.2671
3.40615
3.4812
3.481825
3.544425
3.546125
3.6161
3.662275
3.729
3.731575
3.783375
4.013475
4.020575
4.346825
4.537575
4.5698
4.627275
4.732475
4.811625
4.904375
4.96925
5.073675
5.08655
5.147575
5.16065
5.504975
5.70715
5.7258
6.20385
6.30535
6.315025
6.32515
6.40095
6.507325
6.595675
6.718
6.76685
6.84845
6.89815
6.959825
7.150525
7.274725
7.41125
7.511525
7.6637
7.6964
8.013475
8.115375
8.43135
8.5134
8.535075
8.783475
8.80625
8.8719
9.222975
9.225575
9.266425
9.500875
9.754275
9.841825
153
