0.06505
0.0944
0.35215
0.458425
0.461125
0.464225
0.47385
0.506575
0.510325
0.51375
0.529075
0.5299
0.53015
0.538825
0.560475
0.569725
0.570175
0.579975
0.59085
0.599725
0.61625
0.625525
0.629375
0.630225
0.63415
0.64115
0.664475
0.6649
0.666575
0.681725
0.692125
0.7081
0.720275
0.721575
0.722175
0.7286
0.7366
0.760775
0.768925
0.7858
0.82125
0.8221
0.831275
0.841825
0.88295
0.887375
0.89075
0.9009
0.907975
0.93935
0.950225
0.95205
0.957275
0.97865
0.98535
0.996175
1.0101
1.03785
1.057025
1.066075
1.0759
1.088575
1.1044
1.12785
1.216225
1.225125
1.2665
1.278025
1.30845
1.3234
1.3676
1.382125
1.40025
1.423225
1.472725
1.49775
1.50655
1.5624
1.707675
1.747375
1.808725
1.82545
1.9649
1.971375
2.190425
2.264525
2.27975
2.367125
2.3924
2.411625
2.540625
2.6383
2.658925
2.6596
2.71005
2.736125
2.751
2.823825
2.828825
2.867175
3.03885
3.048725
3.057125
3.10125
3.262675
3.32325
3.360175
3.38265
3.4126
3.481425
3.486875
3.6094
3.821475
3.91625
4.0107
4.1214
4.216825
4.2323
4.26175
4.384575
4.539925
4.56755
4.662725
4.7157
4.835525
5.017525
5.10955
5.282
5.317725
5.38595
5.724125
5.746525
6.018725
6.07495
6.16515
6.50305
6.845225
6.97335
7.5019
7.5822
7.58365
7.756
7.85785
8.051175
8.349575
8.35345
8.4585
8.506975
8.7013
8.7063
8.80525
9.105275
9.185875
9.1893
9.239025
9.261125
9.390925
9.406775
9.449525
9.52845
9.52985
9.552275
9.61075
9.850475
9.9011
9.92125
166
