0.0373
0.097325
0.116325
0.220625
0.42145
0.426225
0.484075
0.4869
0.504275
0.51215
0.517325
0.523475
0.529
0.530375
0.538775
0.54055
0.5421
0.54235
0.55485
0.568275
0.577975
0.583475
0.6129
0.62155
0.641575
0.6471
0.6621
0.66395
0.683125
0.693325
0.7116
0.75225
0.7726
0.782075
0.7851
0.823875
0.8264
0.838975
0.8399
0.846075
0.854775
0.92065
0.924625
0.94765
0.950575
0.95455
0.962475
0.991475
0.9932
1.0062
1.008475
1.04225
1.046425
1.0852
1.091
1.113
1.150625
1.16595
1.1881
1.191975
1.223325
1.316725
1.342225
1.35925
1.36135
1.392725
1.405225
1.426575
1.427075
1.4376
1.439075
1.581225
1.66285
1.823625
1.835575
1.9423
1.994525
2.133425
2.3375
2.355525
2.3772
2.390575
2.46265
2.51875
2.575025
2.7307
2.7668
2.943725
2.992575
3.1583
3.1812
3.201375
3.2531
3.282375
3.2845
3.289075
3.37955
3.380225
3.437175
3.59995
3.6129
3.673
3.7611
3.78195
3.782
3.81135
3.8745
3.93385
3.970975
4.002725
4.069375
4.1054
4.166475
4.198425
4.2097
4.21085
4.33955
4.451875
4.491275
4.5247
4.85495
5.07975
5.0852
5.2212
5.307275
5.376675
5.382925
5.439875
5.807
5.915375
6.091925
6.097425
6.19845
6.514225
6.64335
6.7323
6.864
6.893075
6.94925
6.9759
7.07955
7.203575
7.23315
7.3234
7.3286
7.5817
7.7168
7.75645
7.800475
7.87525
7.992775
8.044775
8.103225
8.118925
8.14765
8.1552
8.1749
8.348475
8.572825
8.91585
9.37795
9.50735
9.532375
9.973675
164
