0.0522
0.173425
0.465475
0.4909
0.4983
0.509925
0.521575
0.526825
0.54325
0.5491
0.557075
0.57075
0.5806
0.592925
0.607325
0.612475
0.615025
0.6377
0.638875
0.638925
0.639175
0.6935
0.696575
0.6984
0.70165
0.727675
0.74935
0.759775
0.7666
0.7924
0.8159
0.82415
0.883025
0.96015
0.9836
0.996625
0.998675
1.0504
1.125425
1.171925
1.207275
1.253775
1.256475
1.28285
1.300525
1.36485
1.3986
1.420875
1.450775
1.4687
1.485625
1.496225
1.50205
1.5321
1.5958
1.660075
1.6907
1.718375
1.795375
1.841675
1.842525
1.852875
1.858975
2.048575
2.088225
2.1011
2.15225
2.3867
2.46415
2.5329
2.671925
2.70795
2.7092
2.821825
2.885625
2.978625
3.004475
3.007375
3.0423
3.084925
3.21455
3.3422
3.4336
3.47135
3.545625
3.6465
3.70495
3.951825
4.0073
4.269025
4.298725
4.30115
4.5275
4.604575
4.635975
4.641375
4.6614
4.97175
5.0357
5.0546
5.0647
5.097575
5.24575
5.4293
5.504375
5.529125
5.930675
5.968175
6.48595
6.5294
6.570775
6.586175
6.587725
6.825275
6.834525
6.83775
6.855925
7.04225
7.079425
7.14255
7.179675
7.295125
7.582125
7.6363
7.732075
7.855175
7.90725
8.2044
8.272525
8.3089
8.563775
8.6447
9.0272
9.105025
9.241725
9.44165
9.72415
137
