0.04445
0.1089
0.2296
0.300175
0.355025
0.445225
0.4722
0.490025
0.50385
0.508475
0.5179
0.51855
0.522825
0.529525
0.535625
0.538975
0.55545
0.572825
0.586175
0.5974
0.645175
0.65805
0.65945
0.6702
0.671525
0.684425
0.685275
0.69505
0.726625
0.748875
0.7629
0.769825
0.77785
0.7959
0.828225
0.84495
0.8681
0.887275
0.8981
0.920425
0.937375
0.94845
0.9564
1.01345
1.0146
1.026875
1.0279
1.036475
1.05015
1.101875
1.1148
1.11935
1.15015
1.158725
1.18105
1.19905
1.22935
1.2297
1.242075
1.25375
1.26405
1.264475
1.273175
1.295675
1.35305
1.35535
1.38365
1.4197
1.4654
1.479125
1.5233
1.528325
1.529725
1.5523
1.5597
1.598675
1.608325
1.61345
1.6366
1.657625
1.712475
1.7589
1.89005
1.937125
1.940675
1.9523
1.984925
2.003425
2.038175
2.13155
2.15695
2.198575
2.208875
2.2138
2.2422
2.254625
2.271525
2.31925
2.33115
2.3387
2.441375
2.46455
2.465475
2.4766
2.490775
2.527525
2.5691
2.58335
2.608425
2.635275
2.750925
2.762825
2.79925
2.860175
2.8833
2.986125
3.0852
3.086725
3.09075
3.137325
3.14665
3.165475
3.317675
3.360125
3.367675
3.40175
3.5819
3.58645
3.596
3.769525
3.862925
3.900825
4.037575
4.05025
4.1537
4.2695
4.2835
4.34155
4.384675
4.45405
4.4951
4.560575
4.579725
4.61865
4.67305
4.7281
4.793725
4.905125
5.1453
5.179325
5.181975
5.290925
5.374925
5.435575
5.5533
5.653425
5.877925
5.90885
5.922425
5.986175
6.0221
6.11445
6.188025
6.283875
6.52465
6.691625
6.75315
6.78785
6.80205
6.892375
6.940625
6.952825
7.103625
7.1951
7.26075
7.6164
7.8978
8.0013
8.080325
8.083425
8.2551
8.528525
8.595125
8.66075
8.72295
8.741025
8.8817
9.232625
9.68565
9.750175
9.7863
9.925175
9.9361
193
