0.05165
0.452225
0.464975
0.498825
0.51625
0.5275
0.55065
0.55675
0.569475
0.5712
0.591425
0.595825
0.59845
0.601025
0.633125
0.635275
0.6354
0.639075
0.640375
0.643625
0.651975
0.65775
0.663825
0.6763
0.701475
0.704525
0.71465
0.72655
0.7421
0.7714
0.78195
0.798925
0.817075
0.830475
0.830575
0.835725
0.86105
0.86785
0.8697
0.9266
1.001
1.0137
1.024
1.032675
1.0382
1.04095
1.087175
1.10485
1.157775
1.17625
1.190525
1.195925
1.216675
1.231875
1.25925
1.329075
1.339525
1.35175
1.3935
1.397275
1.4361
1.462875
1.47235
1.484175
1.506875
1.518425
1.588025
1.6323
1.641025
1.65615
1.718375
1.733675
1.8353
1.83575
1.862475
1.890875
2.025725
2.072875
2.082175
2.110925
2.2121
2.294425
2.30965
2.377125
2.42295
2.4431
2.5108
2.623175
2.741175
2.83715
2.90825
2.961125
3.02555
3.0438
3.137
3.188375
3.4341
3.470225
3.4929
3.620975
3.628375
3.95575
4.0686
4.1428
4.15485
4.205125
4.21505
4.219775
4.254775
4.323175
4.4181
4.4383
4.6026
4.75915
4.78935
4.868375
5.225775
5.374
5.55875
5.741
5.869975
5.92785
5.948275
6.0695
6.083
6.09405
6.1798
6.1943
6.632925
6.689
6.7395
6.819625
6.824575
6.831575
6.8639
7.0392
7.14875
7.164925
7.240875
7.27585
7.2818
7.31125
7.357775
7.371525
7.39455
7.4155
7.443625
7.5739
7.576175
7.6952
7.800525
7.855825
8.071225
8.11745
8.308425
8.355525
8.407675
8.477775
8.497
8.71845
8.956625
9.011175
9.07785
9.087925
9.219575
9.3304
9.458775
9.7676
9.883125
169
