0.234325
0.4556
0.456025
0.471375
0.4968
0.499
0.51625
0.518875
0.52065
0.55585
0.5634
0.57175
0.5719
0.577725
0.61585
0.63395
0.64065
0.64235
0.64875
0.65085
0.688275
0.700975
0.70455
0.70645
0.70855
0.713625
0.71445
0.7148
0.735475
0.7474
0.74785
0.754425
0.759525
0.7603
0.773425
0.819625
0.82565
0.83675
0.8407
0.8478
0.8785
0.8855
0.92095
0.947425
0.98665
0.988625
0.99505
1.006725
1.008125
1.026275
1.05125
1.246525
1.2823
1.2847
1.293025
1.3109
1.338475
1.341725
1.348675
1.358475
1.3637
1.373625
1.452675
1.49165
1.49795
1.5163
1.56275
1.609775
1.713325
1.71405
1.743675
1.757525
1.7946
1.9041
1.9629
2.050075
2.082525
2.115275
2.118025
2.131025
2.193675
2.226775
2.263925
2.30235
2.340275
2.357125
2.599325
2.63
2.689775
2.695075
2.86045
2.867075
2.871
2.87625
2.890525
2.905325
2.925275
3.01385
3.12945
3.430125
3.554075
3.6119
3.700575
3.711025
3.921375
4.02305
4.101525
4.265975
4.48495
4.668675
4.747725
4.748425
4.751525
4.966275
5.00225
5.05925
5.07255
5.3051
5.3798
5.38645
5.419525
5.48625
5.58435
5.615625
5.654975
5.694025
5.9826
6.038325
6.100625
6.11725
6.20135
6.599475
6.621175
6.640875
6.676025
6.7293
6.788775
6.79225
6.842325
6.991175
7.05085
7.151
7.197275
7.209475
7.240625
7.278575
7.30295
7.343475
7.445425
7.5256
7.581425
7.58455
7.6022
7.625825
7.813925
7.966925
8.11845
8.345875
8.363125
8.7232
8.726375
8.835625
8.89345
9.130625
9.235725
9.38835
9.423575
9.65485
9.797375
169
