0.215525
0.42785
0.479075
0.491925
0.494925
0.504075
0.5298
0.5311
0.53445
0.53825
0.54655
0.54845
0.576425
0.57855
0.58545
0.588275
0.589075
0.6186
0.639575
0.65775
0.671075
0.675575
0.6906
0.699275
0.699575
0.7052
0.7151
0.733625
0.747825
0.758225
0.780325
0.786325
0.79185
0.797775
0.80255
0.804275
0.80505
0.81825
0.846425
0.8599
0.86895
0.888525
0.8891
0.92575
0.927475
0.982925
1.03725
1.050425
1.056575
1.062475
1.074075
1.088725
1.0929
1.10275
1.123325
1.127575
1.220125
1.2219
1.236875
1.237625
1.252875
1.259525
1.2974
1.348225
1.391675
1.399025
1.4318
1.46285
1.497125
1.564475
1.56985
1.590125
1.632775
1.739225
1.7457
1.76125
1.781475
1.82965
1.87345
1.9432
2.070075
2.1171
2.17745
2.1845
2.19335
2.216125
2.22055
2.3439
2.390225
2.396775
2.454375
2.482825
2.51595
2.53445
2.57025
2.5841
2.696625
2.729175
2.752025
2.781075
2.851075
2.903425
2.906125
2.915175
3.070975
3.087625
3.117475
3.237525
3.324425
3.4757
3.492125
3.50745
3.623075
3.645025
3.75075
3.7517
3.89965
3.93135
3.958375
4.0009
4.003125
4.013875
4.027175
4.04915
4.232425
4.266125
4.383225
4.4618
4.535975
4.576675
4.702725
4.713425
4.7226
4.742575
4.891475
4.962825
5.013825
5.11475
5.253575
5.342075
5.368125
5.466
5.473875
5.559175
5.733425
5.805525
5.828825
5.877775
5.8785
5.89405
5.9502
5.994875
5.999675
6.00125
6.006225
6.017225
6.074025
6.29855
6.424625
6.436425
6.591525
6.87995
6.965025
7.300225
7.532175
7.9509
8.0236
8.072325
8.134475
8.14825
8.428275
8.470225
8.477675
8.495225
8.7283
8.77525
9.0516
9.089525
9.192825
9.3692
9.403225
9.689875
9.691475
9.729625
9.73325
9.7469
9.769825
9.9616
9.978125
9.994525
190
