0.0341
0.043725
0.0975
0.2779
0.333225
0.4513
0.463525
0.495725
0.50305
0.523175
0.525275
0.52885
0.533525
0.53715
0.54015
0.551225
0.5638
0.567275
0.57405
0.591
0.5939
0.595375
0.595425
0.5984
0.606575
0.6083
0.629175
0.62955
0.659925
0.676825
0.694625
0.70085
0.705425
0.724725
0.7511
0.7556
0.766025
0.777825
0.77865
0.7978
0.81145
0.81275
0.822825
0.8856
0.894025
0.9707
0.995075
1.002875
1.0282
1.06535
1.0993
1.1085
1.133
1.14115
1.1591
1.17895
1.1934
1.234525
1.254975
1.26285
1.305475
1.312825
1.334125
1.33675
1.397625
1.40015
1.441775
1.45885
1.553025
1.723825
1.72555
1.744375
1.7494
1.855175
1.912975
2.016775
2.057675
2.063925
2.13045
2.21825
2.406125
2.466675
2.469525
2.669625
2.685
2.83345
2.86795
2.93735
2.946125
2.958925
3.033825
3.1139
3.117725
3.1657
3.19565
3.209025
3.2416
3.435475
3.509575
3.6342
3.65865
3.676375
3.713975
3.783225
3.8795
3.9302
3.97465
3.99635
4.07495
4.2141
4.273225
4.285875
4.615175
4.657025
4.7136
4.793325
4.94485
5.182325
5.190975
5.192675
5.237725
5.343775
5.352
5.5047
5.660825
5.887225
6.0069
6.267075
6.3666
6.41265
6.462025
6.520475
6.572275
6.593775
6.66185
6.721075
7.191125
7.2024
7.3009
7.31
7.465
7.50845
7.644475
7.647475
7.714525
7.83245
7.889575
7.9079
7.9692
7.99205
8.035375
8.113275
8.347525
8.952575
9.2749
9.67295
9.683
9.77075
9.919675
9.9677
160
