0.004
0.277775
0.375875
0.410775
0.447575
0.45375
0.46535
0.494425
0.500725
0.51965
0.54295
0.54395
0.547875
0.56565
0.579825
0.6481
0.6549
0.6625
0.669475
0.6759
0.715275
0.716875
0.71805
0.737775
0.7641
0.8008
0.82845
0.8814
0.91495
0.92195
0.92295
0.92905
0.9596
0.982275
0.993675
0.9978
1.012375
1.053425
1.07015
1.0816
1.185
1.232575
1.2902
1.29475
1.3121
1.333025
1.39985
1.47735
1.4807
1.518825
1.552325
1.6247
1.640025
1.739
1.800625
1.817125
1.881875
2.007225
2.0384
2.094575
2.108475
2.172975
2.395925
2.4612
2.5909
2.6056
2.7199
2.728825
2.84505
2.873625
2.941
2.941325
2.98695
3.122075
3.29695
3.314275
3.33695
3.34105
3.3591
3.40625
3.517875
3.5186
3.650975
3.68325
3.7466
3.8287
3.889025
3.9265
3.9709
4.0307
4.043075
4.300825
4.516625
4.52195
4.528175
4.79735
4.82875
4.99585
5.186375
5.192725
5.23385
5.277725
5.297725
5.467575
5.569475
5.603925
5.6461
5.70465
5.770475
5.924225
5.948775
6.06465
6.4533
6.55815
6.6083
6.61235
6.71775
6.746625
6.9623
7.0982
7.1199
7.256875
7.258275
7.287125
7.29765
7.392175
7.65435
7.669825
7.974575
8.0655
8.070425
8.1136
8.202825
8.231275
8.573725
8.727225
8.964275
9.032275
9.0745
9.30105
9.317475
9.520875
9.54065
9.8182
9.891325
145
