0.424975
0.4358
0.44495
0.453175
0.500075
0.5022
0.50535
0.516825
0.5194
0.52015
0.5257
0.528325
0.534575
0.53835
0.543475
0.547375
0.5826
0.596825
0.63335
0.634825
0.6355
0.647925
0.667525
0.67025
0.671275
0.6829
0.688475
0.68935
0.6907
0.7031
0.7111
0.732725
0.7543
0.76995
0.778275
0.79685
0.79845
0.823625
0.834975
0.852475
0.891275
0.927425
0.92825
0.935725
0.93755
0.953275
0.9553
1.020575
1.067
1.092525
1.12265
1.127625
1.146725
1.220775
1.222925
1.2468
1.262775
1.266875
1.298475
1.336225
1.348125
1.3583
1.427075
1.4447
1.49795
1.50725
1.5572
1.593925
1.633025
1.635775
1.643175
1.681675
1.7109
1.7266
1.78405
1.82075
1.866075
1.8693
1.875675
1.927
1.933275
1.9736
2.035025
2.108125
2.15135
2.157
2.19505
2.2253
2.226975
2.275275
2.29895
2.321175
2.337925
2.353125
2.4648
2.529175
2.5645
2.651925
2.663425
2.667675
2.86535
2.947525
3.009225
3.044075
3.176275
3.186625
3.291275
3.2923
3.38265
3.386325
3.49235
3.494625
3.532675
3.544725
3.7181
3.9441
3.957275
4.00625
4.0881
4.112375
4.400775
4.4083
4.4516
4.5437
4.5743
4.595225
4.75805
4.98895
5.215425
5.223925
5.24545
5.294175
5.365475
5.6452
5.74355
5.767675
5.81555
5.8919
6.277425
6.57825
6.69635
6.862825
6.89645
7.0935
7.1717
7.351775
7.38635
7.6206
7.92705
8.266025
8.376775
8.4526
8.4928
8.58975
8.73095
8.98555
9.0028
9.2799
9.3791
9.72515
9.8224
9.899125
162
