0.0454
0.221
0.30285
0.3114
0.47725
0.50355
0.535075
0.545025
0.55185
0.561675
0.57595
0.5819
0.59205
0.594825
0.595725
0.6136
0.62105
0.62685
0.631275
0.638525
0.642275
0.65105
0.65695
0.66015
0.662275
0.68295
0.696675
0.7072
0.718425
0.72215
0.729025
0.73525
0.736525
0.738325
0.745125
0.753975
0.777
0.781925
0.817625
0.81785
0.832725
0.832825
0.85775
0.88
0.89105
0.8919
0.90975
0.9237
0.934725
0.943425
0.962275
1.044375
1.069625
1.076
1.078075
1.145275
1.168025
1.169225
1.17875
1.181175
1.2178
1.23565
1.2713
1.305725
1.4356
1.456675
1.48415
1.49785
1.521925
1.551275
1.59015
1.6003
1.63695
1.675725
1.6875
1.714175
1.821475
1.883825
2.01795
2.168775
2.1842
2.263275
2.3123
2.3447
2.364475
2.3754
2.555625
2.570925
2.634325
2.6399
2.697925
2.739025
2.7895
2.855825
2.86065
2.867775
2.89005
2.931475
3.0064
3.031775
3.183275
3.19745
3.3185
3.351025
3.3581
3.412075
3.421925
3.484225
3.50235
3.505425
3.513375
3.70675
3.711475
3.780275
3.91485
3.92525
4.037025
4.041325
4.078175
4.1155
4.1939
4.201725
4.2734
4.3995
4.55235
4.5898
4.627
4.6767
4.803825
4.80625
4.9742
4.98055
5.044775
5.233325
5.266075
5.371425
5.577475
5.786625
5.8458
6.009975
6.11185
6.1335
6.1732
6.2354
6.273525
6.378375
6.394
6.599825
6.792125
6.81135
6.892725
6.942425
7.04235
7.0499
7.13465
7.208075
7.3482
7.393825
7.708825
7.751175
7.78855
7.94245
8.1153
8.336325
8.505275
8.57415
8.8133
8.919525
8.938825
9.016825
9.1655
9.188575
9.297025
9.5124
9.546425
9.752375
9.764425
9.97885
178
