0.247475
0.26965
0.44435
0.444625
0.451125
0.5128
0.519025
0.519675
0.534925
0.541325
0.546325
0.556075
0.55905
0.584125
0.587875
0.58935
0.59175
0.609875
0.6174
0.631
0.634325
0.636225
0.643925
0.680625
0.701
0.725675
0.739175
0.751675
0.76265
0.853325
0.86445
0.86965
0.8713
0.88925
0.903725
0.91155
0.91305
0.9316
0.96
0.98525
0.9946
1.01045
1.0141
1.023875
1.032725
1.109325
1.109875
1.118975
1.2124
1.223925
1.2766
1.29025
1.47005
1.55775
1.58175
1.61685
1.691875
1.7444
1.79825
1.8035
1.86955
1.929
1.9402
1.958725
1.973525
1.992425
2.0473
2.063575
2.068775
2.150225
2.1839
2.229075
2.2537
2.25825
2.381775
2.41015
2.477875
2.48345
2.49395
2.704425
2.8198
2.8702
2.874425
2.893
2.9248
2.96205
2.967425
3.10085
3.1276
3.22715
3.22775
3.24005
3.260625
3.276675
3.590275
3.59805
3.655725
3.9002
4.094225
4.095875
4.106925
4.258375
4.313975
4.410575
4.4439
4.532025
4.635225
4.6878
4.81995
4.8601
4.873675
5.03825
5.060675
5.06505
5.0715
5.139125
5.30335
5.375825
5.4354
5.540875
5.728625
5.779675
5.8777
5.886475
6.027725
6.03095
6.06645
6.1895
6.3752
6.502325
6.508575
6.87475
6.922825
7.371925
7.506375
7.578175
7.6296
7.72275
7.853125
7.88055
7.98665
8.325625
8.385225
8.584775
8.878125
8.90795
9.01995
9.068025
9.097575
9.120975
9.40555
9.51725
9.607075
9.630375
9.750925
9.77775
156
