0.049525
0.122875
0.276575
0.4859
0.488875
0.497075
0.517425
0.546775
0.54845
0.554375
0.5824
0.596775
0.628975
0.644825
0.661175
0.66785
0.6687
0.685475
0.702675
0.7216
0.76155
0.7617
0.78075
0.7819
0.793675
0.861475
0.90365
0.944975
0.9694
0.989175
0.99515
1.027775
1.035075
1.056725
1.083625
1.113775
1.117625
1.150275
1.15755
1.241725
1.3192
1.330575
1.345975
1.4026
1.53345
1.7301
1.84885
1.876875
1.894175
1.91965
1.954775
1.968675
2.012275
2.065075
2.106
2.12935
2.274925
2.30575
2.362375
2.3978
2.399575
2.458725
2.459425
2.4659
2.477875
2.488275
2.527325
2.535375
2.5956
2.6348
2.700125
2.778875
2.82995
2.8317
2.910075
2.9229
2.96665
3.089525
3.174925
3.242225
3.274
3.360275
3.47645
3.736025
3.874675
3.9888
3.99245
4.10745
4.23425
4.266025
4.314875
4.37345
4.3796
4.385625
4.478675
4.564475
4.6761
4.708175
4.737525
5.2441
5.271875
5.312575
5.325325
5.3359
5.43585
5.643425
5.82435
5.909175
5.925
6.315775
6.332975
6.814325
6.8155
7.207375
7.28715
7.3668
7.403425
7.726225
7.80925
7.8672
7.929875
7.96945
8.008375
8.0377
8.0532
8.388825
8.48275
8.638325
8.772125
8.907025
8.9316
8.953075
9.101325
9.24015
9.399825
9.409525
9.607525
9.799625
9.904375
9.923
140
