0.082975
0.143
0.15255
0.16745
0.16995
0.245475
0.409975
0.4137
0.469375
0.492275
0.4952
0.503225
0.504475
0.5052
0.5144
0.52095
0.521675
0.54705
0.54915
0.54975
0.566975
0.5899
0.626925
0.630875
0.6405
0.6467
0.66045
0.6815
0.688725
0.6944
0.7104
0.73555
0.7814
0.816425
0.832
0.859225
0.88045
0.889225
0.901375
0.9289
0.938925
0.969575
0.984775
0.9906
1.04315
1.103
1.15675
1.18725
1.20675
1.279125
1.2924
1.322425
1.344325
1.407575
1.457425
1.52755
1.571125
1.601875
1.633275
1.707125
1.75055
1.775025
1.8539
1.904025
1.918575
1.92115
1.937375
2.03175
2.093475
2.171175
2.19845
2.256975
2.298475
2.3232
2.36145
2.405025
2.441125
2.45475
2.46845
2.52385
2.5522
2.557525
2.79035
2.850875
2.885875
3.005825
3.101175
3.132325
3.191125
3.26405
3.278075
3.299075
3.3308
3.4494
3.467375
3.474975
3.6294
3.644325
3.719825
3.9688
3.99125
3.99815
4.0077
4.017575
4.0415
4.048475
4.0547
4.0618
4.139975
4.206025
4.230825
4.465825
4.708025
4.7148
4.7463
4.784275
4.9855
5.084975
5.092275
5.1205
5.12555
5.39435
5.462725
5.4661
5.53675
5.5574
5.6629
5.73905
5.777575
5.828525
5.844175
5.936875
5.97235
6.070375
6.205025
6.5018
6.6015
6.725825
6.749925
6.776325
6.9212
7.446425
7.7714
7.88535
7.974775
8.04275
8.2264
8.256825
8.277975
8.28865
8.289425
8.352175
8.563275
8.702825
8.746975
8.889375
8.943625
9.036975
9.2191
9.223525
9.254425
9.41245
9.439125
9.563425
9.6075
9.710275
166
