0.1051
0.23295
0.27375
0.404375
0.42725
0.4721
0.49485
0.49525
0.498125
0.510475
0.512475
0.516875
0.5194
0.5203
0.523325
0.5268
0.528025
0.529075
0.5379
0.56445
0.568025
0.588725
0.589075
0.5939
0.61475
0.61815
0.632675
0.638975
0.64585
0.649375
0.6517
0.6543
0.673775
0.68025
0.686175
0.691725
0.706325
0.724
0.730375
0.733625
0.7355
0.7487
0.756525
0.786125
0.8402
0.8583
0.888425
0.895775
0.947875
0.9704
0.9843
0.996975
1.004175
1.027825
1.04155
1.045
1.04535
1.05205
1.0529
1.0638
1.0718
1.085775
1.087375
1.1088
1.120675
1.136375
1.15525
1.169725
1.181975
1.191325
1.285875
1.3201
1.377975
1.436925
1.492125
1.49585
1.4965
1.4992
1.5829
1.777375
1.786675
1.8198
1.8556
1.879625
1.894475
1.9346
1.949
1.987
2.0572
2.1358
2.179225
2.1799
2.27425
2.427625
2.449575
2.464575
2.67515
2.696825
2.819475
2.878325
2.982875
3.031425
3.078175
3.13785
3.1815
3.240725
3.390925
3.462925
3.565875
3.60265
3.662675
3.85395
3.939375
4.042025
4.0627
4.086475
4.09
4.137325
4.20385
4.299025
4.3752
4.397575
4.4756
4.5491
4.609325
4.69755
4.7221
4.87415
4.905775
5.0587
5.159175
5.1611
5.2131
5.705525
5.757875
5.8623
5.8792
5.886375
6.009175
6.045
6.311825
6.348875
6.447375
6.5546
6.706575
6.965175
6.978075
7.136925
7.213725
7.310475
7.41515
7.9603
8.252275
8.261025
8.281075
8.385525
8.42345
8.436975
8.7865
8.803475
9.145675
9.249125
9.2708
9.3125
9.402225
9.48395
9.569925
9.65845
9.8569
169
