0.09235
0.33715
0.3453
0.361475
0.373025
0.405325
0.4449
0.49665
0.5111
0.51115
0.5187
0.52265
0.530625
0.5381
0.5488
0.576675
0.584675
0.5917
0.5984
0.601675
0.6037
0.607275
0.630025
0.630725
0.645275
0.648125
0.6606
0.6989
0.700125
0.717325
0.77425
0.790475
0.79305
0.806525
0.84
0.855075
0.891825
0.9088
0.9155
0.9227
0.92995
0.93865
0.948875
0.95635
1.003875
1.02025
1.026125
1.027925
1.046
1.057375
1.06005
1.0814
1.122925
1.134175
1.222075
1.260125
1.262925
1.27045
1.283125
1.286825
1.3516
1.407325
1.41905
1.432525
1.493875
1.542075
1.615025
1.6187
1.63515
1.667275
1.7574
1.921525
1.98185
2.1746
2.195525
2.504725
2.55265
2.5772
2.606325
2.69965
2.70845
2.728275
2.74435
2.748975
2.807975
2.832325
2.84555
2.85165
2.854925
2.874475
2.882425
2.891225
2.923475
2.983
2.99525
3.03915
3.0967
3.102925
3.105525
3.143775
3.23825
3.304125
3.33215
3.4108
3.547325
3.5536
3.587375
3.744575
3.88395
3.9394
4.0009
4.325625
4.51635
4.67545
4.826175
4.949425
4.967625
5.0883
5.185325
5.21405
5.306775
5.374575
5.403775
5.475725
5.575875
5.7061
5.779775
5.801475
5.908125
5.94475
6.06655
6.113875
6.13465
6.177675
6.1869
6.235875
6.332325
6.374975
6.60105
7.01185
7.155875
7.212725
7.319925
7.3364
7.418975
7.465925
7.502225
7.544125
7.55805
7.63555
7.638075
7.964
7.9881
8.051775
8.24535
8.31985
8.404575
8.56265
9.222325
9.22955
9.942225
161
