0.0455
0.12445
0.145575
0.308025
0.3142
0.46395
0.5056
0.51575
0.520675
0.52135
0.533375
0.535875
0.5391
0.562925
0.5683
0.57425
0.57695
0.580825
0.587575
0.594025
0.619725
0.623325
0.687275
0.69285
0.695625
0.700675
0.7242
0.7605
0.774875
0.800975
0.8154
0.81745
0.820975
0.834225
0.84255
0.844975
0.87865
0.891
0.910025
0.92935
0.9514
0.956125
0.9984
1.0954
1.098325
1.109575
1.13365
1.200975
1.2076
1.220275
1.23325
1.248325
1.29955
1.3074
1.34185
1.34505
1.35055
1.3667
1.381675
1.398375
1.399125
1.43455
1.45465
1.46985
1.4765
1.5389
1.592175
1.6093
1.64265
1.66195
1.678275
1.679325
1.81545
1.8182
1.889125
1.92295
1.937925
1.941175
1.9437
1.97355
2.054425
2.078875
2.1023
2.32365
2.336375
2.34035
2.3649
2.573675
2.64715
2.6922
2.732775
2.737625
2.754325
2.7917
2.800275
2.9096
2.965075
2.977575
2.980525
2.99665
3.01565
3.075575
3.1547
3.334675
3.4073
3.424625
3.551
3.565975
3.58755
3.59825
3.675
3.823625
4.002325
4.004175
4.06215
4.13285
4.17265
4.20955
4.2758
4.35845
4.37215
4.386925
4.410075
4.420175
4.4717
4.5413
4.56225
4.771675
4.97295
5.099475
5.38365
5.417175
5.429275
5.465625
5.46745
5.515475
5.562375
5.772925
5.83125
6.132275
6.156475
6.204725
6.310075
6.365475
6.6444
6.8763
7.16945
7.328625
7.394875
7.433825
7.790125
7.850275
7.990775
8.061875
8.078625
8.104125
8.168875
8.309275
8.4429
8.79725
8.80255
8.904425
8.932425
8.950375
9.051725
9.308775
9.4985
9.501775
9.758025
9.783925
170
