0.086375
0.107225
0.184175
0.3181
0.4672
0.4704
0.47145
0.477225
0.477925
0.49025
0.514125
0.52805
0.5593
0.5633
0.569125
0.57185
0.575675
0.576925
0.57945
0.584725
0.5966
0.59945
0.601
0.60355
0.625025
0.63095
0.637625
0.655375
0.657575
0.685975
0.693325
0.6945
0.6965
0.69925
0.705275
0.707975
0.73365
0.7507
0.7789
0.786675
0.791975
0.793
0.8038
0.8108
0.8133
0.836325
0.8401
0.8416
0.88045
0.89205
0.9022
0.90225
0.910425
0.93265
0.935375
0.94735
0.955025
0.969575
1.0103
1.0138
1.028125
1.044875
1.0637
1.112675
1.1168
1.13
1.140925
1.15765
1.182125
1.2452
1.25715
1.334725
1.363225
1.39535
1.399725
1.4086
1.453925
1.481825
1.515125
1.515375
1.532675
1.583025
1.6476
1.73135
1.84005
1.90345
2.025675
2.103125
2.28445
2.346425
2.351775
2.358925
2.382475
2.397475
2.40275
2.43
2.435375
2.565275
2.576
2.6113
2.6468
2.67935
2.7708
2.827925
2.989275
3.06195
3.2962
3.457225
3.5052
3.611925
3.623075
3.764225
3.9333
3.942725
3.995525
4.003
4.133525
4.177375
4.180925
4.2693
4.504125
4.727075
4.80255
4.867925
4.8759
5.038675
5.22035
5.22955
5.25285
5.299325
5.300325
5.5267
5.596625
5.65235
5.695675
5.72385
5.755
5.791875
5.92685
6.082375
6.128825
6.48765
6.5812
6.6463
7.069175
7.12045
7.45975
7.489375
7.527325
7.57385
7.617475
7.7324
7.814225
7.8601
7.875325
7.978975
8.020425
8.0406
8.23805
8.298725
8.3363
8.4479
8.53015
8.70725
8.724875
8.8152
8.88735
9.138825
9.16145
9.393075
9.426575
9.53055
9.672775
9.90655
9.995125
175
