0.1579
0.3232
0.4613
0.47555
0.47725
0.501825
0.502875
0.503825
0.5077
0.5232
0.538675
0.5727
0.577525
0.5868
0.600875
0.616875
0.63765
0.64925
0.662375
0.672225
0.677825
0.6818
0.6998
0.72075
0.72565
0.731675
0.73205
0.7334
0.73565
0.742825
0.77465
0.7776
0.78615
0.78995
0.841425
0.847175
0.8557
0.897025
0.905525
0.9601
0.961225
0.996125
1.003575
1.0351
1.041075
1.053075
1.06825
1.077425
1.135975
1.14225
1.159375
1.16995
1.1879
1.271175
1.347625
1.35735
1.370925
1.403025
1.41615
1.419225
1.42775
1.44385
1.5068
1.511125
1.515425
1.58595
1.723275
1.749525
1.800775
1.833275
1.9141
1.975575
2.006425
2.0205
2.115775
2.1313
2.1471
2.261425
2.264275
2.26525
2.3055
2.33325
2.367425
2.434575
2.495
2.51225
2.52445
2.529725
2.63965
2.66285
2.6868
2.7177
2.856675
2.986875
3.1068
3.11495
3.117275
3.1572
3.164325
3.16515
3.257
3.32995
3.34455
3.39155
3.447275
3.598225
3.68505
3.688975
3.774725
3.87775
3.890125
3.959275
4.164875
4.23655
4.244275
4.25305
4.27455
4.34445
4.376725
4.4277
4.4278
4.4318
4.517175
4.581975
4.702975
4.786
4.925575
4.958925
4.996325
5.423325
5.4319
6.05505
6.060275
6.115175
6.3063
6.356975
6.704
6.746025
7.149575
7.176425
7.35475
7.47445
7.55955
7.8175
8.0412
8.1957
8.2829
8.354325
8.3585
8.473775
8.5385
8.5635
8.6123
8.828375
8.840175
9.0055
9.066375
9.1627
9.27215
9.76425
9.80515
161
