0.07825
0.39625
0.41935
0.5028
0.518225
0.531825
0.5389
0.5473
0.549775
0.56705
0.584575
0.5873
0.6107
0.635175
0.645925
0.6598
0.66585
0.67305
0.6849
0.707625
0.710575
0.726025
0.730175
0.746625
0.74825
0.7638
0.7831
0.823125
0.82375
0.82675
0.831625
0.855625
0.877125
0.8774
0.8869
0.88935
0.923
0.941075
0.95565
0.96495
0.987425
1.03765
1.0443
1.06845
1.07085
1.1188
1.128725
1.151025
1.213825
1.215575
1.23155
1.263125
1.2891
1.318675
1.380125
1.381325
1.381825
1.399925
1.423825
1.442575
1.46295
1.7169
1.74465
1.782625
1.803675
1.817
1.855475
1.894575
1.9387
2.026025
2.200875
2.220375
2.29245
2.4395
2.44855
2.4887
2.499525
2.549175
2.60575
2.690975
2.794125
2.9244
2.96
3.057125
3.1874
3.22065
3.231
3.232625
3.238925
3.39085
3.446225
3.5164
3.601425
3.711425
3.711925
3.900775
4.0513
4.067925
4.109725
4.2883
4.51645
4.69965
5.05825
5.129975
5.226775
5.2385
5.267025
5.3577
5.4112
5.52255
5.52595
5.929375
6.05035
6.097925
6.10765
6.51275
6.5919
6.70235
6.887875
7.029025
7.063975
7.4458
7.564125
7.7566
7.775325
7.80095
7.8312
7.89795
7.97275
8.16
8.163
8.4777
8.5174
8.613675
8.719375
8.816375
8.891225
9.07885
9.3882
9.4541
9.53105
9.670225
9.696725
9.71865
9.7194
9.733125
9.9336
147
