0.423325
0.461075
0.4797
0.487625
0.492125
0.492175
0.4991
0.506475
0.52525
0.55125
0.5575
0.560675
0.5617
0.568925
0.57615
0.58015
0.58795
0.603925
0.607975
0.6201
0.626175
0.634775
0.6422
0.64845
0.65315
0.6644
0.6646
0.68835
0.691275
0.696375
0.705
0.7286
0.7308
0.733375
0.806675
0.8077
0.81005
0.81655
0.853225
0.8581
0.86095
0.8671
0.86815
0.869175
0.8779
0.882275
0.9034
0.9112
0.91705
0.92415
0.92555
0.96175
0.9829
1.003
1.022225
1.049725
1.073825
1.1162
1.1456
1.1644
1.178975
1.198025
1.22705
1.22815
1.24785
1.309425
1.3215
1.438175
1.58405
1.618
1.624
1.672725
1.696625
1.747475
1.766075
1.769425
1.85545
1.91985
2.09195
2.112225
2.17395
2.262875
2.271325
2.329175
2.3472
2.34835
2.38675
2.4101
2.439925
2.45
2.593475
2.623925
2.763825
2.797675
2.8604
2.869675
2.940525
3.013825
3.1231
3.14
3.259875
3.291475
3.36365
3.383775
3.4821
3.509125
3.519675
3.562
3.590775
3.601625
3.727675
3.862125
3.921225
4.145875
4.222175
4.236375
4.423525
4.443925
4.49
4.5141
4.5238
4.55195
4.592375
4.640175
4.741675
4.757575
4.880375
5.123175
5.157225
5.27955
5.341925
5.362225
5.43785
5.452725
5.5004
5.54155
5.650075
5.8465
5.91385
6.140325
6.148625
6.1652
6.41175
6.49
6.579775
6.594025
6.74635
6.779775
7.04575
7.15905
7.221275
7.3103
7.479025
7.73855
7.8763
7.90205
7.942825
8.0534
8.059925
8.17565
8.3256
8.47565
8.48205
8.511075
8.59625
8.641
8.691675
8.70085
9.219075
9.516975
9.51905
9.519925
9.635725
9.733625
9.7821
175
