0.066025
0.140575
0.1482
0.19575
0.26825
0.305075
0.457125
0.481725
0.495675
0.532925
0.53545
0.5489
0.552
0.552675
0.5534
0.553425
0.5739
0.5836
0.589375
0.634375
0.635775
0.6421
0.6546
0.66505
0.686775
0.69325
0.753275
0.788725
0.83045
0.831975
0.85845
0.88525
0.885725
0.918925
0.945725
0.9701
0.98345
0.9887
1.014625
1.1129
1.1458
1.159275
1.166975
1.18305
1.244225
1.267325
1.270325
1.301675
1.327825
1.477
1.4845
1.515075
1.626625
1.732725
1.751675
1.777175
1.827675
1.835675
1.897825
1.954275
2.064575
2.07075
2.0796
2.11895
2.144975
2.178575
2.1815
2.23045
2.24865
2.3395
2.3459
2.3533
2.38705
2.48965
2.54
2.6414
2.71395
2.719575
2.840825
2.844275
2.849525
2.8586
2.9291
2.945825
2.9818
3.0048
3.140725
3.1958
3.207725
3.301375
3.45015
3.519425
3.528725
3.5501
3.57425
3.822625
3.827975
3.84855
3.8524
4.132275
4.33795
4.548275
4.5559
4.6117
4.616375
4.621525
4.696625
4.726575
4.7793
4.803075
4.9561
5.0127
5.08405
5.1278
5.16845
5.32415
5.4339
5.442025
5.56595
5.63355
5.7144
5.74655
5.807225
5.880425
5.89805
6.233825
6.502225
6.79315
6.828325
6.968575
7.209225
7.219
7.267
7.492825
7.847275
8.062825
8.2975
8.30265
8.35475
8.469325
8.5271
8.53395
8.7242
8.818225
8.872
8.97565
9.041
9.20425
9.245075
9.2619
9.3409
9.414325
9.486225
9.575375
9.751425
9.783575
9.89835
157
