0.040325
0.106075
0.425925
0.486525
0.487175
0.4898
0.4953
0.516425
0.52255
0.52285
0.53005
0.533725
0.5429
0.554775
0.55575
0.5769
0.5802
0.581825
0.594075
0.59775
0.601
0.609525
0.61185
0.615775
0.6261
0.641575
0.65515
0.68665
0.698675
0.70905
0.711125
0.717725
0.7371
0.7399
0.739925
0.76265
0.76925
0.81435
0.82085
0.822325
0.824625
0.8428
0.856
0.85635
0.871425
0.871775
0.994525
0.998425
1.00545
1.0123
1.04505
1.08015
1.093
1.119075
1.1408
1.1695
1.17395
1.18175
1.2202
1.227175
1.295475
1.34185
1.366
1.377
1.392725
1.443525
1.45065
1.483175
1.529525
1.6451
1.7424
1.767325
1.811825
1.845825
1.849725
1.925575
1.940775
1.94885
1.956675
2.01475
2.04245
2.11445
2.150325
2.1667
2.17455
2.191625
2.295075
2.313625
2.421275
2.426125
2.43915
2.4393
2.448025
2.522525
2.554025
2.583025
2.616175
2.711825
2.75585
2.8493
2.862125
3.059075
3.166525
3.2578
3.356425
3.4908
3.56295
3.581175
3.588825
3.589025
3.598575
3.669475
3.71375
3.854325
3.855025
3.886725
4.094375
4.162825
4.21155
4.235
4.33165
4.3729
4.403975
4.604125
4.787325
4.901475
5.169325
5.21305
5.237975
5.27905
5.3858
5.59975
5.624725
5.8235
5.8939
5.95135
6.0506
6.065875
6.07405
6.157625
6.4667
6.86605
6.8861
6.97085
7.387
7.499175
7.5298
7.542725
7.8596
8.03975
8.1188
8.615625
8.709075
8.7249
8.759575
8.771075
8.835825
9.183625
9.23075
9.296525
9.3179
9.422225
9.491
9.530325
9.536425
9.641225
9.909625
9.9346
168
