0.109425
0.1558
0.1574
0.2617
0.4502
0.469125
0.485125
0.503875
0.50605
0.50675
0.524225
0.5262
0.532575
0.53465
0.535575
0.5358
0.546675
0.554975
0.558725
0.583375
0.5877
0.591325
0.59295
0.593025
0.606275
0.60815
0.616775
0.628225
0.63225
0.660575
0.664525
0.669475
0.67375
0.6751
0.6887
0.730375
0.7783
0.80615
0.81315
0.82475
0.834275
0.8685
0.87395
0.954475
0.978025
1.006375
1.0073
1.03205
1.0414
1.103225
1.182125
1.27465
1.28025
1.293075
1.356275
1.4275
1.441675
1.47765
1.49175
1.58625
1.61135
1.6265
1.686725
1.7137
1.79405
1.84845
1.918875
1.97625
2.03285
2.0572
2.09095
2.11225
2.190275
2.2036
2.228
2.269625
2.344525
2.355075
2.3709
2.4077
2.479575
2.503275
2.620675
2.637725
2.66355
2.66645
2.682075
2.736425
2.78995
2.9061
2.914975
2.9722
2.9983
3.067
3.09025
3.097275
3.227025
3.243725
3.312325
3.4399
3.52275
3.538325
3.693775
3.81015
3.924125
3.9924
4.063175
4.081225
4.144125
4.189825
4.21485
4.253975
4.50145
4.505125
4.584475
4.596375
4.6233
4.647875
4.6695
4.696725
4.859725
4.893175
5.071675
5.0876
5.107425
5.1368
5.22055
5.278
5.5453
5.65425
5.66005
5.66635
5.6669
5.710075
5.754125
5.803025
6.03705
6.0906
6.225575
6.351725
6.61405
6.623025
6.692575
6.769225
6.7708
6.841825
6.895175
6.992525
7.05875
7.499025
7.553975
7.660325
7.731575
7.82615
7.871775
8.094675
8.13
8.134775
8.404125
8.477875
8.725875
8.72685
8.787175
9.46705
9.792175
165
