0.3607
0.4467
0.456675
0.461125
0.482725
0.48915
0.491575
0.510475
0.522825
0.52515
0.52755
0.5336
0.541275
0.554175
0.563425
0.572125
0.580675
0.583225
0.59745
0.597625
0.613275
0.64235
0.66925
0.6917
0.703325
0.749925
0.752575
0.764925
0.78115
0.7888
0.799225
0.802775
0.8089
0.816725
0.8176
0.8333
0.842725
0.854325
0.86905
0.87545
0.882025
0.882925
0.88435
0.91525
0.955
0.963425
0.970325
1.022625
1.078475
1.1038
1.13245
1.172025
1.18185
1.19865
1.27785
1.281725
1.312525
1.31965
1.413125
1.447375
1.468825
1.51815
1.64015
1.79745
1.8438
1.858125
1.902775
1.915875
2.019075
2.0293
2.061275
2.154125
2.1679
2.202675
2.2541
2.25705
2.33535
2.34255
2.3808
2.381325
2.419325
2.425575
2.443525
2.497175
2.5391
2.632625
2.64025
2.7473
2.788575
2.93085
2.95495
2.97095
3.043975
3.09045
3.109075
3.29375
3.436375
3.503
3.7838
3.790175
3.811175
3.832275
3.884475
3.951725
3.9991
4.0248
4.037975
4.09415
4.31875
4.361125
4.4362
4.592025
4.62655
4.7422
4.771375
4.786775
5.0297
5.069225
5.12045
5.2644
5.5542
5.5579
5.585875
5.58815
5.69885
5.727325
5.735525
5.8678
5.88245
5.9445
5.962
6.3447
6.511275
6.78655
6.958875
7.0263
7.086575
7.1538
7.16525
7.2333
7.317575
7.404025
7.5311
7.606575
7.6685
7.73505
7.750975
7.7904
7.8509
8.035275
8.06485
8.096775
8.129625
8.2426
8.246275
8.259125
8.287125
8.37725
8.87265
9.0162
9.311075
9.350775
9.3607
9.619775
9.685125
9.771825
9.87485
167
