0.041125
0.1704
0.2195
0.338675
0.484575
0.4866
0.48945
0.49265
0.4935
0.513625
0.5273
0.529425
0.555675
0.5627
0.56985
0.58725
0.602025
0.657425
0.663225
0.691975
0.720125
0.734425
0.748675
0.75365
0.7684
0.784675
0.787675
0.798425
0.80195
0.836
0.84945
0.8686
0.877625
0.9114
0.912175
0.954275
0.9568
0.9851
1.00485
1.02075
1.0364
1.0551
1.08105
1.0995
1.11655
1.145525
1.179175
1.2185
1.228575
1.242425
1.25885
1.3066
1.30735
1.366
1.376975
1.377025
1.40295
1.4118
1.4365
1.444275
1.4479
1.46125
1.573425
1.632025
1.643975
1.755575
1.755875
1.7612
1.7929
1.7968
1.804075
1.83515
1.8383
1.89135
1.9387
1.991775
2.0382
2.0562
2.091375
2.145025
2.273725
2.277175
2.3467
2.356625
2.372825
2.40215
2.48815
2.54415
2.54855
2.61345
2.768825
2.804025
2.958825
2.9967
3.087175
3.27815
3.4176
3.64405
3.6859
3.79765
3.8168
3.9538
4.0046
4.0484
4.08075
4.1228
4.401475
4.406175
4.423025
4.455675
4.633175
4.890375
5.08395
5.089175
5.167425
5.1822
5.213775
5.26915
5.273475
5.47775
5.504225
5.547725
5.59495
5.617875
5.652475
5.705375
5.8435
5.849475
5.908025
6.0884
6.27135
6.29825
6.4648
6.4726
6.55405
6.610875
6.692725
6.708175
6.722575
6.7256
6.822575
7.036775
7.177575
7.7442
7.82095
8.0617
8.082425
8.2146
8.217825
8.4929
8.51925
8.605625
8.667025
8.8333
8.85655
8.9121
9.07095
9.40035
9.440525
9.444125
9.610175
9.8227
9.8729
163
