0.007425
0.041475
0.04745
0.423625
0.45955
0.471475
0.472525
0.500025
0.506625
0.5133
0.5214
0.52505
0.527625
0.532275
0.53365
0.537
0.545975
0.5497
0.55065
0.55185
0.5524
0.560375
0.5697
0.583375
0.5848
0.588025
0.609725
0.617425
0.63075
0.636925
0.63965
0.64285
0.645175
0.65765
0.6755
0.691
0.737775
0.754575
0.76125
0.765975
0.7785
0.7833
0.7967
0.79815
0.812075
0.822025
0.84035
0.844075
0.84725
0.8563
0.860575
0.866075
0.892025
0.911325
0.964
1.0267
1.0334
1.033425
1.066925
1.06945
1.098875
1.100975
1.122025
1.1794
1.2263
1.3306
1.458225
1.4723
1.540625
1.64285
1.658425
1.728875
1.745725
1.90165
1.921625
1.95005
2.0476
2.111675
2.145025
2.150425
2.159875
2.168625
2.250475
2.315775
2.32655
2.446
2.46105
2.47645
2.599075
2.6539
2.6757
2.9878
2.989275
3.1291
3.14785
3.2871
3.328375
3.3823
3.389575
3.395925
3.542325
3.552075
3.5538
3.608275
3.625725
3.9768
4.0199
4.02915
4.05605
4.0642
4.1504
4.3244
4.420075
4.541125
4.57735
4.62815
4.64585
4.812675
4.83785
4.9021
5.154575
5.16
5.294725
5.4032
5.479425
5.4795
5.529325
5.6235
5.6527
5.8438
5.85365
5.98455
6.0001
6.113475
6.20545
6.31905
6.34535
6.3726
6.380025
6.452775
6.644775
6.688725
6.782725
7.0277
7.2442
7.24565
7.290625
7.334925
7.3907
7.4839
7.58825
7.698175
7.970325
8.159225
8.299825
8.355075
8.365525
8.45755
8.6492
9.07715
9.09235
9.09785
9.124075
9.32175
9.3233
9.332775
9.3466
9.347625
9.77305
9.83325
9.8729
171
