0.14405
0.3723
0.450575
0.486225
0.493525
0.4949
0.517925
0.5276
0.53895
0.5406
0.542825
0.543575
0.5458
0.549375
0.5691
0.582675
0.58705
0.590025
0.5901
0.594675
0.598175
0.60075
0.606825
0.611775
0.612025
0.6211
0.631475
0.636025
0.643775
0.681225
0.70425
0.739675
0.741
0.791025
0.814175
0.833475
0.836525
0.883675
0.9296
0.931075
0.9351
0.949625
0.974425
1.0137
1.015675
1.01755
1.0537
1.144925
1.17225
1.1808
1.28325
1.29505
1.332375
1.3829
1.419225
1.45475
1.551225
1.642475
1.682975
1.693125
1.694875
1.84485
1.872725
2.052875
2.1264
2.138625
2.19565
2.205925
2.26985
2.30945
2.372075
2.408925
2.418325
2.555125
2.558975
2.640225
2.920125
3.1936
3.358925
3.375975
3.421375
3.500525
3.507425
3.6362
3.65875
3.802625
3.819175
3.8497
3.8834
3.8979
3.953925
3.97685
4.01315
4.223325
4.505525
4.5851
4.772625
4.9021
4.989775
5.0253
5.029575
5.058475
5.168425
5.1944
5.21605
5.23005
5.2531
5.960575
5.9693
6.021725
6.1241
6.333075
6.3382
6.338625
6.53705
6.646575
6.655425
6.702525
7.0629
7.069725
7.10545
7.337525
7.474125
7.4746
7.587875
7.6617
7.75655
7.8257
7.843075
8.053375
8.291925
8.30775
8.440475
8.457875
8.463
8.5859
8.69225
8.6998
8.7394
8.832425
8.863075
8.9356
8.9608
8.965625
8.970575
9.0846
9.260675
9.392
9.414825
9.57955
9.683925
9.6988
152
