0.43705
0.488075
0.492925
0.4979
0.526975
0.53605
0.55715
0.558375
0.5612
0.5691
0.576375
0.593275
0.59505
0.6011
0.6087
0.61795
0.62635
0.6414
0.6523
0.658
0.6625
0.6736
0.678025
0.68135
0.683075
0.6851
0.6881
0.72435
0.75265
0.765275
0.7668
0.81155
0.822825
0.82595
0.842225
0.894525
0.898775
0.929775
0.9337
0.939875
0.947
0.966
0.9775
0.995075
1.03035
1.062975
1.116675
1.12045
1.170875
1.19035
1.225325
1.23185
1.24545
1.2622
1.262675
1.29325
1.314025
1.33675
1.40145
1.43605
1.473075
1.47715
1.497925
1.7104
1.715275
1.726575
1.7434
1.757525
1.769925
1.8129
1.8499
1.878425
2.063675
2.18405
2.2038
2.228775
2.314475
2.455675
2.54745
2.56965
2.654325
2.654925
2.762825
2.771475
2.800475
2.858525
2.9179
3.0431
3.049275
3.1357
3.14695
3.195225
3.2253
3.232325
3.305825
3.327125
3.55015
3.588825
3.682475
3.720175
3.8357
3.9224
3.93755
3.970875
4.00875
4.041825
4.11945
4.15175
4.169175
4.25085
4.68645
5.05035
5.1425
5.16315
5.1719
5.173225
5.18675
5.3636
5.442875
5.585025
5.602925
5.684325
5.800275
5.904075
6.02665
6.182
6.28035
6.40015
6.4182
6.443325
6.6134
6.73345
6.806775
6.87345
6.93475
7.00935
7.0215
7.27815
7.3965
7.3999
7.47795
7.478175
7.607425
7.703025
7.796275
7.95555
8.170425
8.2809
8.397625
8.45305
8.4636
8.478375
8.714025
8.791125
8.8132
8.895875
8.99875
9.000325
9.00815
9.04255
9.0513
9.072275
9.117
9.1448
9.344175
9.3697
9.84925
9.88465
168
