0.264875
0.380575
0.45085
0.451825
0.46255
0.46405
0.48235
0.512925
0.52675
0.529825
0.537825
0.5388
0.5443
0.554
0.556675
0.562925
0.58035
0.581875
0.5855
0.5897
0.6067
0.609925
0.614525
0.631325
0.635425
0.638825
0.66425
0.677125
0.68005
0.6804
0.689375
0.693325
0.709225
0.710175
0.752275
0.7648
0.770125
0.777275
0.785775
0.7889
0.803675
0.822525
0.82795
0.8404
0.88225
0.890475
0.890925
0.930725
0.943275
0.9438
0.961175
0.98235
1.010175
1.018875
1.103
1.15535
1.15545
1.173825
1.2025
1.273325
1.355425
1.365775
1.377625
1.42855
1.4572
1.4574
1.460675
1.52295
1.57315
1.606675
1.651625
1.7023
1.804525
1.93575
1.9891
2.030475
2.035875
2.0428
2.076175
2.094825
2.1341
2.1877
2.20975
2.25975
2.263975
2.31295
2.41785
2.4689
2.490775
2.4908
2.72525
2.811925
2.901325
3.013
3.039175
3.105125
3.399075
3.406525
3.468575
3.592975
3.644375
3.69505
3.719975
3.762475
3.9257
3.97515
3.99645
4.0765
4.10275
4.169125
4.360025
4.387575
4.4438
4.4504
4.67375
4.7122
4.716925
4.90165
5.052125
5.10835
5.2104
5.271125
5.3327
5.374075
5.3936
5.4086
5.413175
5.421175
5.762475
6.007125
6.205575
6.36735
6.471675
6.88025
7.0454
7.124775
7.171575
7.2681
7.3982
7.9179
7.9238
8.7349
8.87845
9.12095
9.164875
9.421375
9.6438
9.828875
9.97415
149
