0.3753
0.4553
0.48185
0.49085
0.515375
0.53375
0.577275
0.583025
0.59465
0.604025
0.604275
0.605525
0.605925
0.610575
0.613225
0.61635
0.62135
0.637225
0.63865
0.64895
0.651175
0.660125
0.6645
0.685175
0.702775
0.75175
0.769425
0.776075
0.80405
0.811375
0.827375
0.86855
0.87655
0.885
0.887075
0.8944
0.90165
0.901825
0.910975
0.9666
1.10155
1.10585
1.123675
1.146675
1.18535
1.20665
1.222775
1.235125
1.26255
1.343475
1.35095
1.3881
1.439525
1.466
1.5362
1.54265
1.544675
1.5635
1.585
1.61225
1.623625
1.63015
1.975125
2.05085
2.091725
2.12665
2.14175
2.149025
2.17615
2.1776
2.1821
2.2285
2.2518
2.268475
2.40715
2.4493
2.462075
2.46265
2.476375
2.546975
2.562475
2.662475
2.76655
2.778175
2.819675
3.00475
3.1311
3.179425
3.2193
3.220175
3.2336
3.296675
3.3451
3.42255
3.533025
3.56885
3.58495
3.643825
3.67455
3.685475
3.712025
3.8931
4.002375
4.0542
4.06145
4.097625
4.099025
4.16075
4.230625
4.322225
4.326775
4.329625
4.4423
4.5329
4.55865
4.630575
4.6811
4.767325
4.8631
4.8877
4.94265
5.037125
5.4158
5.662
5.78145
5.80175
5.971525
6.07515
6.099275
6.2453
6.2692
6.3493
6.359925
6.388775
6.43185
6.53435
6.574625
6.741525
6.87805
6.891625
6.9125
6.9391
7.019275
7.02465
7.28735
7.2993
7.403575
7.448825
7.495225
7.6303
7.6329
7.6816
7.728925
7.823825
7.91305
8.06995
8.070425
8.167725
8.3637
8.598325
8.751025
8.8832
9.266075
9.36615
9.49565
9.5497
9.648575
9.81
9.83675
9.919525
9.9278
9.95795
9.980825
9.9863
174
