0.0861
0.2446
0.2761
0.324375
0.476975
0.484475
0.491725
0.5219
0.532675
0.5334
0.58385
0.5845
0.584575
0.60465
0.6111
0.61955
0.650925
0.659175
0.690825
0.694475
0.711225
0.728025
0.75485
0.76585
0.7872
0.802125
0.80235
0.80255
0.80375
0.837725
0.84785
0.861225
0.9227
0.924875
0.957875
1.010325
1.0602
1.11995
1.13635
1.287825
1.289275
1.289925
1.29565
1.299225
1.37505
1.392525
1.400875
1.4191
1.452175
1.51945
1.52105
1.5323
1.576025
1.588175
1.5938
1.624075
1.6313
1.636275
1.639975
1.665675
1.733875
1.737775
1.87755
1.93825
1.995975
2.107375
2.114925
2.197975
2.267925
2.292525
2.332125
2.420475
2.570825
2.621775
2.6366
2.6789
2.760275
3.014625
3.0814
3.089725
3.1204
3.1282
3.1754
3.265025
3.29165
3.31905
3.3695
3.413175
3.55095
3.566375
3.639275
3.65065
3.72315
4.00015
4.13325
4.162075
4.2885
4.32465
4.352225
4.585
4.610475
4.709625
5.162075
5.16425
5.164775
5.21985
5.260625
5.288575
5.313675
5.3532
5.5517
5.56095
5.74655
5.770775
5.815475
5.87595
6.123325
6.168125
6.2342
6.26345
6.293325
6.357525
6.359525
6.501225
6.5226
6.745575
6.9389
7.296625
7.305225
7.3279
7.5574
7.6309
7.77555
7.838025
8.085675
8.260025
8.4836
8.536125
8.837725
8.8917
8.905625
8.97225
9.118775
9.1525
9.174525
9.347775
9.368825
9.384375
9.442875
9.46405
9.506925
9.6046
9.88745
153
