0.1623
0.340425
0.377075
0.4373
0.44885
0.4542
0.49325
0.49695
0.507
0.5091
0.5186
0.523775
0.536925
0.5385
0.553575
0.5654
0.566325
0.5675
0.568275
0.56985
0.5705
0.572125
0.578525
0.579275
0.580325
0.622875
0.628125
0.63385
0.660125
0.662225
0.716775
0.7401
0.75005
0.7505
0.751375
0.754
0.758525
0.75915
0.769625
0.77505
0.782975
0.79765
0.801675
0.80315
0.803725
0.809825
0.83005
0.850125
0.85035
0.859375
0.862475
0.90615
0.91945
0.960225
0.97615
0.985475
0.9879
0.9912
0.9973
1.008275
1.022775
1.049325
1.050725
1.066675
1.078025
1.08115
1.1089
1.1098
1.111025
1.11515
1.1199
1.12435
1.19195
1.2255
1.267475
1.3612
1.53715
1.542525
1.6088
1.639
1.648525
1.650275
1.664325
1.745325
1.7962
1.8294
1.897425
1.9563
1.998225
1.999175
2.01465
2.03785
2.0637
2.328
2.3622
2.40605
2.4117
2.438675
2.482475
2.4828
2.4909
2.544
2.6515
2.6523
2.68125
2.722275
2.92855
2.968625
2.99185
3.122
3.19145
3.388025
3.396025
3.4076
3.458
3.653425
3.7795
3.92665
3.9339
3.95725
3.959125
4.037375
4.068
4.610525
5.0951
5.118125
5.1212
5.1337
5.1437
5.156925
5.185575
5.23235
5.419975
5.48535
5.6359
5.66175
5.665575
5.714225
5.7462
5.9028
5.926525
5.985425
6.0191
6.0547
6.1167
6.242075
6.256775
6.275775
6.458325
6.470625
6.487025
6.4902
6.571575
6.67325
6.723625
6.891075
6.915775
6.923025
6.993975
7.067325
7.55985
7.924225
8.075625
8.076325
8.502625
8.545
8.62235
8.7288
8.760525
8.8358
8.924675
8.9518
8.9835
9.075125
9.087775
9.14065
9.2143
9.46675
9.5302
9.710775
9.735825
9.885325
9.96775
9.99665
184
