0.188675
0.404525
0.46195
0.508125
0.51255
0.56155
0.569025
0.577825
0.589125
0.593125
0.597825
0.601025
0.636025
0.654725
0.656825
0.658375
0.699675
0.7257
0.7259
0.7294
0.743125
0.74435
0.7609
0.774225
0.812975
0.821025
0.823925
0.8274
0.83455
0.8418
0.861825
0.864975
0.87055
0.92625
0.940275
0.950175
0.981325
0.996275
1.015425
1.064725
1.069975
1.08625
1.094225
1.0994
1.109625
1.1246
1.18315
1.1913
1.25595
1.2771
1.328975
1.33765
1.386225
1.43635
1.4633
1.5585
1.587025
1.666575
1.6991
1.773
1.77675
1.875225
1.9058
2.04295
2.1561
2.169175
2.174225
2.176
2.230975
2.248175
2.2713
2.319475
2.346125
2.397475
2.40295
2.43445
2.463325
2.47365
2.527525
2.534675
2.64725
2.692625
2.77125
2.775225
2.79735
2.979425
3.001925
3.0325
3.0593
3.08
3.097075
3.1031
3.1067
3.21195
3.3013
3.36405
3.42385
3.458725
3.642925
3.64335
3.6785
3.696125
3.77085
3.785225
3.99305
3.998575
4.04435
4.0539
4.10495
4.10525
4.12725
4.12735
4.13805
4.140375
4.148725
4.17305
4.3703
4.5302
4.543575
4.5538
4.605375
4.630125
4.68735
4.7037
4.703975
4.711175
4.771375
4.843525
4.99495
5.120125
5.12155
5.448775
5.487125
5.506575
5.509775
5.601875
5.70435
5.719075
5.78235
5.813775
5.9214
6.038
6.050175
6.10545
6.329325
6.33505
6.342575
6.40145
6.5514
6.59585
6.600725
6.630925
6.817725
6.8642
7.367675
7.57945
7.63365
7.647125
7.66405
7.6707
7.77255
7.933775
7.9372
7.947575
8.0389
8.0806
8.372775
8.476775
8.7182
8.833775
8.884375
9.020425
9.0614
9.094175
9.22365
9.272975
9.327825
9.357475
9.597825
9.7093
180
