0.27215
0.335325
0.428075
0.47915
0.485225
0.485875
0.4867
0.49695
0.529475
0.531125
0.53875
0.539
0.5413
0.549975
0.5524
0.55365
0.5553
0.557675
0.5594
0.569075
0.572775
0.5736
0.59645
0.59815
0.599525
0.605825
0.606225
0.634225
0.6432
0.682425
0.706575
0.7089
0.726925
0.735325
0.746175
0.757375
0.76975
0.79795
0.802675
0.804625
0.80775
0.845825
0.869725
0.89735
0.90575
0.92235
0.928975
0.94035
1.0068
1.00725
1.01825
1.02785
1.03965
1.064425
1.097875
1.101425
1.14245
1.14525
1.14695
1.16185
1.169
1.170725
1.2044
1.296775
1.30865
1.316825
1.339975
1.357875
1.419375
1.437775
1.444975
1.48535
1.50905
1.512125
1.529675
1.5329
1.5558
1.609575
1.623775
1.671025
1.77425
1.81635
1.82185
1.826575
1.830025
1.99685
2.0035
2.01175
2.06165
2.066775
2.110025
2.1346
2.19935
2.22325
2.290425
2.37905
2.5467
2.55225
2.641875
2.6582
2.745225
2.783425
2.948325
2.962025
2.994325
3.012825
3.13935
3.275225
3.40635
3.470325
3.479175
3.5663
3.7865
3.802525
3.816575
4.151975
4.333275
4.426225
4.475175
4.54645
4.67475
4.80655
4.820325
4.855625
4.8818
4.959925
4.984475
5.157875
5.188675
5.2258
5.239925
5.325425
5.413025
5.42075
5.67765
5.7126
5.77685
5.784
5.871275
6.0085
6.00875
6.044525
6.39935
6.57445
6.594875
6.79325
6.81785
7.045
7.171925
7.2792
7.380025
7.459225
7.761875
7.991975
8.009525
8.243675
8.4598
8.730775
9.0511
9.0588
9.07245
9.12015
9.1568
9.29895
9.668775
165
