0.119075
0.2125
0.29495
0.418925
0.45575
0.4761
0.5022
0.508025
0.509675
0.54765
0.54935
0.55215
0.57095
0.57565
0.5801
0.58425
0.58895
0.60285
0.60815
0.60985
0.61355
0.637875
0.644475
0.64595
0.6493
0.65195
0.6594
0.6595
0.661525
0.6756
0.720975
0.736
0.743925
0.752175
0.752525
0.792725
0.7966
0.828825
0.835575
0.90625
0.9188
0.932025
0.962675
0.98795
0.9917
0.997375
1.000525
1.01105
1.1974
1.277775
1.2925
1.31165
1.31685
1.3296
1.3514
1.3541
1.362475
1.371025
1.383475
1.39345
1.41405
1.4278
1.431275
1.44205
1.44645
1.54775
1.55695
1.621225
1.660825
1.6733
1.6938
1.7672
1.823925
1.94115
1.95945
2.1137
2.18075
2.1841
2.339975
2.348475
2.443575
2.474325
2.50585
2.520525
2.544575
2.64995
2.667525
2.670075
2.7537
2.762075
2.8152
2.827025
2.8793
2.972775
2.97305
2.9788
2.99605
3.022425
3.08735
3.12645
3.1749
3.2401
3.26145
3.3116
3.363675
3.385775
3.428625
3.484975
3.53145
3.563575
3.702475
3.727525
3.7829
3.916175
3.9179
4.000025
4.0797
4.107425
4.1235
4.417275
4.510275
4.601275
4.637175
4.8087
4.864625
4.9643
5.05225
5.09925
5.11415
5.163175
5.165075
5.42975
5.5032
5.5357
5.5883
5.594475
5.639575
5.78255
5.86915
5.88685
5.900375
5.91565
5.965575
6.040075
6.079725
6.152075
6.170875
6.18045
6.3104
6.312775
6.33805
6.421575
7.07305
7.0757
7.38545
7.46335
7.583475
7.586575
7.6188
7.640525
7.678475
7.77185
7.840375
7.85115
7.98755
8.29455
8.46705
8.931
9.297825
9.46355
9.579625
9.591225
9.60485
9.7528
9.8518
9.9299
9.9701
177
