0.061975
0.295475
0.424025
0.45075
0.4609
0.473175
0.47745
0.479175
0.488775
0.519025
0.5195
0.522325
0.5235
0.5275
0.52985
0.540875
0.541975
0.55435
0.55725
0.5622
0.582375
0.6111
0.62575
0.629425
0.630675
0.676275
0.6883
0.68895
0.6895
0.689775
0.7011
0.709325
0.7221
0.734325
0.76185
0.814825
0.855925
0.85615
0.865575
0.8797
0.8912
0.896575
0.89975
0.9172
0.952625
0.964225
0.976725
1.04665
1.160175
1.170875
1.177825
1.2292
1.31495
1.36605
1.412725
1.4395
1.446725
1.4828
1.495775
1.565125
1.5732
1.610275
1.643575
1.782025
2.07885
2.15865
2.1801
2.336425
2.393425
2.398575
2.4033
2.44075
2.5114
2.58
2.58985
2.70895
3.032075
3.074675
3.094475
3.100475
3.210325
3.242725
3.253325
3.264375
3.2786
3.288675
3.338475
3.37675
3.451225
3.46085
3.471675
3.640425
3.799875
3.817675
3.867925
3.9705
4.00005
4.032175
4.1013
4.1188
4.17735
4.249025
4.273325
4.27365
4.2931
4.4503
4.669625
4.72685
4.799575
4.808025
4.9094
5.079425
5.249825
5.39645
5.4293
5.502375
5.534225
5.5454
5.5656
5.5718
5.62255
5.62695
5.7261
5.816075
6.2168
6.76395
6.943175
6.959325
7.25085
7.4111
7.595875
7.609775
7.7232
7.8347
7.9143
7.999775
8.055425
8.074075
8.120025
8.1386
8.305925
8.3076
8.40895
9.066275
9.137225
9.192075
9.216975
9.383575
9.471575
9.5152
9.756925
9.786325
152
