0.465375
0.4786
0.5008
0.50255
0.505925
0.52255
0.53485
0.53545
0.573725
0.59915
0.621775
0.639525
0.644225
0.6466
0.66
0.69755
0.744475
0.751775
0.755325
0.767875
0.76865
0.78545
0.79975
0.829725
0.8306
0.9191
0.930925
0.948875
0.9495
0.957025
0.978025
0.985675
0.987575
1.010525
1.0111
1.012225
1.02325
1.0354
1.0356
1.0489
1.050575
1.0992
1.107075
1.1208
1.13415
1.171575
1.18705
1.1904
1.29315
1.369375
1.38595
1.4443
1.507275
1.535625
1.636575
1.7449
1.74635
1.780525
1.801625
1.892125
1.903275
1.94365
1.9913
2.193075
2.354775
2.4726
2.5051
2.622325
2.670925
2.697625
2.834675
2.97315
2.97575
3.06225
3.181125
3.280925
3.282
3.28775
3.3108
3.32565
3.553
3.58
3.654425
3.721175
3.75625
3.83435
3.8997
3.99605
4.0753
4.08285
4.1212
4.381875
4.39095
4.420175
4.542325
4.5868
5.035275
5.338925
5.53485
5.58485
5.618125
5.6346
5.647825
5.679125
5.687825
6.10085
6.169775
6.17135
6.22615
6.281425
6.3297
6.758225
6.802625
6.82075
6.857125
7.040825
7.043475
7.19775
7.203875
7.229525
7.269925
7.771425
7.83385
8.055375
8.172175
8.187425
8.272275
8.369275
8.52185
8.58655
8.736825
9.3177
9.713325
133
