0.03655
0.10225
0.21395
0.381925
0.438025
0.44105
0.472475
0.488575
0.51105
0.51645
0.55235
0.5672
0.573875
0.579875
0.5817
0.5862
0.599125
0.6165
0.61995
0.622675
0.630925
0.666525
0.6682
0.70075
0.7025
0.720275
0.72275
0.725225
0.75585
0.76295
0.78015
0.8111
0.825425
0.8938
0.91285
1.017725
1.05765
1.090475
1.11385
1.1173
1.13205
1.1366
1.156775
1.1615
1.178825
1.20505
1.31085
1.3716
1.4381
1.444675
1.45315
1.4799
1.50155
1.5033
1.585925
1.590425
1.59395
1.6151
1.631925
1.661125
1.706675
1.87515
2.0088
2.051075
2.149425
2.154125
2.194175
2.250925
2.31115
2.3856
2.387425
2.40155
2.482075
2.597825
2.645575
2.732625
2.752825
2.894525
2.905025
2.905325
2.91625
2.966175
3.023625
3.077025
3.159925
3.171525
3.17335
3.2699
3.2792
3.28505
3.34035
3.4683
3.472425
3.591775
3.97385
4.119475
4.166575
4.22115
4.329375
4.340975
4.390125
4.46755
4.46855
4.57385
4.618275
4.62
4.8682
4.938775
5.0514
5.083
5.089925
5.2448
5.319025
5.32355
5.334425
5.357175
5.407525
5.5594
5.639825
5.695975
5.822025
5.84615
5.858075
5.917725
5.9965
6.028175
6.097025
6.26965
6.4213
6.591625
6.5922
6.973225
7.029925
7.152075
7.15915
7.219625
7.269975
7.651925
7.805225
7.91075
7.958725
8.0484
8.34795
8.4564
8.489075
8.92375
8.947
8.97975
9.005475
9.0809
9.289475
9.587875
9.800575
9.863125
9.877475
9.9822
9.994425
157
