0.16195
0.40235
0.459025
0.46815
0.468175
0.479975
0.48825
0.511275
0.514475
0.51775
0.523325
0.527375
0.5469
0.553725
0.560625
0.5814
0.595125
0.5963
0.59955
0.615225
0.617925
0.62895
0.643575
0.65765
0.665525
0.672875
0.673725
0.68875
0.688775
0.689475
0.69335
0.7114
0.718675
0.72995
0.7311
0.756675
0.7635
0.8351
0.8477
0.866075
0.92765
0.94505
0.9745
1.050675
1.0539
1.07625
1.076625
1.079
1.085125
1.12165
1.1773
1.19975
1.21815
1.24545
1.2866
1.30115
1.38325
1.46005
1.485525
1.5227
1.5554
1.567525
1.62615
1.74885
1.80085
1.83455
1.8502
1.864575
1.869525
1.911725
1.917325
1.9722
2.0341
2.048575
2.085125
2.098625
2.121975
2.160925
2.174275
2.266575
2.31385
2.351225
2.4402
2.469275
2.55855
2.66125
2.68455
2.699575
2.71555
2.9518
2.993925
3.0339
3.0526
3.1635
3.214225
3.231325
3.232875
3.31905
3.356575
3.4583
3.648925
3.7739
3.871475
3.9468
4.136125
4.208375
4.239225
4.242725
4.3548
4.3854
4.3875
4.4392
4.450575
4.49555
4.7256
4.744025
4.89535
4.9769
5.2495
5.332775
5.4665
5.513525
5.592625
5.6746
5.68785
5.747975
5.859025
6.081975
6.1724
6.34945
6.544775
6.54545
6.6191
6.624
6.7148
6.71525
6.881825
6.882375
7.05255
7.76755
7.76835
7.77365
7.8031
7.931025
7.940975
8.07025
8.090375
8.110125
8.4334
8.5823
8.64565
8.7279
8.788
9.052875
9.095175
9.117625
9.132175
9.190225
9.273
9.32605
9.354275
9.674975
162
