0.31485
0.450075
0.4669
0.4777
0.49205
0.493775
0.50005
0.513525
0.5318
0.55265
0.582375
0.626325
0.634225
0.666875
0.677225
0.677625
0.691375
0.7003
0.7312
0.797075
0.8262
0.862475
0.880275
0.917
0.920625
0.924225
0.948825
0.95675
0.979
1.042525
1.047925
1.05535
1.055625
1.0723
1.0824
1.1046
1.142675
1.187225
1.25435
1.27015
1.2943
1.333575
1.339425
1.3713
1.408925
1.4128
1.46035
1.495375
1.5287
1.620925
1.69595
1.700175
1.761625
1.812625
1.81695
1.865825
1.90555
1.929525
2.140875
2.15445
2.163575
2.20465
2.21615
2.2478
2.376825
2.540475
2.701975
2.70775
2.728625
2.738825
2.757025
2.95785
2.97415
2.993275
2.996475
3.19975
3.238625
3.37955
3.389025
3.414425
3.5442
3.611225
3.6936
3.80605
3.987875
4.107025
4.1139
4.232075
4.274075
4.290125
4.388275
4.4433
4.4789
4.481475
4.5102
4.589625
4.600725
4.865
4.890275
5.1521
5.25
5.34515
5.34995
5.43695
5.523275
5.5357
5.693975
5.718025
5.747725
5.901175
6.094775
6.203375
6.328875
6.330325
6.34865
6.595475
6.6455
6.66185
6.69255
6.733775
6.7403
6.8716
6.9408
7.06465
7.2921
7.551425
7.589
8.037725
8.084825
8.1705
8.182725
8.232225
8.326275
8.332475
8.444325
8.45505
8.505
8.65945
8.713625
8.7564
8.858075
9.002175
9.16955
9.216225
9.290875
9.481175
9.606525
9.685875
9.712825
9.86925
150
