0.005775
0.0326
0.1551
0.2452
0.2675
0.43745
0.47185
0.4953
0.506275
0.5135
0.517225
0.538
0.54175
0.546875
0.56855
0.5769
0.581475
0.586875
0.60195
0.609125
0.648825
0.666625
0.667975
0.67965
0.679675
0.699125
0.7237
0.7392
0.747375
0.79795
0.813275
0.838825
0.8459
0.875025
0.895425
0.9307
0.950475
0.961075
0.978075
0.98145
0.99445
0.995475
1.0038
1.00555
1.00925
1.020025
1.06355
1.06955
1.074875
1.125925
1.164025
1.172525
1.1794
1.2346
1.275375
1.343825
1.3772
1.40885
1.430025
1.454975
1.558175
1.69595
1.7186
1.7427
1.7801
1.81895
1.977725
1.981325
2.083275
2.206025
2.2316
2.281525
2.3197
2.3906
2.402725
2.408
2.4274
2.432
2.640725
2.67005
2.704575
2.726425
2.87895
3.0193
3.0621
3.118975
3.26725
3.2762
3.282125
3.312425
3.337725
3.366875
3.424975
3.673025
3.692975
3.72185
3.7712
3.771625
3.79595
3.863225
3.8922
3.928
3.93355
4.380625
4.43955
4.45915
4.460825
4.644725
4.671875
4.721925
4.726175
4.744625
4.80205
4.8157
4.8607
4.867525
4.986775
5.306875
5.528375
5.583475
5.60155
5.73245
5.9107
5.91385
5.9637
5.9794
6.0486
6.05835
6.162825
6.28815
6.332625
6.3392
6.35685
6.4357
6.482225
6.7295
7.212725
7.3168
7.7472
7.819025
7.8372
7.909425
8.051575
8.081175
8.1649
8.1906
8.269825
8.422075
8.42265
8.54795
8.792325
8.809675
8.963125
8.978525
9.0412
9.068575
9.1281
9.324
9.334875
9.42215
9.509775
9.54605
9.5646
9.919825
9.96675
165
