0.17185
0.368875
0.4268
0.4596
0.461125
0.505525
0.530775
0.531675
0.535725
0.5441
0.54825
0.552525
0.583125
0.59115
0.610725
0.61405
0.62265
0.6261
0.64485
0.650925
0.65705
0.6576
0.658075
0.6595
0.663075
0.6659
0.705975
0.71785
0.7216
0.7623
0.76765
0.7903
0.790875
0.8048
0.80715
0.8305
0.8355
0.85355
0.855925
0.8842
0.900175
0.93045
0.93865
0.9485
0.973775
0.987075
1.002475
1.0062
1.040375
1.054375
1.060625
1.08355
1.086825
1.0948
1.1088
1.111825
1.124475
1.2202
1.244875
1.296325
1.30595
1.34395
1.35305
1.3609
1.36495
1.3718
1.386525
1.441125
1.445775
1.462
1.514675
1.556025
1.631325
1.660375
1.66475
1.6844
1.71935
1.75385
1.7669
1.83805
1.95965
2.0495
2.0625
2.09005
2.1162
2.18405
2.190425
2.327425
2.56475
2.5717
2.615175
2.723875
2.83035
2.85615
2.870825
2.931625
2.99165
3.005475
3.166375
3.3225
3.40015
3.462425
3.497125
3.519425
3.609425
3.71505
3.7241
3.766875
3.772325
3.80415
3.808325
3.976825
4.0014
4.002575
4.0105
4.08505
4.098325
4.347325
4.436725
4.47105
4.49145
4.528175
4.5691
4.67535
4.90975
4.98435
5.043125
5.15375
5.156825
5.171075
5.246825
5.31795
5.378975
5.532775
5.6303
5.643275
5.7124
5.747775
5.78035
6.0164
6.0767
6.4116
6.5162
6.598725
6.629725
6.67255
6.755125
6.834325
6.84595
6.867725
6.892575
7.082225
7.0888
7.318275
7.423625
7.436525
7.69615
7.748975
8.036
8.239625
8.30415
8.67075
8.7757
8.96805
9.395625
9.52025
9.54985
9.69375
9.72535
9.79405
9.8895
9.934475
172
