0.0186
0.433925
0.4474
0.46945
0.481075
0.4893
0.48975
0.499725
0.500525
0.506825
0.509
0.538375
0.553625
0.576825
0.5822
0.5925
0.592875
0.604925
0.636075
0.6372
0.646475
0.65045
0.657425
0.66395
0.667525
0.674825
0.69515
0.721075
0.73685
0.742075
0.75115
0.7518
0.759525
0.794975
0.8102
0.8207
0.83075
0.849725
0.87025
0.875725
0.878575
0.92065
0.931325
0.9419
0.956075
0.972825
0.98485
0.987275
1.01485
1.0418
1.047875
1.082525
1.105375
1.1465
1.165175
1.172875
1.1861
1.194825
1.2401
1.244525
1.25655
1.261375
1.268925
1.369175
1.371075
1.4069
1.426425
1.588475
1.717225
1.816125
1.8162
1.856025
1.856075
1.8586
1.98865
2.0927
2.126275
2.252925
2.272225
2.344
2.34805
2.413675
2.4554
2.487825
2.603725
2.604475
2.621175
2.6935
2.717525
2.750675
2.7601
2.801475
2.83205
2.843
2.8442
2.8641
2.9191
2.967675
3.0216
3.030875
3.155425
3.25945
3.271875
3.325725
3.381625
3.44085
3.514975
3.515675
3.747775
3.75925
3.854775
3.944725
3.9974
4.04635
4.07045
4.14005
4.469325
4.50505
4.554275
4.624725
4.879175
5.0834
5.20955
5.241375
5.507975
5.67665
6.0203
6.44805
6.631125
6.697275
6.7659
6.81905
6.8439
6.943725
6.946575
6.97275
7.008475
7.1061
7.19785
7.3405
7.628475
7.6308
7.655325
7.7004
7.758125
8.010175
8.1069
8.22255
8.226725
8.469525
8.506975
8.61305
8.62375
8.67585
9.115525
9.13895
9.197825
9.771125
9.918325
159
