0.210425
0.401825
0.4448
0.471275
0.49785
0.513425
0.52415
0.559425
0.560325
0.565725
0.57975
0.58465
0.586675
0.59665
0.604375
0.60495
0.60645
0.615725
0.6429
0.6454
0.6466
0.676225
0.68575
0.68955
0.690525
0.702025
0.7087
0.72185
0.722275
0.723025
0.72365
0.736975
0.75455
0.7588
0.76535
0.76745
0.768875
0.773075
0.776425
0.782725
0.795025
0.80615
0.81985
0.843525
0.84455
0.845975
0.850475
0.86345
0.917275
0.91815
0.93465
0.97145
0.975625
0.978275
1.00665
1.012275
1.03005
1.10425
1.1631
1.17315
1.182075
1.238125
1.242725
1.29655
1.298125
1.340075
1.3773
1.377625
1.418125
1.4584
1.5023
1.63975
1.6434
1.6599
1.711575
1.71465
1.8275
1.946275
1.963075
2.0397
2.1563
2.1643
2.238925
2.291125
2.40645
2.521075
2.561025
2.5683
2.604375
2.673025
2.7635
2.82895
2.8715
2.923225
2.943825
2.9622
3.001725
3.110275
3.180025
3.205875
3.23655
3.3128
3.3294
3.41895
3.461675
3.58355
3.5895
3.720475
3.733925
3.81395
4.2596
4.2626
4.2749
4.2856
4.399125
4.4474
4.4626
4.545725
4.6314
4.7595
4.86135
4.869175
4.9698
4.971325
5.0889
5.157725
5.360825
5.383525
5.4264
5.448225
5.544225
5.643775
5.64995
5.7545
5.76255
5.96055
6.0711
6.101425
6.34485
6.37645
6.4096
6.511025
6.60155
6.7312
6.78765
7.064875
7.093575
7.103025
7.189725
7.226925
7.282075
7.786475
7.926725
8.015125
8.0421
8.351875
8.369175
8.48395
8.48545
8.510325
8.574725
8.724825
8.754275
8.85665
9.09305
9.2232
9.493275
9.5337
9.64125
169
