0.081275
0.3521
0.41205
0.441575
0.46405
0.477425
0.496675
0.506925
0.50945
0.52545
0.5489
0.55425
0.564025
0.573825
0.599825
0.6122
0.61395
0.618225
0.634275
0.658875
0.706475
0.718125
0.723075
0.736325
0.754775
0.7621
0.7835
0.784725
0.785875
0.789175
0.791125
0.79215
0.797225
0.806125
0.8433
0.844475
0.84785
0.85485
0.884175
0.8906
0.914575
0.948
0.952575
0.95865
1.029075
1.0393
1.041075
1.06475
1.06985
1.1481
1.1669
1.196925
1.20055
1.220925
1.233075
1.238625
1.267925
1.27975
1.2857
1.29325
1.3026
1.308425
1.377175
1.452775
1.460125
1.498975
1.5723
1.59505
1.776575
1.805025
1.8521
1.8531
1.907375
1.9926
1.994475
2.059025
2.22035
2.222225
2.2461
2.256775
2.265725
2.332175
2.35265
2.380825
2.3865
2.396125
2.522325
2.5717
2.58735
2.733375
2.988925
3.0031
3.005125
3.022975
3.02525
3.02735
3.14025
3.151125
3.172275
3.380775
3.385325
3.50175
3.50795
3.552525
3.61955
3.661275
3.7081
3.731
3.733925
3.75525
3.75705
3.768575
3.847
3.950225
4.0554
4.156025
4.248675
4.294475
4.392175
4.422175
4.454575
4.4812
4.5395
4.977125
4.9972
5.0106
5.04425
5.18265
5.304925
5.366975
5.373575
5.39975
5.636775
5.6728
5.679225
5.86015
5.9254
5.939775
6.114275
6.3465
6.53435
6.646075
6.6543
6.656125
6.925625
7.09075
7.0943
7.304275
7.3223
7.362475
7.375825
7.5569
7.56385
7.586175
7.623325
7.7333
7.9473
8.012075
8.16215
8.189075
8.282325
8.3294
8.490275
8.504525
8.575575
8.729025
8.7395
8.8314
8.860975
8.921025
9.01815
9.039925
9.05045
9.528175
9.687
9.690675
9.748
9.797425
9.8308
9.935075
180
