0.01295
0.08875
0.381475
0.4371
0.44795
0.4576
0.46755
0.4746
0.474675
0.489925
0.491975
0.4983
0.5161
0.528725
0.5305
0.546075
0.55335
0.570175
0.57395
0.58145
0.59645
0.59815
0.6066
0.6419
0.654675
0.677125
0.6819
0.6839
0.72065
0.728275
0.733075
0.745775
0.74665
0.761475
0.766775
0.7719
0.77985
0.806575
0.81255
0.81575
0.816425
0.816825
0.843825
0.84465
0.85175
0.86285
0.872225
0.872825
0.877725
0.92115
0.942475
0.95925
0.985225
0.98615
0.99465
1.00635
1.01385
1.035425
1.041625
1.061075
1.105975
1.1061
1.106875
1.11175
1.21795
1.282725
1.286175
1.29
1.30935
1.33885
1.369475
1.390125
1.390875
1.400775
1.40815
1.41765
1.4282
1.430875
1.456675
1.4606
1.462375
1.4715
1.4774
1.536825
1.565625
1.6088
1.65315
1.72655
1.78375
1.839875
1.84715
1.8692
1.90825
1.9116
2.007075
2.029025
2.074475
2.12535
2.1254
2.168175
2.2624
2.298575
2.3313
2.353875
2.361225
2.413825
2.44985
2.465475
2.465725
2.4774
2.5982
2.6562
2.7407
2.7412
2.8145
2.85445
2.942
2.945725
3.070525
3.11145
3.14215
3.2546
3.2947
3.4427
3.51355
3.5784
3.6079
3.61315
3.64655
3.716075
3.7362
3.763825
3.9368
3.9394
4.0181
4.02555
4.02865
4.1609
4.1793
4.304125
4.489625
4.56115
4.81665
4.8797
4.92945
4.9939
4.996325
5.016125
5.085475
5.133875
5.190775
5.44245
5.463475
5.540825
5.703275
5.893425
5.91035
5.9964
6.156625
6.171975
6.186775
6.295125
6.40675
6.4878
6.501725
6.7169
7.001925
7.12705
7.167875
7.30205
7.5444
7.560075
7.85195
7.9471
7.96915
8.0045
8.13175
8.20445
8.325125
8.387275
8.4701
8.577675
8.66155
8.801925
8.9739
9.0876
9.244225
9.8571
188
