0.097775
0.366025
0.434725
0.448475
0.462025
0.47335
0.473925
0.486125
0.490025
0.499325
0.510275
0.51655
0.5395
0.552425
0.56165
0.566125
0.566875
0.578675
0.595875
0.59965
0.60395
0.608775
0.6125
0.649025
0.650725
0.678225
0.68225
0.69205
0.709075
0.731375
0.73565
0.7392
0.773575
0.784975
0.797175
0.79725
0.798875
0.817375
0.8255
0.836875
0.840975
0.849175
0.8695
0.902825
0.9396
0.962075
0.976925
0.980125
1.010875
1.043375
1.072725
1.0763
1.0874
1.116075
1.1904
1.201825
1.218275
1.2624
1.26395
1.277675
1.32825
1.3575
1.3855
1.4699
1.47125
1.5018
1.558025
1.6839
1.798075
1.81985
1.852875
1.8596
1.8737
1.8771
1.998825
2.0027
2.0045
2.011625
2.038575
2.132825
2.162925
2.221025
2.26195
2.372925
2.404075
2.40455
2.516125
2.63235
2.644125
2.665075
2.67275
2.9419
3.045275
3.066125
3.069525
3.304475
3.3312
3.347575
3.352475
3.46165
3.58865
3.69935
3.76875
3.7816
3.8398
4.01405
4.026675
4.028
4.234125
4.249425
4.264725
4.3255
4.328925
4.3398
4.4328
4.440475
4.526575
4.529875
4.68875
5.073325
5.124175
5.220675
5.2209
5.226075
5.506225
5.739425
5.7787
5.849125
5.917175
6.1816
6.299225
6.476375
6.4915
6.54525
6.655925
6.800425
6.852675
6.931225
6.9666
7.03345
7.060275
7.17605
7.192375
7.217
7.2784
7.488475
7.562425
7.7674
8.17315
8.278675
8.4573
8.49295
8.498375
8.65645
8.6714
8.6837
9.30675
9.421725
9.48695
9.647275
9.671325
9.7224
9.790725
9.850675
9.990225
9.9932
166
