0.2825
0.4015
0.40695
0.4519
0.4651
0.489275
0.5032
0.506825
0.512775
0.5151
0.51585
0.516025
0.5262
0.529925
0.541375
0.5574
0.557425
0.559775
0.5608
0.5957
0.599925
0.60845
0.60905
0.619075
0.63005
0.66045
0.663575
0.669375
0.6739
0.67855
0.68225
0.6928
0.721675
0.730925
0.7449
0.752725
0.785425
0.80675
0.8114
0.8149
0.8163
0.84765
0.889275
0.908175
0.92945
1.005825
1.0101
1.07185
1.08655
1.105125
1.1088
1.152
1.267225
1.375775
1.443225
1.45895
1.4947
1.5563
1.5848
1.6986
1.9751
1.999825
2.03495
2.078575
2.084925
2.0867
2.147625
2.170175
2.313675
2.31915
2.363575
2.368075
2.405175
2.4501
2.548875
2.6006
2.61095
2.612525
2.7371
2.748125
2.751625
2.7695
2.77735
2.78225
2.9416
2.976275
3.1222
3.21665
3.235625
3.355425
3.39105
3.498225
3.563275
3.73555
3.76165
3.7936
3.799075
3.820925
3.879225
3.9005
3.9599
4.000525
4.0333
4.07655
4.307425
4.369
4.39955
4.450525
4.4864
4.5378
4.60775
4.751475
4.777075
4.8346
4.8531
4.9695
4.975725
4.980825
5.1386
5.180625
5.224575
5.2842
5.363975
5.4214
5.531275
5.700225
5.711675
5.7718
5.80835
5.8426
6.046525
6.14895
6.15755
6.2268
6.288025
6.457325
6.4667
6.561475
6.6795
6.7218
6.957925
7.11365
7.223675
7.22585
7.251675
7.494525
7.51495
7.52165
7.582375
7.610825
7.665275
7.673475
8.05085
8.114225
8.123775
8.142825
8.28905
8.52855
8.578425
8.60815
8.6942
8.799075
8.999825
9.0143
9.031025
9.06815
9.182325
9.221675
9.486725
9.595425
9.7099
9.779225
9.796625
9.844875
9.909975
175
