0.04485
0.124475
0.29015
0.314425
0.401225
0.41115
0.4781
0.484575
0.5028
0.5053
0.52385
0.527225
0.5288
0.56105
0.5611
0.6096
0.6176
0.6228
0.632725
0.64245
0.66145
0.7053
0.709425
0.7115
0.721975
0.742625
0.8091
0.82285
0.84945
0.876925
0.8878
0.892725
0.895825
0.8983
0.906675
0.916225
0.92375
0.965875
0.974875
0.978775
1.0028
1.0256
1.11045
1.111425
1.144125
1.160325
1.1807
1.21005
1.2413
1.2534
1.31205
1.313875
1.3206
1.354925
1.401975
1.4322
1.480225
1.522975
1.54565
1.549375
1.5604
1.61045
1.7282
1.9582
2.201525
2.239875
2.252625
2.2842
2.3227
2.375625
2.385175
2.397675
2.421675
2.46905
2.489275
2.495775
2.5253
2.534
2.56105
2.59865
2.66535
2.6913
2.720625
2.80555
2.8153
2.961
2.96335
3.15215
3.180625
3.2258
3.2563
3.515375
3.600075
3.64375
3.6481
3.70925
3.86705
3.9823
4.006075
4.00865
4.028875
4.125
4.168625
4.235575
4.24515
4.306375
4.37295
4.378775
4.845125
5.029725
5.25585
5.4101
5.49055
5.6607
5.70945
5.7492
5.99095
6.749675
7.122875
7.159025
7.311225
7.3401
7.547275
7.79775
7.9497
7.954425
8.012725
8.075725
8.141225
8.217125
8.42965
8.557
8.6503
8.82225
9.0075
9.20345
9.4022
9.8338
138
