0.286125
0.414675
0.479325
0.481825
0.482875
0.48765
0.507275
0.51115
0.517875
0.56065
0.58305
0.5899
0.616725
0.623875
0.639225
0.65705
0.658675
0.67095
0.673675
0.678125
0.70235
0.713725
0.7372
0.746525
0.750625
0.751525
0.7591
0.77095
0.77905
0.781675
0.785925
0.8013
0.835925
0.89035
0.894625
0.97115
1.003025
1.005575
1.00735
1.03245
1.042775
1.061375
1.072725
1.13675
1.1662
1.1817
1.225325
1.22655
1.27685
1.30205
1.33745
1.359
1.3851
1.38575
1.40005
1.4229
1.43275
1.4448
1.4712
1.475525
1.493275
1.57835
1.603875
1.657125
1.674425
1.7283
1.751975
1.783925
1.803275
1.89675
1.914525
1.91645
2.084875
2.0979
2.23325
2.23875
2.245625
2.300375
2.32395
2.37695
2.3858
2.5023
2.56035
2.6715
2.880725
3.0293
3.040675
3.269775
3.295925
3.34695
3.40665
3.6012
3.60535
3.62795
3.700425
3.7024
3.7155
3.846675
4.148975
4.329825
4.348675
4.40375
4.4633
4.6051
4.609075
4.75285
4.792625
4.804075
4.80985
4.979425
5.0021
5.108725
5.164875
5.190325
5.235675
5.2627
5.286375
5.421175
5.551
5.671125
5.701475
5.7059
5.7264
5.759675
5.868875
5.9208
6.03505
6.148975
6.17695
6.32595
6.55155
6.7341
6.7913
6.808275
6.9102
6.9358
7.001925
7.018325
7.053125
7.0973
7.445025
7.45305
7.5376
7.67455
7.72595
7.73715
7.82765
8.20345
8.304175
8.819025
8.833225
8.934875
9.0939
9.096325
9.301175
9.31535
9.4372
9.46665
9.626625
9.712325
9.7207
9.755475
9.760175
163
