0.0481
0.138825
0.336375
0.43305
0.45415
0.489575
0.497625
0.5138
0.51555
0.51845
0.54275
0.551075
0.556575
0.569725
0.570425
0.575025
0.60295
0.613775
0.621125
0.636625
0.65815
0.691525
0.72885
0.73205
0.738575
0.74155
0.75295
0.767925
0.784375
0.79015
0.79415
0.8265
0.840225
0.855375
0.868825
0.8773
0.926175
0.9498
0.959225
0.961475
1.01495
1.027475
1.02985
1.045175
1.0602
1.1002
1.138
1.1575
1.198075
1.253925
1.26735
1.29395
1.3318
1.3579
1.36825
1.384425
1.4196
1.4366
1.49195
1.52065
1.59875
1.648
1.6527
1.681725
1.797
1.816475
1.8306
1.854075
1.99465
2.014125
2.077275
2.07955
2.090575
2.107225
2.24565
2.3051
2.34205
2.40735
2.5625
2.626275
2.77175
2.773325
2.774125
2.8518
2.8806
3.1849
3.201175
3.247175
3.2728
3.2988
3.350625
3.357025
3.378225
3.39635
3.485775
3.51185
3.54975
3.64795
3.6728
3.6995
3.71295
3.775
3.934025
3.95195
4.008775
4.01585
4.06375
4.07245
4.089225
4.101625
4.11645
4.25355
4.331025
4.3834
4.433025
4.474375
4.62235
4.63825
4.670225
4.7003
4.730025
4.78315
4.852525
4.882025
4.95715
5.0902
5.169275
5.210725
5.393625
5.519175
5.535925
5.62035
5.7619
5.80365
5.947375
6.220975
6.35885
6.472925
6.66555
6.829475
6.87405
7.06065
7.12545
7.19235
7.195625
7.275725
7.28465
7.499975
7.53715
7.68945
7.691125
7.946125
7.97285
7.98735
8.014475
8.046175
8.259425
8.32745
8.6481
8.9301
9.22495
9.230475
9.39355
9.627925
9.664425
9.7894
166
