0.059
0.06555
0.177825
0.406275
0.502975
0.505775
0.509075
0.528675
0.5345
0.5351
0.5714
0.57625
0.583025
0.585925
0.58895
0.609975
0.619675
0.62145
0.623025
0.630225
0.631125
0.637525
0.6421
0.6453
0.657925
0.662525
0.680775
0.692775
0.69825
0.71605
0.724525
0.737225
0.7558
0.792275
0.802025
0.821875
0.821975
0.8309
0.8405
0.8995
0.90485
0.9253
0.9316
0.96615
0.970225
0.970525
0.993525
1.00785
1.012925
1.020125
1.0616
1.065725
1.08115
1.0902
1.176975
1.269725
1.2706
1.321475
1.336525
1.3585
1.3722
1.404275
1.40615
1.426025
1.426675
1.429825
1.45335
1.477125
1.52885
1.569775
1.600875
1.661725
1.73745
1.746825
1.830475
1.831125
1.886725
1.91765
1.92125
1.932225
1.93335
1.981775
1.993325
1.9994
2.01235
2.047925
2.072525
2.0803
2.11075
2.1363
2.141225
2.172725
2.17845
2.250175
2.250725
2.257775
2.3499
2.373525
2.38345
2.494325
2.53985
2.56765
2.6187
2.629925
2.787
2.90295
3.050275
3.2964
3.307175
3.38235
3.434625
3.47275
3.6042
3.751425
4.003175
4.041775
4.073475
4.1204
4.163425
4.280425
4.30605
4.345825
4.3505
4.3633
4.400775
4.5013
4.547175
4.553775
4.783625
4.988425
5.01945
5.065725
5.22305
5.242325
5.27595
5.3537
5.39565
5.506975
5.588725
5.684575
5.70915
5.791275
5.861625
5.92085
6.231525
6.26865
6.365275
6.370175
6.3753
6.574625
7.002975
7.0837
7.138275
7.321375
7.3574
7.48325
7.512175
7.55395
7.575875
7.716825
7.8618
8.1291
8.30135
8.357925
8.4481
8.483325
8.53105
8.642875
8.64445
8.699425
8.726525
9.0023
9.267575
9.298225
9.333425
9.4311
9.75685
9.80795
9.832475
9.98605
180
