0.07195
0.07695
0.216475
0.363125
0.449675
0.467
0.4692
0.473675
0.4912
0.505725
0.507775
0.518525
0.52045
0.540325
0.5408
0.558025
0.560625
0.570275
0.57625
0.577
0.578375
0.618025
0.6494
0.65145
0.652075
0.65355
0.6691
0.673125
0.7051
0.722475
0.72575
0.73425
0.758475
0.76755
0.773075
0.77345
0.807425
0.8218
0.828075
0.831625
0.8475
0.84785
0.851325
0.86465
0.868275
0.876725
0.8803
0.88675
0.893675
0.894775
0.895475
0.909525
0.910675
0.92625
0.931975
0.934675
0.96
0.96305
0.973825
0.984125
0.985275
1.015125
1.031725
1.036275
1.04075
1.0422
1.050625
1.0556
1.080275
1.0947
1.129825
1.14665
1.1524
1.1884
1.236325
1.279075
1.2831
1.2845
1.288825
1.293825
1.39095
1.39655
1.40085
1.40585
1.417275
1.4174
1.4692
1.511675
1.5472
1.571675
1.6433
1.693275
1.71455
1.739425
1.77545
1.7928
1.8324
1.96745
2.0264
2.036175
2.04215
2.0759
2.1506
2.236625
2.249675
2.254525
2.256075
2.3055
2.3689
2.460825
2.525225
2.62615
2.6392
2.68525
2.69195
2.710125
2.71295
2.7176
2.822375
2.913975
2.94105
2.95285
2.9912
3.14435
3.1523
3.192525
3.213325
3.281975
3.319775
3.567075
3.629325
3.649625
3.766675
3.804825
3.964975
4.00085
4.289475
4.337525
4.37735
4.417525
4.62005
4.62175
4.68875
4.7164
4.753
4.86685
4.948925
4.97675
5.0513
5.16445
5.41545
5.4219
5.457925
5.577825
6.003975
6.129625
6.16205
6.2182
6.457775
6.607925
6.611925
6.770775
6.952825
7.495475
7.84595
7.9546
7.959325
8.076325
8.170775
8.246025
8.29625
8.598925
8.88725
9.202275
9.2096
9.22855
9.2862
9.31695
9.43765
9.666625
9.87705
181
