0.358575
0.464325
0.4892
0.4924
0.500725
0.513625
0.54615
0.54725
0.54835
0.555
0.559025
0.5818
0.587425
0.589225
0.592325
0.598
0.6011
0.609125
0.627075
0.632175
0.635175
0.6485
0.649825
0.6509
0.659225
0.675975
0.68085
0.6851
0.693575
0.693975
0.721375
0.725125
0.726
0.7396
0.7479
0.75935
0.8741
0.990725
1.053
1.0536
1.0676
1.09345
1.0946
1.17975
1.2882
1.291
1.304025
1.307975
1.349925
1.350675
1.369525
1.374525
1.44775
1.473425
1.5578
1.577575
1.598025
1.619875
1.657425
1.762175
1.804525
1.824
1.84175
1.894475
1.931725
1.951925
1.955375
1.973025
1.979675
1.997725
2.008075
2.05835
2.081275
2.100075
2.13165
2.178
2.201
2.21935
2.2855
2.285875
2.419675
2.599675
2.6038
2.639875
2.66895
2.68375
2.69515
2.76655
2.858475
2.865575
2.905775
3.02485
3.11405
3.184975
3.202825
3.249075
3.257675
3.260075
3.45105
3.469225
3.56075
3.6089
3.754875
3.81275
3.8266
3.842325
3.86045
3.98045
4.0575
4.238825
4.378775
4.4038
4.476925
4.48075
4.5615
4.613275
4.824025
5.361425
5.460775
5.48845
5.496525
5.519775
5.5303
5.646325
5.6498
5.771275
5.794125
5.869525
5.881675
5.953
5.993375
6.01595
6.32455
6.481
6.699325
6.7359
6.740425
6.815075
6.88555
6.9991
7.12245
7.2368
7.322925
7.36615
7.598325
7.65705
7.66
7.671325
7.797775
7.927625
8.03185
8.07795
8.07975
8.112825
8.308325
8.36135
8.42045
8.6271
8.703875
8.864025
8.9118
9.011475
9.1413
9.16215
9.187475
9.253175
9.458825
9.565475
9.646625
9.663975
9.851775
9.902825
172
