0.0087
0.16415
0.439675
0.45675
0.45925
0.463825
0.484275
0.488325
0.49945
0.50395
0.512575
0.5272
0.529525
0.53335
0.540725
0.554225
0.59625
0.5971
0.616525
0.63155
0.641525
0.666975
0.66955
0.682275
0.6841
0.70615
0.71525
0.73715
0.738775
0.80365
0.823125
0.82315
0.853075
0.878875
0.903825
0.905425
0.915025
0.919375
0.9286
0.9407
0.9429
0.96765
0.973775
0.9836
1.010025
1.0252
1.044675
1.056075
1.058975
1.066625
1.123075
1.12645
1.1651
1.19015
1.276525
1.3138
1.3356
1.36795
1.431275
1.4612
1.561175
1.566125
1.577925
1.62115
1.72345
1.725875
1.746075
1.77005
1.770375
1.822025
1.84115
1.859025
1.863925
1.872425
1.9479
1.998725
2.03825
2.073275
2.074075
2.080675
2.119525
2.19785
2.2086
2.22895
2.288875
2.4158
2.4993
2.531325
2.601525
2.692175
2.71035
2.7494
2.75545
2.765875
2.8046
2.833425
2.978025
2.98475
3.0165
3.1663
3.167925
3.267075
3.286675
3.33615
3.437575
3.491975
3.5634
3.62005
3.66065
3.667725
3.742575
3.786275
3.878125
3.908975
3.90975
4.00995
4.0345
4.0937
4.2803
4.3269
4.367425
4.456875
4.5224
4.535925
4.827875
4.934875
5.149625
5.26715
5.3653
5.445525
5.5192
5.542925
5.7444
6.129775
6.13835
6.2015
6.264375
6.318725
6.43525
6.524925
6.78415
6.8735
7.24925
7.293925
7.47805
7.61325
8.055
8.08715
8.129075
8.2399
8.413
8.481925
8.7271
8.7688
8.768875
8.782325
8.875075
9.031575
9.208325
9.36385
9.418825
9.521625
9.546925
9.57895
9.637925
9.681925
9.745675
9.880925
9.9615
169
