0.23995
0.2976
0.4555
0.479575
0.50445
0.519925
0.5371
0.54795
0.559025
0.5885
0.6026
0.6203
0.627575
0.670725
0.7127
0.719125
0.7599
0.764275
0.7756
0.8097
0.828375
0.8337
0.919025
0.939025
0.9772
0.977825
0.982775
0.999725
1.03535
1.16535
1.174
1.197175
1.245625
1.271925
1.29465
1.29775
1.327225
1.3338
1.335525
1.401225
1.4095
1.455475
1.572225
1.58645
1.604725
1.693075
1.8113
1.81675
1.821875
1.86105
1.8962
1.97055
1.995375
1.998825
2.016275
2.066375
2.244575
2.312675
2.383975
2.49315
2.514275
2.53345
2.56065
2.669225
2.701325
2.776
2.840175
2.8532
2.926975
3.080925
3.1698
3.1792
3.1871
3.299025
3.35045
3.3618
3.368975
3.415325
3.646525
3.650125
3.663575
3.71635
3.74345
3.834375
3.977
4.01445
4.03775
4.077475
4.132525
4.16835
4.272025
4.301325
4.3481
4.385675
4.55695
4.62625
4.7316
4.736525
4.769425
4.778525
4.826375
4.8472
4.886175
4.9139
4.9321
4.932225
5.02415
5.13325
5.409975
5.5695
5.9171
5.935875
5.950325
6.054475
6.1083
6.288125
6.4577
6.517175
6.52755
6.56185
6.59175
6.6339
6.909625
6.935575
7.08755
7.14955
7.49975
7.6252
7.821225
8.00795
8.163875
8.228475
8.273475
8.285225
8.30685
8.314575
8.455275
8.5472
8.73185
8.84415
8.8821
9.0933
9.104175
9.2272
9.419175
9.471025
9.623325
9.631875
9.677775
9.8111
150
