0.036325
0.136225
0.15255
0.281675
0.386775
0.402775
0.412575
0.445425
0.4689
0.500575
0.5746
0.596125
0.60975
0.6107
0.640625
0.648425
0.668325
0.67045
0.69915
0.701275
0.71055
0.713325
0.713425
0.728825
0.733075
0.746375
0.764325
0.774125
0.7961
0.796975
0.814
0.8305
0.91075
0.91235
0.944925
0.95105
0.9543
0.994825
1.05
1.05635
1.093425
1.11155
1.138325
1.199275
1.2107
1.298075
1.41165
1.4379
1.4497
1.458425
1.479225
1.6135
1.701825
1.702525
1.798675
1.83045
1.872175
1.930675
1.969575
1.98595
2.009875
2.07125
2.080225
2.132075
2.155275
2.189975
2.237525
2.260075
2.329975
2.346975
2.449325
2.5515
2.637975
2.7523
2.876975
2.8819
2.89135
2.911325
3.0153
3.111025
3.312175
3.349125
3.3582
3.418575
3.59185
3.64655
3.7173
3.72275
3.739175
3.789125
3.79725
3.826825
3.8348
3.869725
4.011075
4.09555
4.119275
4.199925
4.258675
4.279
4.803525
4.811725
4.970425
4.997025
5.1248
5.17165
5.1928
5.23305
5.501925
5.535325
5.615025
5.65835
5.758575
5.8383
6.012675
6.032175
6.183075
6.188475
6.2906
6.3503
6.46865
6.6448
6.8052
6.935975
7.344525
7.3476
7.357825
7.4261
7.487975
7.496425
7.5063
7.6137
7.69735
7.70715
7.94695
8.092025
8.1117
8.40695
8.734475
8.8726
9.124725
9.1947
9.360475
9.52205
9.560275
9.8152
9.892075
147
