0.0815
0.14195
0.214875
0.380925
0.41355
0.43895
0.476325
0.49855
0.5082
0.523175
0.5555
0.559775
0.566525
0.5669
0.57055
0.570575
0.57985
0.5843
0.5891
0.600325
0.609425
0.611525
0.626375
0.6484
0.652425
0.66605
0.666825
0.670125
0.6813
0.684475
0.70135
0.7063
0.707225
0.717325
0.718025
0.72015
0.721225
0.72485
0.740825
0.7595
0.777225
0.813975
0.817425
0.82445
0.837675
0.85
0.8613
0.90465
0.911425
0.913675
0.92765
0.930525
0.9463
0.95415
0.9735
1.002025
1.060125
1.068
1.09475
1.107975
1.12335
1.1482
1.16005
1.17765
1.180375
1.1917
1.1974
1.215475
1.263025
1.286575
1.31635
1.3694
1.386375
1.452425
1.4903
1.5139
1.5163
1.586425
1.628425
1.8166
1.936025
1.961225
2.02265
2.0255
2.029075
2.089175
2.13535
2.137225
2.183825
2.298475
2.31985
2.3288
2.3409
2.3816
2.393875
2.4067
2.406975
2.4274
2.487025
2.5503
2.585825
2.6205
2.63885
2.7193
2.7371
2.777425
2.9118
2.9305
2.934675
2.949725
3.030875
3.092875
3.132025
3.143475
3.174325
3.18595
3.262925
3.444375
3.476375
3.4783
3.69935
3.81535
3.85875
3.9293
3.93675
3.968275
3.9788
4.033775
4.152625
4.191625
4.197725
4.264825
4.586775
4.62125
4.630675
4.64395
4.767075
4.82445
4.902
4.9996
5.0145
5.0189
5.350575
5.4263
5.44915
5.5421
5.6077
5.80235
5.8652
5.923725
5.98205
6.00275
6.041775
6.12985
6.6034
6.631525
6.934975
7.006325
7.064975
7.085175
7.090275
7.4098
7.644375
7.77935
7.831125
7.865375
7.886525
8.054
8.057075
8.296
8.4277
8.433425
8.49215
8.5391
8.634275
8.806775
8.8653
8.886175
9.1059
9.2567
9.329725
9.37185
9.561825
9.77845
9.92895
9.977275
9.98045
9.985475
188
