0.0918
0.1148
0.448825
0.458075
0.467575
0.47545
0.47765
0.492925
0.50455
0.504875
0.521875
0.52595
0.545675
0.5491
0.55005
0.576225
0.5778
0.5807
0.593225
0.6079
0.618475
0.6379
0.64045
0.670975
0.73935
0.744825
0.786
0.78695
0.799375
0.800375
0.83805
0.840175
0.84875
0.849125
0.8626
0.8962
0.89935
0.925225
0.9369
0.9412
0.964475
0.971675
0.9883
1.028275
1.0364
1.0399
1.046025
1.077225
1.0796
1.080575
1.107975
1.14625
1.159625
1.24545
1.25395
1.2767
1.285
1.303875
1.304075
1.315025
1.320425
1.44585
1.4551
1.4849
1.503125
1.67385
1.6993
1.811175
1.909525
1.940175
1.944225
2.09105
2.2899
2.307975
2.42445
2.436825
2.440675
2.442975
2.59515
2.601175
2.634375
2.889225
3.00405
3.015975
3.02165
3.041825
3.072475
3.1219
3.169625
3.19465
3.331175
3.475525
3.556725
3.615025
3.64735
4.021875
4.10655
4.228725
4.27925
4.354175
4.496825
4.530225
4.55645
4.57255
4.61595
4.616175
4.6458
4.728125
4.728175
4.86455
5.373125
5.4554
5.461475
5.47425
5.8971
5.90785
5.966225
5.99195
6.1443
6.277425
6.299
6.32475
6.412325
6.4511
6.5413
6.6664
6.897175
6.945475
7.052925
7.0817
7.180125
7.199625
7.239725
7.621275
7.666175
7.84685
7.850625
7.9166
8.011575
8.025325
8.028725
8.03655
8.051525
8.0958
8.131875
8.6218
8.848475
9.083725
9.30345
9.552475
9.73645
9.979275
152
