0.2769
0.4087
0.454925
0.5019
0.510725
0.526175
0.52985
0.53555
0.5443
0.54435
0.56875
0.5809
0.602775
0.60455
0.6344
0.65525
0.656975
0.670925
0.688
0.69095
0.698725
0.70885
0.710625
0.72095
0.74365
0.76735
0.772975
0.775475
0.77695
0.78715
0.790275
0.806175
0.8173
0.832375
0.8457
0.8664
0.8886
0.89135
0.9068
0.96225
0.97185
0.97365
0.97425
0.985925
0.987325
0.99375
1.051425
1.153125
1.164525
1.2072
1.234325
1.260225
1.29435
1.362525
1.368125
1.374375
1.411875
1.42135
1.431225
1.51355
1.680225
1.685025
1.70915
1.709575
1.74935
1.750625
1.75295
1.82065
1.968875
2.04455
2.0555
2.146475
2.21275
2.2292
2.289425
2.3013
2.33505
2.358225
2.39185
2.41035
2.45755
2.48165
2.523225
2.8329
2.838675
2.8508
2.873825
2.918225
3.0846
3.107125
3.115375
3.1371
3.23605
3.2467
3.2543
3.275825
3.407925
3.46025
3.586625
3.60465
3.62245
3.6831
3.75555
3.7861
3.87015
3.910375
3.98745
4.04585
4.111625
4.145875
4.2021
4.2171
4.2551
4.2764
4.305
4.39095
4.55205
4.5567
4.665625
4.720875
4.75975
4.798925
4.927925
4.930425
4.9377
5.107625
5.2337
5.2639
5.3731
5.380225
5.585725
5.616325
5.881075
5.90765
5.93825
5.9451
6.0606
6.063825
6.11265
6.17485
6.26815
6.26885
6.30285
6.354425
6.4111
6.412975
6.4881
6.551025
6.7686
6.810825
6.857175
6.8635
6.9506
7.3257
7.4352
7.525525
7.561325
7.680775
7.734675
7.819975
8.2095
8.2495
8.674825
8.675975
9.1067
9.13565
9.3933
9.572475
9.659
9.6862
9.8015
9.809975
172
