0.41415
0.4388
0.452
0.48015
0.493275
0.498925
0.50875
0.52135
0.5252
0.531
0.534
0.544325
0.54645
0.550475
0.556075
0.564675
0.57255
0.5727
0.57455
0.5836
0.6107
0.622625
0.63395
0.6413
0.6686
0.68785
0.695725
0.7037
0.70555
0.70735
0.723625
0.726525
0.753375
0.77555
0.830175
0.8406
0.857325
0.906275
0.9236
0.947725
0.953675
0.9556
0.9622
0.9892
1.001875
1.075275
1.081525
1.11885
1.123125
1.123575
1.1385
1.1656
1.175625
1.225
1.2379
1.2556
1.2593
1.28525
1.3035
1.317975
1.3424
1.3589
1.41295
1.4154
1.449
1.5025
1.538275
1.578075
1.64855
1.6686
1.676125
1.692125
1.7536
1.8512
1.87165
1.9212
1.949825
1.9765
2.0214
2.062475
2.081625
2.089275
2.14065
2.2021
2.272775
2.28155
2.291475
2.3389
2.4461
2.464975
2.55135
2.5594
2.7011
2.707875
2.7515
2.8278
2.968075
3.03565
3.1794
3.18695
3.187725
3.2302
3.241475
3.248175
3.2614
3.262625
3.3267
3.385275
3.452375
3.526725
3.735975
3.751875
3.9761
4.153725
4.24795
4.324025
4.325625
4.34375
4.6648
4.68075
4.81645
5.1628
5.186275
5.2691
5.331025
5.384325
5.40845
5.440175
5.505775
5.507475
5.5605
5.627325
5.671275
5.760225
5.918725
5.976325
6.1628
6.446
6.50615
7.18985
7.279375
7.568625
7.6434
7.689325
7.9024
7.981875
8.02865
8.188025
8.19965
8.34265
8.38955
8.40135
8.467975
8.589225
8.6985
8.92095
8.977625
9.0854
9.147525
9.285525
9.350925
9.4051
9.518425
9.52085
9.550475
9.75265
9.907625
9.960225
9.9829
169
