0.161725
0.236225
0.411525
0.441625
0.47615
0.479625
0.49095
0.49215
0.49365
0.4991
0.50475
0.511525
0.51525
0.52075
0.5335
0.533975
0.54725
0.553175
0.571125
0.580625
0.58215
0.5975
0.59835
0.602775
0.6139
0.628975
0.631675
0.6345
0.65
0.6572
0.681475
0.6818
0.68505
0.69565
0.718675
0.7241
0.732225
0.769525
0.78895
0.81795
0.854475
0.8716
0.888375
0.891825
0.9139
0.91605
0.91785
0.928675
0.952875
0.959675
0.96105
0.984525
1.00805
1.028775
1.04775
1.050475
1.103
1.1698
1.2119
1.2471
1.267675
1.28555
1.29165
1.327725
1.36925
1.403125
1.46395
1.47595
1.584
1.611425
1.67175
1.674975
1.72265
1.85635
1.97815
1.992275
1.995925
2.093625
2.095025
2.10685
2.22215
2.273375
2.284325
2.29465
2.36295
2.576775
2.617325
2.626475
2.674225
2.696975
2.699225
2.82045
2.885275
2.90245
2.929475
3.0487
3.0824
3.143225
3.219125
3.2631
3.35105
3.545025
3.759725
3.801575
4.1462
4.201975
4.301675
4.4975
4.515125
4.57725
4.59525
4.596575
4.686225
4.840875
4.996725
5.025675
5.183125
5.208625
5.21805
5.21955
5.60995
5.639775
5.867425
6.125625
6.21655
6.30195
6.324475
6.473925
6.497
6.59925
6.64295
6.652275
6.85845
6.87225
6.892525
7.1071
7.197975
7.315875
7.334275
7.38745
7.401675
7.446725
7.51825
7.566
7.6055
7.61375
7.694825
7.6965
7.732725
7.873825
8.110975
8.122
8.1439
8.17755
8.37885
8.53715
8.819175
9.02585
9.051225
9.081825
9.16235
9.188875
9.540025
9.575475
9.63675
9.70505
9.9859
167
