0.1212
0.1404
0.15275
0.173775
0.20005
0.239175
0.347775
0.408575
0.41255
0.4227
0.445725
0.44985
0.50405
0.5054
0.523825
0.542325
0.57015
0.592875
0.5998
0.632075
0.642225
0.67265
0.715425
0.722225
0.72915
0.734925
0.742275
0.7707
0.779225
0.797225
0.820425
0.832625
0.897275
0.914475
0.924725
0.95125
0.963775
1.0012
1.0438
1.0465
1.0678
1.090675
1.095425
1.10335
1.13205
1.1383
1.226125
1.2581
1.2753
1.285775
1.317625
1.359425
1.416775
1.4471
1.449975
1.460075
1.47905
1.68595
1.70305
1.713125
1.758475
1.771875
1.7886
1.86845
1.88205
1.935725
1.9619
2.011775
2.055875
2.056775
2.104675
2.627975
2.700725
2.703125
2.72705
2.73645
2.742525
2.7472
2.77305
2.801275
2.860325
2.98165
3.0059
3.025
3.047625
3.075175
3.113525
3.171175
3.177025
3.205225
3.275025
3.5089
3.538775
3.6345
3.680375
3.74965
3.872575
3.8959
3.896375
4.11605
4.2207
4.266725
4.39965
4.408475
4.50425
4.57615
4.7162
4.8069
5.11405
5.153675
5.157075
5.254325
5.283425
5.34705
5.446025
5.796075
5.872075
6.00455
6.044125
6.04485
6.216125
6.316
6.32525
6.428075
6.43555
6.58215
6.71375
6.852125
6.94125
6.956875
7.0744
7.0997
7.113625
7.307175
7.399975
7.4142
7.4261
7.50655
7.524275
7.714575
7.7802
7.824175
8.086125
8.631725
8.797375
9.103625
9.329875
9.4989
9.6334
9.9943
150
