0.206075
0.44255
0.45895
0.4612
0.47525
0.481425
0.4973
0.5129
0.5284
0.529625
0.5479
0.5557
0.56735
0.569525
0.5804
0.593275
0.601075
0.610625
0.6241
0.62655
0.645575
0.646675
0.6467
0.66695
0.6672
0.67595
0.7025
0.72555
0.7381
0.75555
0.7583
0.769375
0.796625
0.814525
0.826175
0.835325
0.85615
0.980225
1.073325
1.073875
1.126525
1.128925
1.14155
1.1655
1.166625
1.242175
1.258675
1.315275
1.427925
1.51645
1.568175
1.57235
1.57715
1.58795
1.619525
1.693275
1.696375
1.7649
1.76945
1.777225
1.78415
1.82005
1.8771
1.889775
2.052925
2.063025
2.17665
2.254925
2.306875
2.34785
2.35605
2.44
2.487375
2.598425
2.712175
2.765575
2.851725
2.97585
3.1424
3.18775
3.2134
3.282775
3.303325
3.36995
3.43805
3.48445
3.490075
3.528025
3.5343
3.542575
3.5618
3.5809
3.6177
3.627775
3.650025
3.8923
4.058325
4.137975
4.161575
4.227975
4.379575
4.7836
4.90745
5.0163
5.0287
5.042375
5.054225
5.0694
5.594475
5.62295
5.759775
5.785975
5.814875
5.9177
6.025725
6.0376
6.051575
6.09115
6.194475
6.248975
6.325325
6.4196
6.448875
6.523825
6.63125
6.703575
6.72245
6.762525
7.032125
7.039375
7.056375
7.140675
7.227475
7.289775
7.46125
7.561875
7.7675
7.8542
8.0093
8.18845
8.2652
8.307275
8.38665
8.451625
8.60255
8.729175
8.902075
8.9649
9.25215
9.332825
9.3601
9.394875
9.4093
9.709775
9.744875
9.767125
9.78335
9.8398
158
