0.1785
0.466525
0.48675
0.495425
0.506575
0.521875
0.53405
0.545625
0.55005
0.5651
0.5738
0.58235
0.588275
0.611725
0.6135
0.61365
0.615225
0.64245
0.6629
0.70745
0.712725
0.727575
0.748975
0.771725
0.772275
0.7801
0.7837
0.84835
0.872025
0.872375
0.9092
0.916375
0.9373
0.9528
1.03135
1.039675
1.0491
1.053975
1.0617
1.061925
1.074775
1.14945
1.157575
1.1905
1.19775
1.246725
1.3723
1.4269
1.5053
1.565275
1.6871
1.72585
1.7719
1.8475
1.8601
1.9214
1.96135
2.054625
2.125375
2.142425
2.23385
2.27155
2.288575
2.30055
2.320125
2.36665
2.3682
2.386225
2.41485
2.534825
2.62285
2.769275
2.8156
3.00585
3.0277
3.184925
3.359575
3.45915
3.4596
3.481525
3.5548
3.5784
3.62445
3.672525
3.821975
3.985625
4.034925
4.03645
4.043625
4.10175
4.193775
4.2824
4.311
4.35845
4.48405
4.554725
4.57475
4.627275
4.709875
4.736425
4.80415
4.84445
4.849125
4.915125
5.0093
5.0226
5.116575
5.238125
5.280925
5.292025
5.382125
5.41765
5.541575
5.637325
5.6896
5.950725
5.9783
6.071125
6.09
6.183925
6.27125
6.3427
6.414
6.500975
6.62855
6.72885
6.832525
6.8994
7.00285
7.066675
7.370675
7.492975
7.579
7.609875
7.88105
7.947775
8.02865
8.147325
8.2254
8.2401
8.370225
8.48875
8.532725
8.591925
8.7281
8.96695
9.08585
9.143275
9.396675
9.48205
9.5622
9.786925
9.856525
9.8951
154
