0.21445
0.269975
0.356225
0.41545
0.42155
0.4358
0.439175
0.444675
0.512025
0.54445
0.55965
0.564075
0.58795
0.6172
0.617325
0.62205
0.633225
0.665025
0.67
0.67445
0.67965
0.69215
0.701375
0.7168
0.748075
0.758
0.7906
0.81815
0.8348
0.8718
0.901725
0.9657
0.983925
0.988525
1.0115
1.0255
1.04645
1.075625
1.097225
1.1556
1.17565
1.21485
1.356625
1.3769
1.392225
1.4048
1.477775
1.4866
1.489975
1.7048
1.7125
1.729825
1.74935
1.77415
2.078975
2.175475
2.1933
2.197975
2.238925
2.382375
2.4103
2.43
2.45655
2.51725
2.56315
2.5785
2.6285
2.63825
2.640325
2.6488
2.725
2.8993
2.908525
2.95925
3.005575
3.061275
3.101325
3.1165
3.213825
3.237775
3.3369
3.378925
3.38085
3.418975
3.504
3.57325
3.764875
3.89165
3.90885
3.91955
3.929575
3.9831
4.078075
4.151825
4.202
4.29105
4.51685
4.60515
4.69475
4.707225
4.796225
4.847225
5.03125
5.207625
5.34465
5.60685
5.618425
5.68215
5.733825
5.7815
5.839975
5.901925
5.998625
6.239925
6.53225
6.956325
7.033075
7.051725
7.08115
7.22
7.267875
7.4593
7.500225
7.525025
7.5814
7.750875
7.801025
7.961925
8.593375
8.77105
8.810875
8.885925
8.996475
9.129725
9.35965
9.570375
9.57985
9.782475
138
