0.09965
0.1057
0.273575
0.2962
0.477925
0.495775
0.50525
0.5125
0.53145
0.566625
0.588575
0.59035
0.606725
0.608425
0.61135
0.615475
0.6253
0.67585
0.6773
0.677625
0.689925
0.701225
0.70655
0.715125
0.7169
0.721875
0.74765
0.756825
0.819975
0.82455
0.84155
0.844575
0.8455
0.85235
0.865175
0.884225
0.892525
0.896
0.90005
0.90345
0.90755
0.907675
0.910575
0.92875
0.949025
0.9657
1.0055
1.0333
1.044475
1.05415
1.071425
1.110075
1.14175
1.1611
1.17295
1.210175
1.223425
1.229075
1.276575
1.29335
1.3428
1.357325
1.364925
1.392725
1.404025
1.431625
1.462525
1.472575
1.482425
1.563225
1.56445
1.604425
1.6667
1.6931
1.7259
1.728625
1.78945
1.80235
1.9079
1.945525
1.961825
2.010625
2.0243
2.172675
2.18505
2.191925
2.21055
2.242925
2.26905
2.36775
2.482625
2.52785
2.576125
2.676475
2.6876
2.7009
2.7289
2.839775
2.881825
2.917875
3.073725
3.301175
3.317
3.3874
3.487575
3.600325
3.750925
3.91335
3.99015
4.007175
4.035825
4.0655
4.08145
4.08855
4.108575
4.1655
4.1731
4.21795
4.280825
4.424825
4.45305
4.484925
4.560625
4.64065
4.682875
4.743075
4.84055
4.8785
4.940475
5.021825
5.04405
5.0928
5.36265
5.449325
5.46805
5.652175
5.708725
5.71385
5.770125
6.022125
6.0464
6.153475
6.2686
6.3527
6.37535
6.42645
6.4733
6.47905
6.600225
6.9206
7.01625
7.04255
7.0999
7.168475
7.17175
7.21305
7.217325
7.293725
7.51805
7.60765
7.801575
7.86565
7.93775
8.111975
8.135325
8.26155
8.280575
8.331625
8.65665
8.824
8.90135
9.12815
9.248775
9.42555
9.499225
9.58695
9.8951
9.920875
178
