0.046575
0.094275
0.2677
0.350275
0.477125
0.480075
0.502275
0.50835
0.5103
0.5126
0.51285
0.514725
0.522325
0.5309
0.53365
0.535325
0.5635
0.57055
0.572375
0.5734
0.575925
0.576775
0.5791
0.59115
0.597475
0.599225
0.602825
0.613575
0.6136
0.63925
0.64455
0.658975
0.682575
0.7115
0.725975
0.726725
0.75805
0.762825
0.782725
0.813925
0.815575
0.81985
0.82155
0.822125
0.846525
0.8547
0.871
0.874225
0.875425
0.88155
0.8943
0.897175
0.911825
0.914
0.9367
0.9703
0.97385
0.98115
0.9813
1.0185
1.0356
1.1596
1.19865
1.222575
1.226775
1.3695
1.37505
1.4173
1.4267
1.538075
1.5402
1.549825
1.59015
1.634225
1.691725
1.703125
1.713925
1.75945
1.819125
1.8475
1.9029
2.0096
2.059675
2.093825
2.1393
2.159675
2.169625
2.274525
2.28945
2.35935
2.53605
2.621975
2.63115
2.704025
2.7616
2.82105
2.8468
2.897275
2.9761
2.99655
3.018075
3.023225
3.0522
3.094175
3.104725
3.12925
3.185725
3.240525
3.283875
3.38555
3.389475
3.4828
3.54155
3.56215
3.687375
3.733225
3.737875
3.7811
3.847825
3.86655
3.978975
4.197575
4.3479
4.358825
4.382175
4.42365
4.42725
4.46295
4.71695
4.83425
4.9242
4.967875
4.98715
5.18565
5.535625
5.678325
5.7626
5.798775
5.911825
6.0306
6.039325
6.0903
6.106825
6.288
6.3433
6.35215
6.3895
6.573725
6.5757
6.599875
6.68605
6.703275
6.837825
6.847
6.9349
7.133125
7.1369
7.1729
7.392425
7.756225
7.855525
7.867275
7.914775
7.96955
7.98495
8.149275
8.181125
8.221625
8.4513
8.592125
8.780325
9.051925
9.16165
9.23745
9.297325
9.6507
9.6885
9.8512
9.918825
179
