0.0976
0.368
0.402975
0.429875
0.454275
0.462575
0.46965
0.476375
0.4868
0.496225
0.49985
0.504575
0.535675
0.54745
0.547875
0.552
0.5629
0.568675
0.622325
0.626175
0.637475
0.668725
0.669575
0.6739
0.6865
0.693775
0.723975
0.742075
0.749975
0.7618
0.79395
0.825475
0.829725
0.8519
0.895375
0.910075
0.911525
0.9326
0.949425
0.95565
0.96165
0.9894
1.0076
1.058325
1.066725
1.082575
1.093875
1.111175
1.119
1.142225
1.155775
1.182125
1.199425
1.2037
1.224775
1.228275
1.2333
1.23825
1.430825
1.51765
1.615725
1.624825
1.63765
1.643925
1.724875
1.792475
1.7965
1.833675
1.86215
1.92
1.932575
2.017675
2.17125
2.1805
2.20365
2.26985
2.28315
2.308825
2.358525
2.406325
2.466475
2.52065
2.527125
2.618975
2.6314
2.847725
3.083775
3.1183
3.151375
3.2873
3.38125
3.450025
3.60975
3.61265
3.65235
3.715325
3.755375
3.839925
3.9087
3.911075
3.932925
4.0372
4.198175
4.29065
4.373525
4.3798
4.420075
4.630125
4.714725
4.781925
4.996175
5.053825
5.12295
5.236525
5.491725
5.493325
5.568075
5.66985
5.972625
6.039275
6.122625
6.1247
6.226975
6.288525
6.42265
6.4813
6.531975
6.546025
6.658575
6.733825
6.824525
6.84235
6.9454
7.1076
7.264975
7.38125
7.381725
7.6302
7.6432
7.8963
7.915775
7.955625
8.0667
8.10325
8.154925
8.34335
8.651925
8.846475
8.878
8.909875
8.982275
9.03845
9.565425
9.91015
154
