0.1135
0.455425
0.49845
0.502175
0.5139
0.530075
0.536475
0.537275
0.541125
0.55285
0.555075
0.5554
0.5611
0.568525
0.590325
0.59655
0.617075
0.6251
0.6278
0.63675
0.692325
0.715975
0.77365
0.8081
0.817475
0.82815
0.829225
0.835075
0.851075
0.862125
0.875925
0.879525
0.985925
1.02435
1.028675
1.03335
1.053
1.09115
1.12325
1.16605
1.176875
1.18365
1.2347
1.2663
1.273325
1.3722
1.375825
1.41365
1.43105
1.435675
1.493675
1.540275
1.603475
1.61065
1.72385
1.74905
1.7734
1.8454
1.8531
1.899125
1.907775
1.950475
1.98105
2.006825
2.0492
2.0818
2.092825
2.24535
2.277075
2.322275
2.381275
2.416325
2.419225
2.4974
2.498425
2.51195
2.659925
2.6716
2.6727
3.22685
3.4708
3.4993
3.52815
3.536225
3.6459
3.7965
3.862975
3.949225
4.039675
4.224525
4.258075
4.27965
4.36085
4.4574
4.514975
4.600775
4.670525
4.76455
4.8518
4.9114
4.93045
4.992775
5.12405
5.34375
5.4232
5.48695
5.9088
5.93045
5.977225
6.000675
6.1031
6.1327
6.26375
6.3165
6.3448
6.372875
6.45445
6.54265
6.585
6.602625
6.847375
7.036275
7.29935
7.37
7.513725
7.5524
7.87665
7.95
8.166325
8.500775
8.5043
8.61685
8.6371
8.708325
8.722275
9.005075
9.253025
9.343775
9.35055
9.382525
9.547725
9.567475
9.653925
9.7978
9.849425
9.910175
9.9555
147
