0.091025
0.120775
0.14215
0.4498
0.467575
0.49105
0.523875
0.53135
0.53425
0.541075
0.5572
0.595875
0.65785
0.6627
0.6807
0.6876
0.6894
0.7131
0.7255
0.748975
0.756375
0.78705
0.7928
0.815275
0.86465
0.906175
0.908975
0.910575
0.912325
0.918325
0.926875
0.955925
0.962
0.980375
1.016225
1.02225
1.0483
1.0491
1.06435
1.067825
1.08005
1.088275
1.131775
1.156525
1.177575
1.1887
1.20395
1.211375
1.243375
1.2509
1.2765
1.36065
1.387525
1.42325
1.485925
1.496225
1.629625
1.706975
1.73955
1.754825
1.846475
1.879525
1.923075
2.006575
2.08345
2.089275
2.1963
2.2475
2.346225
2.463175
2.470025
2.475425
2.5277
2.5908
2.60175
2.671425
2.689775
2.757325
2.758925
2.93165
2.97765
3.1057
3.231375
3.30765
3.424925
3.59245
3.62235
3.695925
3.800325
4.00115
4.0089
4.02895
4.084
4.32725
4.332225
4.3779
4.4016
4.415475
4.52415
4.713525
4.87925
5.1636
5.215525
5.393925
5.406425
5.422375
5.546225
5.57735
5.9498
6.122625
6.18
6.3351
6.346525
6.559125
6.691075
6.7138
6.724425
6.766525
6.790325
6.89645
6.933
6.956375
6.968875
7.010975
7.01335
7.091225
7.1278
7.162
7.332325
7.3324
7.47965
8.004925
8.155375
8.158275
8.247425
8.265025
8.58835
8.72015
8.731925
9.004375
9.006775
9.123575
9.2034
9.393975
9.6073
9.640075
9.675075
9.730975
9.764
9.7677
9.8416
9.848225
9.93485
153
