0.09355
0.106725
0.178725
0.224625
0.25595
0.428
0.440525
0.461
0.466825
0.4771
0.484175
0.492425
0.50045
0.50655
0.5124
0.5159
0.523875
0.528
0.535625
0.5429
0.5477
0.581225
0.601125
0.61225
0.618
0.622
0.660625
0.67475
0.6768
0.71585
0.718175
0.72145
0.739125
0.755575
0.759625
0.784725
0.7894
0.79875
0.8048
0.821975
0.837875
0.8639
0.8642
0.90085
0.90575
0.906275
0.965475
0.99495
1.00885
1.013025
1.088525
1.105125
1.106125
1.138475
1.17355
1.190225
1.20585
1.2382
1.318925
1.32875
1.399575
1.41385
1.505775
1.535875
1.588525
1.68415
1.684425
1.6851
1.69615
1.7287
1.8101
1.8509
1.889775
1.93805
2.043325
2.0869
2.0922
2.102275
2.147275
2.157975
2.197925
2.215525
2.2191
2.22235
2.321775
2.411125
2.424925
2.427275
2.436225
2.449375
2.54555
2.60275
2.611225
2.63615
2.6905
2.731125
2.765175
2.93525
3.021775
3.026825
3.07045
3.081125
3.131325
3.13895
3.179575
3.19645
3.19925
3.331625
3.359875
3.46375
3.52025
3.55675
3.669375
3.767825
3.7775
3.884925
4.00575
4.051825
4.26635
4.28645
4.441175
4.470125
4.506925
4.524525
4.559625
4.57435
4.5812
4.583525
4.772325
4.81945
4.83525
4.8501
4.864
4.91675
5.12565
5.129175
5.310475
5.3891
5.408525
5.434575
5.52965
5.537125
5.811725
5.81235
5.953425
6.03835
6.243
6.45835
6.6194
6.86
6.8714
6.90365
7.174225
7.209875
7.396475
7.397075
7.4052
7.422625
7.4897
7.529675
7.543025
7.55905
7.5897
7.647075
7.839725
7.863325
8.047225
8.078575
8.2283
8.3775
8.885875
9.270625
9.404975
9.4606
9.546275
9.636625
9.68625
9.70845
9.83305
9.895575
9.926775
181
