0.040225
0.0561
0.1727
0.31145
0.44
0.46535
0.468925
0.518675
0.519125
0.52585
0.53725
0.55285
0.592575
0.595075
0.60185
0.608025
0.6236
0.635325
0.6589
0.661825
0.666975
0.67255
0.74195
0.7477
0.753125
0.776375
0.797525
0.823675
0.8249
0.8384
0.842125
0.8436
0.85715
0.87105
0.884
0.929825
0.9953
1.028675
1.038625
1.0406
1.12305
1.12955
1.170825
1.20575
1.21185
1.2124
1.217
1.239325
1.25045
1.32705
1.3429
1.360675
1.390075
1.394475
1.5024
1.55505
1.559475
1.589325
1.6654
1.666625
1.6871
1.70415
1.848975
1.88175
1.884525
1.909975
1.944625
1.9642
2.1748
2.337475
2.366325
2.39595
2.435875
2.44685
2.468775
2.505575
2.50605
2.52805
2.543975
2.54495
2.591225
2.6193
2.623825
2.780675
2.871
2.884325
2.886125
2.9346
3.0059
3.010775
3.0348
3.042825
3.084225
3.101625
3.1105
3.13925
3.20215
3.205875
3.389925
3.433125
3.463125
3.55155
3.593875
3.691975
3.73155
3.762775
3.791725
3.81075
3.8609
3.86955
3.9478
3.94985
4.065575
4.130825
4.146775
4.1901
4.205325
4.2926
4.36465
4.52225
4.558225
4.639275
4.71615
4.87445
4.95515
4.99
5.304275
5.43655
5.50075
5.548825
5.5896
5.62185
5.627825
5.698825
5.887975
5.9749
6.00215
6.027975
6.097475
6.156125
6.183975
6.254975
6.3678
6.549625
6.8522
6.996725
7.065675
7.08475
7.0974
7.3877
7.4399
7.523725
7.67695
7.738225
7.773725
7.8466
8.184375
8.452625
8.5654
8.570725
8.713375
8.816375
8.8712
9.0384
9.04545
9.0616
9.1725
9.441075
9.6979
9.8172
9.88995
9.9259
172
