0.0219
0.105525
0.1095
0.211
0.2302
0.304675
0.34545
0.42135
0.437075
0.443825
0.4488
0.47315
0.4922
0.495225
0.503575
0.503625
0.503975
0.510575
0.547175
0.569975
0.57645
0.582275
0.583575
0.591325
0.594775
0.60565
0.6175
0.62625
0.634775
0.64085
0.6583
0.66135
0.6755
0.676525
0.679575
0.682875
0.690375
0.696325
0.699275
0.70475
0.721875
0.746175
0.7791
0.804475
0.87945
0.888025
0.89225
0.926825
0.974625
0.997
1.00715
1.0123
1.065875
1.080825
1.14335
1.158625
1.17145
1.19675
1.226825
1.235625
1.25795
1.2974
1.35335
1.354125
1.393825
1.4232
1.442075
1.4625
1.529275
1.5651
1.6145
1.62715
1.68085
1.6853
1.74805
1.8268
1.899675
1.9908
2.04835
2.06265
2.08355
2.2266
2.319475
2.35115
2.3871
2.4841
2.4891
2.49935
2.50975
2.522275
2.58055
2.68785
2.694975
2.816475
2.817625
2.82315
2.915675
2.921025
2.938725
3.065525
3.0661
3.09645
3.186175
3.24975
3.2595
3.313775
3.328025
3.359425
3.4377
3.541175
3.556275
3.611975
3.642975
3.65045
3.6655
3.677475
3.684575
3.788375
3.870775
3.914025
4.048025
4.07535
4.08005
4.27745
4.2907
4.44575
4.590025
4.604375
4.8529
4.942675
5.020325
5.235925
5.42875
5.53785
5.540575
5.56805
5.664075
5.945125
6.010675
6.049075
6.220775
6.277525
6.29215
6.297525
6.36
6.41645
6.5896
6.61965
6.707825
6.713325
6.75785
6.882625
6.949275
6.994275
6.99875
7.223925
7.278375
7.52405
7.533375
7.5401
7.72565
7.76785
8.01295
8.1102
8.21205
8.397
8.732625
8.927325
9.02115
9.11725
9.2106
9.25145
9.387675
9.646625
9.704125
9.7992
9.944975
9.99285
178
