0.10115
0.203175
0.4692
0.479625
0.481475
0.50625
0.508025
0.508275
0.51705
0.531325
0.53155
0.5352
0.540025
0.556425
0.5569
0.567425
0.586125
0.6031
0.623125
0.630075
0.679575
0.684625
0.704825
0.7428
0.74775
0.74885
0.74955
0.762675
0.7708
0.772375
0.7777
0.78885
0.79415
0.7973
0.80215
0.854375
0.85535
0.904825
0.923675
0.92485
0.990125
1.042375
1.045825
1.04935
1.0931
1.110875
1.163125
1.168575
1.180975
1.1848
1.196425
1.235825
1.23945
1.249
1.2583
1.267175
1.319525
1.335525
1.369075
1.4109
1.4342
1.477225
1.5568
1.776675
1.806125
1.9215
2.01545
2.022575
2.047925
2.0517
2.1457
2.1678
2.227475
2.312825
2.43995
2.462
2.467475
2.5502
2.623025
2.66605
2.68825
2.7341
2.819375
2.833025
2.86455
2.9568
3.048575
3.0867
3.0871
3.1324
3.143875
3.14615
3.179925
3.206775
3.22855
3.3663
3.386825
3.486675
3.52805
3.5521
3.60705
3.7049
3.754575
3.822475
3.82725
3.877675
3.89495
3.978075
4.080975
4.135325
4.15395
4.374275
4.5074
4.516025
4.568425
4.679575
4.73835
4.904975
4.97205
4.9854
4.99145
5.021475
5.024075
5.069225
5.087925
5.275925
5.293725
5.327225
5.423625
5.6131
5.625425
5.6509
5.87665
6.0556
6.111875
6.193825
6.2074
6.3201
6.33675
6.5171
6.53945
6.6329
6.7272
6.931325
7.11605
7.419425
7.470775
7.6872
7.765475
7.827875
7.832925
7.8653
8.114825
8.19035
8.4119
8.690425
8.7442
8.77215
8.778575
8.787725
8.835525
8.83955
8.85445
8.997075
9.004675
9.223875
9.690225
9.697625
9.72165
9.761275
9.861
171
