0.252
0.350125
0.41165
0.41955
0.44685
0.454125
0.45455
0.476075
0.48015
0.497675
0.498425
0.499225
0.52035
0.532875
0.539125
0.560425
0.56185
0.58255
0.595
0.602675
0.63115
0.632975
0.6459
0.6596
0.6635
0.672625
0.675175
0.698625
0.7102
0.713275
0.730825
0.737975
0.759375
0.77195
0.803
0.809225
0.824675
0.834425
0.861675
0.89875
0.91975
0.920625
0.924925
0.94615
0.971275
0.9837
0.985025
1.0021
1.24465
1.245975
1.290225
1.301625
1.305675
1.315725
1.32095
1.34075
1.34785
1.3545
1.376125
1.378975
1.413275
1.4454
1.5133
1.558875
1.573525
1.58065
1.633125
1.7039
1.749725
1.860625
1.965575
2.004775
2.06385
2.10385
2.179725
2.2914
2.549825
2.5514
2.5958
2.6141
2.7055
2.724875
2.73375
2.7856
2.829525
2.83175
2.86815
2.946425
2.9742
3.02375
3.0423
3.0781
3.0819
3.150975
3.188025
3.190225
3.2099
3.279425
3.335125
3.361475
3.48405
3.580475
3.6027
3.606225
3.6138
3.6665
3.742425
3.785725
3.797825
3.882475
4.00285
4.042275
4.2436
4.809725
4.8477
4.88085
4.9557
5.2595
5.3393
5.365425
5.430275
5.4487
5.5978
5.60465
5.7599
5.7663
5.858525
6.02175
6.16845
6.216075
6.258825
6.276875
6.27735
6.39305
6.413075
6.416925
6.4637
6.483475
6.493075
6.556225
7.127225
7.217325
7.41335
7.4169
7.433425
7.464225
7.544375
7.560625
7.624825
7.6606
7.888875
7.971525
8.2269
8.258325
8.31925
8.426975
8.510775
8.950825
8.99035
9.0441
9.27505
9.286775
9.332525
9.866
9.90355
165
