0.00035
0.1868
0.43055
0.445775
0.447375
0.462225
0.489175
0.491375
0.5025
0.50415
0.525275
0.532
0.541525
0.548725
0.55105
0.560425
0.5697
0.5922
0.629075
0.64135
0.654825
0.65745
0.6659
0.6864
0.700875
0.7216
0.748775
0.75585
0.756325
0.757775
0.76625
0.7796
0.785125
0.908375
0.918425
0.937125
0.94255
0.985575
1.016825
1.02
1.104725
1.1178
1.146225
1.152825
1.188025
1.24285
1.32265
1.3271
1.3346
1.350875
1.371725
1.39475
1.4513
1.474025
1.502125
1.55985
1.59355
1.59885
1.609425
1.632325
1.696225
1.73505
1.744725
1.86815
1.9447
2.046775
2.0688
2.104925
2.280275
2.28115
2.301925
2.357025
2.36375
2.426875
2.504925
2.508375
2.524875
2.527
2.54405
2.57295
2.57475
2.578175
2.656425
2.6878
2.6893
2.867325
2.95735
3.0355
3.0678
3.08315
3.088725
3.119325
3.248925
3.32145
3.34705
3.4389
3.72945
3.73025
3.795225
3.983475
3.998725
4.114
4.45175
4.5875
4.771225
4.8283
4.88065
4.972575
5.1112
5.121175
5.169425
5.3908
5.68735
5.817625
5.84265
5.867475
5.98995
6.277275
6.28095
6.304
6.441
6.46495
6.4951
6.70765
6.969475
6.98615
7.00955
7.07245
7.11255
7.29925
7.372925
7.466625
7.476625
7.480775
7.56755
8.015925
8.04265
8.05375
8.1111
8.2741
8.295725
8.650075
8.67365
8.70875
9.283175
9.295225
9.43475
9.467875
9.56205
9.72205
9.795675
9.8087
9.8265
153
