0.0065
0.03285
0.100925
0.2118
0.21295
0.424025
0.448425
0.45935
0.481
0.482225
0.488525
0.4932
0.49495
0.497375
0.5197
0.52455
0.53365
0.5415
0.54935
0.58965
0.594375
0.622425
0.632325
0.646775
0.649975
0.656525
0.69105
0.71095
0.718
0.72325
0.726375
0.730875
0.73565
0.7556
0.766525
0.787125
0.793125
0.80505
0.80855
0.80925
0.814975
0.8415
0.84405
0.8456
0.84995
0.9191
0.93345
0.98635
0.9888
0.994125
1.13195
1.1923
1.2072
1.241925
1.267225
1.332325
1.339175
1.370825
1.374225
1.388325
1.41025
1.473825
1.5812
1.7044
1.712025
1.713425
1.8613
1.90605
1.930125
1.93945
2.026925
2.151875
2.279275
2.4134
2.436825
2.4417
2.5754
2.581475
2.6131
2.838125
3.093675
3.28465
3.309
3.39265
3.465525
3.465925
3.467475
3.626375
3.7736
3.81745
3.919975
3.942075
4.053125
4.1482
4.248825
4.28765
4.427475
4.490575
4.513625
4.5139
4.66315
4.733975
4.852275
4.891625
4.927375
4.995925
5.017875
5.06535
5.0831
5.089
5.164475
5.1943
5.25205
5.3415
5.443125
5.454525
5.5402
5.6939
5.73065
5.99785
6.868825
7.20225
7.3691
7.394925
7.51945
7.5644
7.597275
7.609675
7.623925
7.98215
8.154575
8.205675
8.2249
8.266125
8.327525
8.358275
8.4907
8.61545
8.74605
8.8102
8.83675
9.001075
9.203825
9.4348
9.497825
9.541725
9.59865
9.995175
148
