0.204875
0.29245
0.350325
0.4772
0.47895
0.483375
0.48375
0.492725
0.50235
0.5075
0.517175
0.527825
0.540475
0.5589
0.5606
0.5773
0.5889
0.589625
0.596925
0.59695
0.598275
0.6148
0.6229
0.632
0.655675
0.66655
0.6707
0.67795
0.685075
0.689625
0.6924
0.69485
0.7091
0.725225
0.7337
0.74065
0.74095
0.75985
0.770025
0.778525
0.787275
0.8029
0.818925
0.8442
0.85495
0.8793
0.888225
0.8886
0.8976
0.899125
0.900875
0.9068
0.981225
0.9835
0.994875
1.061975
1.08345
1.107375
1.14795
1.2207
1.228325
1.232925
1.260875
1.299925
1.32545
1.38815
1.428275
1.44055
1.4873
1.5405
1.585775
1.63435
1.68885
1.69975
1.784625
1.811875
1.878625
1.9236
1.938375
1.989
2.050625
2.057625
2.188425
2.1926
2.237725
2.46805
2.482225
2.49635
2.5183
2.63095
2.72995
2.77265
2.790575
2.8243
2.846775
2.86395
2.87375
2.9331
2.992125
3.0087
3.063025
3.179575
3.2311
3.2736
3.345425
3.37355
3.37595
3.466475
3.63785
3.675075
3.73095
3.745725
3.796
3.91375
4.030175
4.061025
4.065125
4.087875
4.23185
4.31125
4.40765
4.423325
4.553175
4.5984
4.6197
4.69165
4.758175
4.783825
4.9013
5.00625
5.0824
5.120425
5.27295
5.366275
5.3882
5.40785
5.662925
5.879975
5.932925
5.936575
6.1494
6.1611
6.203925
6.370425
6.371375
6.379425
6.517025
6.843275
7.182525
7.243175
7.246825
7.279325
7.8992
8.0902
8.09695
8.33905
8.9908
9.0606
9.13725
9.25
9.5664
9.6643
9.710775
9.8632
9.893275
165
