0.152025
0.191925
0.3912
0.4434
0.465025
0.46955
0.4735
0.47495
0.48205
0.488075
0.493
0.49795
0.53065
0.53385
0.5341
0.545325
0.5459
0.54835
0.550825
0.55475
0.56035
0.56895
0.570475
0.584975
0.58705
0.589825
0.5916
0.5971
0.59715
0.611725
0.62425
0.636175
0.636725
0.637825
0.64705
0.6589
0.66305
0.68335
0.69355
0.709525
0.713725
0.724675
0.72955
0.7371
0.7463
0.757575
0.76795
0.8297
0.84915
0.86855
0.8689
0.879025
0.8908
0.89535
0.9001
0.915125
0.952875
0.96135
0.96265
0.98415
0.9867
0.991075
0.998475
1.004525
1.00715
1.032275
1.03675
1.05345
1.0539
1.060425
1.06705
1.083925
1.145
1.148675
1.194225
1.196575
1.237125
1.24015
1.250875
1.29135
1.30595
1.313075
1.32595
1.364375
1.37555
1.45905
1.504025
1.526975
1.6253
1.642375
1.69165
1.808425
1.8282
1.833475
1.84325
1.9346
1.95745
1.9881
2.04655
2.16555
2.216675
2.2168
2.227725
2.2441
2.28375
2.348225
2.35935
2.3779
2.42875
2.530525
2.545025
2.772375
2.879425
2.88545
2.914525
2.919275
2.942225
2.9456
2.98085
3.097925
3.1061
3.148325
3.187475
3.241725
3.2511
3.285275
3.2878
3.30645
3.4813
3.54995
3.603975
3.9063
4.104475
4.1124
4.28605
4.46575
4.689375
4.737275
4.819675
4.861375
4.990825
5.19255
5.238375
5.24385
5.271525
5.383
5.536275
5.55735
5.77845
5.8007
5.847625
5.927125
6.0397
6.108175
6.116325
6.1429
6.207825
6.3923
6.532325
6.53355
6.6132
6.61685
6.67455
6.710675
6.75105
6.929275
6.941175
7.3531
7.5613
7.626775
7.638575
7.828675
7.84065
8.1146
8.29205
8.376475
8.37995
8.44175
8.48365
8.48955
8.645275
8.710625
8.74745
8.7559
8.852125
9.178325
9.32695
9.6426
9.649925
9.8
190
