0.252075
0.324025
0.37095
0.37795
0.4455
0.452725
0.47025
0.478975
0.486875
0.494025
0.5113
0.52615
0.5323
0.548075
0.548275
0.551575
0.5874
0.6154
0.6225
0.629
0.63285
0.653325
0.6868
0.6967
0.732
0.754825
0.760875
0.7784
0.788425
0.78845
0.789975
0.797525
0.80035
0.853975
0.865
0.8734
0.891675
0.897475
0.899025
0.908225
0.908475
0.93515
0.9552
0.9562
0.9772
0.982925
0.984475
0.9849
0.993925
1.01815
1.024125
1.034825
1.05985
1.137425
1.18165
1.18495
1.2088
1.283525
1.34005
1.4005
1.455725
1.468375
1.48545
1.509375
1.594025
1.799825
1.82245
1.829475
1.87865
1.908725
2.062075
2.14135
2.1794
2.18015
2.253575
2.29575
2.32995
2.341375
2.4851
2.57765
2.582825
2.70615
2.725375
2.784025
2.98615
3.04305
3.09275
3.0948
3.13735
3.428775
3.442425
3.604075
3.731375
3.759325
3.837275
4.017975
4.049625
4.0667
4.08555
4.097625
4.191025
4.4146
4.56625
4.70235
4.811475
4.9335
5.01035
5.065575
5.117025
5.1716
5.182475
5.214125
5.22305
5.23175
5.2454
5.29455
5.3748
5.442175
5.461675
5.55915
5.6211
5.723825
5.85465
6.006025
6.103275
6.25245
6.3161
6.391425
6.464175
6.571775
6.6348
6.70135
6.7267
6.812025
6.854525
7.0191
7.05095
7.22845
7.236175
7.394725
7.433775
7.477075
7.53455
7.540325
7.541925
7.55085
7.589175
7.6503
7.7101
7.7241
7.959025
7.9656
7.99055
8.114375
8.142375
8.165275
8.212775
8.223975
8.263625
8.287775
8.54915
8.567175
8.681775
8.778025
8.883475
9.03855
9.05445
9.163
9.258325
9.279
9.454725
9.487475
9.556775
9.680725
9.75925
9.798675
9.86445
9.879375
9.972975
179
