0.04815
0.45705
0.4847
0.489475
0.499425
0.50215
0.5101
0.53565
0.557325
0.605825
0.6071
0.61795
0.636925
0.67585
0.710875
0.7524
0.760475
0.77355
0.787925
0.801875
0.814275
0.818675
0.82225
0.828625
0.833975
0.845275
0.8541
0.8601
0.91745
0.920125
0.955175
0.955825
0.97495
0.979625
0.9886
0.99375
0.995325
1.00455
1.0057
1.012
1.01545
1.016575
1.020725
1.02505
1.0258
1.042475
1.05705
1.062375
1.091325
1.09805
1.101825
1.147775
1.178975
1.2067
1.218125
1.2411
1.2794
1.297275
1.3053
1.3093
1.345225
1.457075
1.465875
1.479425
1.519825
1.540175
1.5481
1.579625
1.6217
1.677075
1.773825
1.8035
1.84455
1.894525
1.9099
1.9145
1.9862
2.05745
2.10045
2.173575
2.180275
2.251175
2.393325
2.407275
2.4307
2.47455
2.55485
2.61705
2.62635
2.735775
2.78335
2.79895
2.848925
2.864725
2.96705
2.977325
3.0981
3.13455
3.138975
3.195475
3.2214
3.244875
3.3186
3.44715
3.524175
3.532125
3.64525
3.67555
3.7265
3.735025
3.758475
3.837425
3.910975
4.01555
4.05475
4.230925
4.247025
4.344975
4.363575
4.3956
4.515425
4.803625
4.8794
4.996875
5.044725
5.15865
5.222125
5.346825
5.447725
5.57575
5.704325
5.775975
5.911125
6.035675
6.129075
6.166825
6.202825
6.28685
6.30925
6.38775
6.44925
6.50195
6.645925
6.918
6.9438
7.04015
7.15005
7.1666
7.29445
7.296575
7.337325
7.489475
7.5166
7.562775
7.566725
7.83255
7.9896
8.046975
8.11885
8.261025
8.3137
8.739925
8.763975
8.822825
9.13515
9.23655
9.237125
9.3895
9.4479
9.46825
9.518325
9.62025
9.744225
9.8933
9.90085
175
