0.0423
0.4133
0.42205
0.47335
0.4926
0.494925
0.496825
0.51735
0.5385
0.550175
0.5624
0.5634
0.566275
0.5694
0.5768
0.58415
0.588425
0.59155
0.654675
0.6825
0.71115
0.774325
0.79205
0.82785
0.85655
0.86655
0.86925
0.913475
0.91895
0.96085
0.993325
1.02525
1.027825
1.070625
1.105675
1.108325
1.113275
1.165825
1.19925
1.203475
1.225975
1.306525
1.30995
1.342425
1.345775
1.348425
1.374425
1.386925
1.399725
1.404575
1.425075
1.4351
1.47215
1.54405
1.58525
1.653275
1.680275
1.705
1.72235
1.749425
1.771425
1.779075
1.781275
1.894625
1.932125
1.969175
1.97065
2.032975
2.0475
2.203325
2.27265
2.430275
2.450175
2.461925
2.49555
2.61
2.76405
2.833125
2.880125
2.942925
3.079825
3.0805
3.105425
3.14105
3.2996
3.30055
3.45055
3.4578
3.459075
3.46925
3.482175
3.554125
3.5587
3.58715
3.683675
3.692275
3.70895
3.708975
3.775275
3.830425
3.866125
3.976025
4.001125
4.1299
4.13405
4.21895
4.43495
4.537425
4.539675
4.575725
4.779825
4.86825
4.8793
4.994925
5.031125
5.081825
5.10615
5.3358
5.5818
5.610975
5.66305
5.66485
5.695575
5.778775
5.86175
5.875525
5.875575
6.169875
6.1738
6.230425
6.40135
6.5494
6.640875
6.7031
6.790425
6.848
6.895875
6.93035
6.956
6.96765
7.10245
7.20125
7.22805
7.29335
7.365675
7.373325
7.609275
7.93395
8.044725
8.1123
8.135625
8.5887
8.697
8.697275
8.7207
8.73575
8.845025
8.9256
8.99495
9.005975
9.061975
9.24435
9.281875
9.31925
9.72545
9.7822
9.9599
167
