0.134875
0.1737
0.179175
0.194225
0.341975
0.4827
0.4861
0.50815
0.510225
0.51215
0.535625
0.537325
0.53785
0.5464
0.55925
0.578375
0.5836
0.5848
0.5989
0.6271
0.627625
0.644725
0.647475
0.656625
0.6695
0.6889
0.7325
0.752275
0.770075
0.77375
0.786375
0.791
0.817
0.824325
0.8308
0.8325
0.8349
0.858075
0.88935
0.892325
0.9082
0.9105
0.946625
0.949625
0.964125
0.973775
1.016775
1.03005
1.05635
1.1047
1.109675
1.223175
1.233675
1.2358
1.311225
1.327275
1.3448
1.3586
1.37875
1.37915
1.471275
1.481075
1.490625
1.4933
1.5121
1.59295
1.611375
1.616925
1.70035
1.880725
1.95895
2.03015
2.080775
2.10445
2.1303
2.147675
2.1716
2.24755
2.3513
2.4191
2.439125
2.480125
2.5508
2.61535
2.6483
2.729775
2.74515
2.769825
2.8154
2.821075
2.828125
2.865825
2.92515
3.162425
3.187925
3.195625
3.257525
3.261225
3.315675
3.31985
3.326175
3.40965
3.449225
3.4533
3.486575
3.61545
3.71435
3.752925
3.79225
3.891675
3.91145
3.9248
3.9619
3.963825
4.0026
4.0214
4.02815
4.15115
4.170775
4.199275
4.4395
4.4595
4.5211
4.604975
4.606325
4.66115
4.839675
4.8835
4.9449
4.946075
5.022825
5.118525
5.163975
5.23215
5.232825
5.23665
5.3003
5.42395
5.50265
5.6629
5.729
5.86135
5.885675
6.02305
6.3111
6.34985
6.367175
6.37665
6.429225
6.501
6.5583
6.567125
6.589575
6.633
6.7216
6.763325
6.83475
6.8642
7.205225
7.413825
7.5084
7.584025
7.767925
7.835975
7.9931
8.9627
8.98285
9.2276
9.313725
9.398725
9.69655
9.752
9.808775
9.906875
174
