0.029975
0.046975
0.049
0.09255
0.443275
0.46865
0.516725
0.520825
0.561825
0.579275
0.5826
0.60365
0.606775
0.618275
0.625725
0.629
0.637125
0.64115
0.6459
0.68135
0.7077
0.707725
0.708625
0.7102
0.717125
0.717675
0.727125
0.749925
0.75905
0.7598
0.780325
0.8749
0.89415
0.899575
0.922325
0.9633
0.970425
0.9841
1.0127
1.024925
1.0347
1.039075
1.041275
1.0447
1.0527
1.0794
1.099625
1.10355
1.10445
1.11725
1.1748
1.18975
1.19395
1.199225
1.2068
1.209375
1.236775
1.271475
1.313025
1.3237
1.3385
1.344025
1.3442
1.35135
1.3877
1.391125
1.41175
1.46445
1.480225
1.48105
1.4823
1.495025
1.561975
1.752325
1.758575
1.88275
2.039875
2.1294
2.221925
2.257475
2.377675
2.43765
2.46145
2.46385
2.511225
2.61685
2.83285
2.855875
2.96455
2.977
3.0278
3.06685
3.075525
3.083725
3.08745
3.23455
3.379225
3.491175
3.5145
3.632425
3.64125
3.675975
3.713975
3.9013
3.98405
4.160325
4.170825
4.20785
4.3986
4.495675
4.59605
4.686175
4.737875
4.829325
4.861025
4.8762
4.8802
4.9098
4.953475
5.005275
5.060875
5.268775
5.41
5.48785
5.632625
5.656075
5.821225
5.851275
5.97615
5.9926
6.11065
6.173975
6.242775
6.25315
6.352675
6.5349
6.5564
6.65345
6.825425
6.855875
7.07105
7.213375
7.234275
7.36015
7.551575
7.6419
7.6699
7.710225
8.326375
8.414175
8.44
8.450125
8.4911
8.577525
8.61375
8.66155
8.663175
8.818475
8.826825
8.9519
8.982525
9.31185
9.48495
9.6153
9.70455
9.7203
9.732625
9.871675
9.96615
169
