0.109225
0.13085
0.1428
0.204625
0.21405
0.300775
0.397575
0.4732
0.476
0.49495
0.50245
0.504375
0.510075
0.526125
0.549925
0.55725
0.563
0.5707
0.581975
0.589075
0.603575
0.622825
0.63375
0.643125
0.6442
0.6493
0.666125
0.676575
0.68495
0.69135
0.706725
0.7171
0.77875
0.779425
0.7883
0.7999
0.811225
0.844
0.85375
0.8962
0.896625
0.92155
0.92585
0.95205
0.9638
0.974
1.0007
1.001725
1.06205
1.089425
1.104925
1.13385
1.251125
1.253175
1.300825
1.311125
1.359025
1.4173
1.435125
1.496625
1.51065
1.51665
1.59845
1.604475
1.6056
1.60565
1.6384
1.6941
1.725425
1.91315
2.0095
2.00975
2.017275
2.104825
2.157225
2.18735
2.210475
2.236125
2.341825
2.34705
2.352625
2.4752
2.631975
2.81925
3.0051
3.38125
3.65835
3.687025
3.745875
3.8035
3.80485
3.808375
3.8368
3.86995
3.878075
3.88445
3.9193
3.93805
4.07725
4.079875
4.147075
4.163075
4.17935
4.22915
4.36705
4.40605
4.4207
4.576725
4.6086
4.61715
4.619725
4.6522
4.663875
4.672675
4.831775
4.854375
4.85905
4.89375
5.000625
5.4451
5.665
5.700275
5.7102
5.8296
5.839175
5.92485
5.937225
6.157275
6.395825
6.514525
6.581625
6.8677
7.157675
7.18195
7.241275
7.329025
7.336675
7.391075
7.438075
7.636325
7.739125
7.8724
7.930125
7.93025
7.966225
8.2232
8.392825
8.46975
8.628575
8.6801
8.84275
8.88025
9.1023
9.1712
9.21975
9.529725
9.53315
9.5908
9.74215
159
