0.0468
0.0685
0.409775
0.457175
0.460675
0.47665
0.47935
0.48345
0.49205
0.4925
0.503075
0.505
0.505125
0.523025
0.543975
0.5648
0.595875
0.598025
0.61265
0.6212
0.6333
0.6892
0.70215
0.704
0.717525
0.7237
0.738575
0.74815
0.7689
0.7721
0.8021
0.80665
0.832275
0.855525
0.88565
0.890775
0.896775
0.899875
0.91285
0.919275
0.920175
0.928
0.976025
0.99315
0.994025
1.09095
1.1237
1.1445
1.15365
1.1814
1.18745
1.211325
1.275925
1.28525
1.288725
1.298975
1.307875
1.3445
1.38435
1.3937
1.437975
1.44185
1.46345
1.4922
1.512375
1.526575
1.588075
1.6321
1.633775
1.688575
1.7246
1.726475
1.739475
1.75945
1.7998
2.035
2.109275
2.19125
2.20385
2.26725
2.275225
2.356675
2.36055
2.48855
2.508125
2.7467
2.85045
3.20815
3.38115
3.4646
3.4851
3.62485
3.68125
3.708425
3.73745
3.7436
3.776475
3.8412
3.90955
4.05615
4.19915
4.35095
4.4057
4.4724
4.51795
4.688325
4.74345
4.79515
4.798275
4.833
4.921225
4.956025
5.095925
5.20445
5.318025
5.3731
5.4147
5.418575
5.46235
5.495025
5.637175
5.691175
5.815225
5.876375
6.01445
6.029075
6.12535
6.24285
6.42
6.447725
6.450075
6.491875
6.529075
6.6716
6.689425
6.715275
6.7518
6.76565
6.794725
6.826075
6.850175
7.03405
7.082225
7.237875
7.262125
7.424325
7.475675
7.494525
7.564125
7.782275
7.878125
8.033525
8.077025
8.130725
8.280375
8.504925
9.029075
9.1139
9.260175
9.287375
9.3828
9.402775
9.4406
163
