0.161625
0.1697
0.187325
0.223925
0.284425
0.302275
0.4232
0.429275
0.439825
0.4445
0.492825
0.50495
0.50545
0.523725
0.526725
0.530675
0.536325
0.536575
0.55175
0.551875
0.565525
0.5842
0.62175
0.62315
0.635525
0.636225
0.63765
0.639625
0.64005
0.647025
0.653525
0.667775
0.698075
0.6982
0.70125
0.704725
0.709925
0.7113
0.719825
0.7201
0.730775
0.73195
0.758675
0.79035
0.8078
0.8234
0.887825
0.90355
0.9092
0.9201
0.94165
0.978975
0.98225
0.983875
0.989725
0.991075
1.014175
1.017925
1.0358
1.058625
1.096475
1.103025
1.110525
1.11455
1.1278
1.135725
1.143675
1.16545
1.1754
1.217775
1.248975
1.266225
1.275125
1.3164
1.317875
1.3542
1.374475
1.3981
1.4038
1.441425
1.487675
1.5389
1.547475
1.5475
1.560375
1.605225
1.611675
1.61635
1.660725
1.674475
1.705525
1.707825
1.716275
1.825875
1.909
1.9628
1.986925
1.987275
2.05055
2.067575
2.07845
2.1597
2.240925
2.295475
2.320375
2.33345
2.357575
2.422975
2.4756
2.475675
2.477575
2.49355
2.520625
2.640025
2.729275
2.803975
2.9525
3.286425
3.417
3.435575
3.437325
3.5224
3.54995
3.598275
3.648425
3.681925
3.6898
3.740825
3.790425
3.810925
4.520575
4.56925
4.59415
4.668175
4.738725
4.815375
4.890775
4.983625
4.984825
4.99955
5.002525
5.033475
5.099275
5.2324
5.24605
5.50625
5.560425
5.582375
5.663625
5.665875
5.780275
5.905
5.93415
5.93705
6.0277
6.1584
6.559575
6.567925
6.731425
6.759525
6.883975
6.91875
7.2404
7.260375
7.32435
7.339475
7.40005
7.480625
7.528925
7.53855
7.57835
7.612125
7.6306
7.704025
7.770225
7.80295
8.303225
8.34045
8.70955
8.73845
8.79925
8.861325
9.344975
9.353925
9.48945
9.522675
9.6286
9.752425
188
