0.428875
0.4575
0.470575
0.479975
0.4975
0.5118
0.51305
0.52875
0.5429
0.55535
0.571
0.571375
0.579175
0.581925
0.582075
0.59825
0.609775
0.6302
0.630375
0.631475
0.6537
0.663125
0.66945
0.675375
0.681825
0.702975
0.708675
0.7257
0.751925
0.762575
0.77525
0.77765
0.79465
0.80285
0.8119
0.82785
0.83745
0.856675
0.933275
0.940625
0.96855
0.973425
0.984925
1.0216
1.026375
1.0388
1.096725
1.11375
1.12865
1.16155
1.175375
1.177975
1.239625
1.2704
1.279175
1.31695
1.382125
1.4063
1.413825
1.4249
1.453525
1.46395
1.475275
1.4965
1.558875
1.56285
1.607575
1.613525
1.67305
1.694425
1.751775
1.775975
1.883525
1.983075
2.0267
2.0272
2.119825
2.1265
2.14485
2.16105
2.164125
2.209975
2.2251
2.3035
2.437075
2.442575
2.4714
2.50725
2.574375
2.609975
2.6231
2.6508
2.653875
2.7533
2.79265
2.892075
2.894625
2.983275
3.008325
3.1457
3.1501
3.157125
3.23805
3.245125
3.42815
3.516875
3.521925
3.53445
3.536575
3.6739
3.687975
3.745325
3.795875
3.90105
3.91885
3.9221
3.95765
3.961275
4.144975
4.18185
4.262
4.38455
4.5966
4.702525
4.709475
4.717775
4.723425
4.76315
4.976275
5.262725
5.645025
5.707275
6.065175
6.149775
6.3673
6.400325
6.724425
6.96785
7.28695
7.707775
7.910525
7.9792
8.151325
8.191525
8.263
8.28385
8.37995
8.497125
8.601275
8.71905
8.7773
8.924925
8.964375
9.172425
9.224275
9.551425
9.578625
9.766775
9.85675
9.958475
9.983
161
