0.053125
0.084525
0.328875
0.475325
0.4806
0.48085
0.487175
0.49515
0.5386
0.545
0.559
0.56275
0.581
0.5946
0.6082
0.6087
0.6125
0.6532
0.65795
0.66425
0.67365
0.677225
0.678475
0.7218
0.724825
0.7281
0.7324
0.739225
0.75005
0.76185
0.774425
0.8207
0.8575
0.866925
0.869575
0.90585
0.918
0.922475
0.931375
0.9332
0.947625
0.950625
0.95895
0.9774
0.995375
1.016325
1.06025
1.067375
1.0982
1.1217
1.136225
1.149125
1.17965
1.194725
1.2366
1.2863
1.289425
1.410125
1.463475
1.517425
1.537125
1.57175
1.58235
1.6427
1.6522
1.720725
1.759825
1.823075
1.920025
1.932375
1.970775
2.078325
2.097625
2.106675
2.137525
2.2843
2.285175
2.35445
2.36155
2.384375
2.520875
2.5341
2.608875
2.665125
2.68765
2.837875
2.8797
2.9896
3.014025
3.043225
3.04975
3.05855
3.10555
3.525225
3.7919
3.95105
3.9615
4.00035
4.0214
4.06575
4.07955
4.143425
4.196575
4.350075
4.36855
4.5065
4.578075
4.596025
4.618775
4.812575
4.93085
5.08975
5.267025
5.5197
5.7829
5.975775
6.0074
6.0129
6.0139
6.02375
6.061025
6.07345
6.3538
6.430175
6.456125
6.4583
6.6684
6.673075
6.727525
6.795475
6.86895
6.871725
7.127375
7.441425
7.467725
7.53515
7.573475
7.669375
7.85455
7.9435
8.04275
8.20345
8.204875
8.326025
8.45065
8.544275
8.644675
8.6863
8.6881
8.709325
9.034175
9.0411
9.727225
9.777775
9.812575
9.89345
9.9044
9.904975
9.95665
9.97905
160
