0.1669
0.485725
0.49015
0.496275
0.500875
0.513625
0.513675
0.51805
0.5335
0.53485
0.5366
0.546575
0.5645
0.565475
0.5735
0.57985
0.584525
0.587375
0.6086
0.61085
0.6139
0.6238
0.63535
0.644975
0.662125
0.663275
0.678125
0.6797
0.69465
0.70165
0.710075
0.71695
0.71875
0.720925
0.82985
0.8401
0.851125
0.861625
0.8653
0.8659
0.870525
0.90255
0.90335
0.936675
0.9474
0.95095
0.9589
0.982025
1.061525
1.140975
1.162925
1.177225
1.1895
1.26975
1.272275
1.27235
1.314025
1.355275
1.36055
1.411875
1.427425
1.563975
1.5935
1.662875
1.69965
1.715375
1.72525
1.763725
1.825125
1.886775
1.92665
2.0276
2.03465
2.102125
2.105325
2.1202
2.14215
2.15095
2.2454
2.42765
2.5588
2.66005
2.693725
2.7798
2.80745
2.855525
2.885725
2.89545
2.906675
2.912975
2.9386
2.956575
2.984025
3.0045
3.00845
3.066725
3.1125
3.117625
3.17695
3.2029
3.3125
3.31565
3.3791
3.661325
3.71365
3.832025
3.835425
3.8695
3.9313
3.943625
4.0662
4.201025
4.41145
4.43325
4.442525
4.461725
4.475975
4.60305
4.68985
4.752175
5.00015
5.108675
5.187475
5.426375
5.516725
5.6051
5.671425
5.807975
5.94025
6.02165
6.0488
6.124
6.302875
6.3438
6.3698
6.431625
6.560225
6.8127
6.823025
6.878675
7.015175
7.129975
7.3151
7.4213
7.470775
7.539475
7.5495
7.847925
7.858725
8.00395
8.0485
8.225475
8.24295
8.42855
8.49875
8.595375
8.690675
8.69125
8.71255
8.8347
9.333525
9.5294
9.5367
9.607875
9.631825
9.716975
9.773775
9.93465
9.97275
169
