0.311425
0.44755
0.4596
0.50215
0.542225
0.557575
0.56075
0.56305
0.572225
0.573975
0.5895
0.60145
0.60465
0.628175
0.6341
0.6616
0.668225
0.681275
0.689325
0.704675
0.70525
0.70685
0.71545
0.7208
0.724175
0.7505
0.750975
0.76
0.771725
0.7793
0.780975
0.783675
0.79815
0.81025
0.82965
0.860475
0.8652
0.912875
0.950725
0.96055
0.996625
1.05125
1.077875
1.103975
1.108625
1.17475
1.178925
1.183425
1.2358
1.2436
1.244625
1.30415
1.395075
1.427925
1.451925
1.4543
1.4863
1.523125
1.671775
1.68415
1.68585
1.689675
1.695275
1.705525
1.706525
1.82235
1.964525
2.0014
2.02735
2.042275
2.04425
2.256775
2.265075
2.30075
2.32565
2.332025
2.3935
2.415625
2.556475
2.5978
2.6173
2.658375
2.661725
2.755675
2.757075
2.7641
2.77545
2.781625
2.8347
2.882875
2.964225
2.9933
3.0036
3.04365
3.0518
3.078
3.078475
3.08435
3.096
3.142225
3.1434
3.1607
3.199825
3.23465
3.2553
3.2682
3.289025
3.37
3.3973
3.425275
3.5474
3.58725
3.598225
3.598325
3.714125
3.744575
3.80315
3.816575
3.838025
4.05835
4.191575
4.561425
4.6286
4.663375
4.937475
5.00905
5.155775
5.27035
5.33715
5.378075
5.378425
5.438075
5.4909
5.569025
5.60785
5.909625
6.131
6.167575
6.196825
6.235275
6.37865
6.5777
6.6427
6.682425
6.7486
6.75835
6.77355
6.82915
6.86255
7.06815
7.20045
7.2271
7.247
7.26775
7.33605
7.38175
7.491425
7.501225
7.761775
7.79595
8.18095
8.224925
8.695175
8.703175
8.732075
9.111175
9.3978
9.48265
9.6568
9.7574
9.8019
171
