0.0385
0.45485
0.477475
0.491575
0.500375
0.50395
0.50655
0.509125
0.518275
0.518925
0.5243
0.5255
0.54055
0.5428
0.5453
0.551475
0.592125
0.6071
0.611
0.61555
0.62655
0.640725
0.64175
0.6528
0.65535
0.67415
0.73515
0.737975
0.7506
0.758475
0.823
0.8256
0.854775
0.8655
0.911525
0.947075
0.969525
0.98235
1.004725
1.046725
1.127975
1.13415
1.1727
1.195025
1.19635
1.214725
1.2547
1.29055
1.3782
1.4044
1.446875
1.456075
1.484275
1.488625
1.526525
1.6242
1.73685
1.73915
1.802775
1.8567
1.888475
1.895025
1.920475
1.97235
2.024475
2.07725
2.08325
2.095875
2.1251
2.18885
2.2094
2.240775
2.2524
2.26225
2.401525
2.40395
2.521825
2.5287
2.569375
2.598775
2.626425
2.660775
2.663525
2.732025
2.8101
2.842225
3.18635
3.191075
3.25625
3.330675
3.3346
3.6327
3.638375
3.720375
3.737175
3.889
3.917625
3.927925
4.1078
4.1751
4.183525
4.1992
4.22985
4.2896
4.36375
4.3991
4.4425
4.55155
4.5613
4.617275
4.776325
4.7867
5.11855
5.1689
5.17495
5.199325
5.20485
5.255275
5.263475
5.290675
5.29205
5.360825
5.361
5.531325
5.587925
5.66035
5.755725
5.85425
5.8818
6.026375
6.27775
6.2859
6.327875
6.414825
6.46885
6.715725
6.76245
6.82555
6.835725
6.916775
6.9321
7.16005
7.30905
7.446675
7.461675
7.70925
7.7127
7.722175
7.954975
8.023
8.08095
8.135725
8.25625
8.428425
8.435125
8.435625
8.7848
9.1118
9.12345
9.214625
9.378925
9.53085
9.8926
9.97895
164
