0.1739
0.40265
0.45235
0.454525
0.46135
0.4622
0.4702
0.47735
0.480475
0.485475
0.4895
0.49425
0.49625
0.497375
0.51205
0.51585
0.52225
0.53095
0.535
0.54125
0.547425
0.556525
0.590325
0.621375
0.6215
0.628075
0.632825
0.63945
0.64285
0.67315
0.6979
0.70165
0.70335
0.721075
0.73205
0.7406
0.7519
0.772725
0.82245
0.84205
0.853675
0.882575
0.8858
0.89275
0.90355
0.973725
0.993
0.9952
1.0292
1.0404
1.047575
1.15
1.267575
1.3031
1.351175
1.3666
1.395525
1.4211
1.433825
1.511775
1.523025
1.542775
1.5659
1.589525
1.601375
1.609475
1.640775
1.698675
1.73745
1.814325
1.85585
1.8735
1.9207
2.0151
2.058425
2.130725
2.251525
2.260375
2.439375
2.5279
2.554325
2.556875
2.56425
2.656075
2.802625
2.803275
2.8913
3.040325
3.07495
3.075525
3.16595
3.31955
3.349475
3.359125
3.360025
3.4741
3.481825
3.508675
3.51715
3.55855
3.582275
3.829225
3.91715
3.977
4.0211
4.305725
4.337775
4.353575
4.4896
4.52355
4.58435
4.593175
4.8278
4.93675
4.9675
5.072
5.269475
5.293125
5.307675
5.32345
5.51165
5.514375
5.528175
5.8801
6.020425
6.09295
6.12415
6.1246
6.153025
6.194625
6.228625
6.3728
6.3998
6.443175
6.50645
6.69565
6.9114
6.97705
7.1649
7.554925
7.6224
7.6668
7.68845
7.734025
7.873575
8.0313
8.0596
8.198025
8.33805
8.4997
8.61825
8.644825
8.6719
8.966425
9.042175
9.3022
9.4684
9.563075
9.684925
9.778025
9.97235
161
