0.123125
0.3213
0.358275
0.37525
0.415075
0.45575
0.4845
0.491475
0.533875
0.534725
0.539
0.5399
0.552375
0.5635
0.575425
0.61745
0.618425
0.630075
0.677475
0.714725
0.72535
0.727475
0.7287
0.746725
0.75225
0.764925
0.7805
0.78525
0.7866
0.787925
0.791125
0.792975
0.8134
0.831675
0.871925
0.87265
0.883325
0.884975
0.9093
0.939225
0.962725
0.963
0.971375
0.98005
0.984075
0.986825
0.9922
0.994675
1.029275
1.036625
1.038475
1.08445
1.09315
1.1458
1.1597
1.162825
1.2161
1.217775
1.295825
1.30225
1.33595
1.353825
1.3692
1.38875
1.47055
1.472775
1.48575
1.5532
1.6175
1.720575
1.727925
1.7399
1.808025
1.82465
1.847825
1.883625
1.8982
2.00055
2.05575
2.08615
2.10995
2.13155
2.22635
2.23435
2.346075
2.4683
2.480775
2.4831
2.4906
2.491925
2.572825
2.680525
2.7391
2.766025
2.769425
2.8305
2.899325
2.932275
2.9592
3.1114
3.135175
3.260475
3.280575
3.302325
3.311325
3.3217
3.352575
3.35565
3.44785
3.58065
3.710975
3.723525
3.726025
3.790175
3.813975
3.856975
3.877625
4.10255
4.227
4.369425
4.41865
4.45515
4.455775
4.532675
4.584975
4.837875
4.877725
4.89565
5.055425
5.0856
5.2692
5.3412
5.36225
5.439
6.12795
6.1798
6.185375
6.2157
6.304125
6.615925
6.6392
6.67565
6.76585
6.79125
6.987875
7.08245
7.44055
7.4514
7.56885
7.901725
8.007775
8.013375
8.0527
8.150275
8.23725
8.385225
8.407925
8.62215
8.7238
8.921
9.1633
9.48805
9.513775
9.8369
9.92655
9.96415
166
