0.03525
0.206525
0.32655
0.3872
0.427075
0.46305
0.480225
0.4889
0.5187
0.5279
0.53275
0.56075
0.562975
0.56695
0.591575
0.594025
0.605625
0.607725
0.61495
0.615175
0.641425
0.652175
0.6659
0.677025
0.700225
0.7022
0.707875
0.743725
0.760725
0.78805
0.794625
0.799075
0.817025
0.85785
0.8736
0.91005
0.910725
0.915825
0.974875
0.97645
0.977575
0.978025
1.026625
1.058525
1.06905
1.086175
1.08975
1.12145
1.16625
1.176425
1.197175
1.2582
1.260425
1.366375
1.37245
1.3783
1.39885
1.413025
1.416175
1.423425
1.4248
1.436825
1.454725
1.5184
1.54655
1.5871
1.630675
1.647325
1.67625
1.6941
1.74355
1.8051
1.848575
1.862975
1.9904
1.992075
1.99605
2.00915
2.0423
2.08365
2.19525
2.29185
2.369325
2.398875
2.504625
2.587
2.67205
2.682
2.693275
2.705825
2.750625
2.782025
2.85395
2.8634
3.061975
3.4104
3.5152
3.572925
3.624825
3.6316
3.666975
3.783525
3.78925
3.85255
4.086925
4.167725
4.1828
4.23575
4.39925
4.430675
4.523925
4.5993
4.671925
4.997575
5.0314
5.051075
5.071325
5.267275
5.350825
5.4563
5.529
5.53495
5.55375
5.59685
5.64655
5.688325
5.761925
6.2602
6.471875
6.637725
6.6417
6.67945
6.815375
6.99195
7.160225
7.279875
7.289425
7.31985
7.3524
7.386775
7.420775
7.436275
7.57925
7.5963
8.071925
8.329925
8.384825
8.401525
8.442125
8.467825
8.4694
8.6351
8.922775
8.940975
9.084325
9.108125
9.150375
9.275175
9.404075
9.52605
9.5283
9.65425
9.696525
163
