0.10385
0.45955
0.469075
0.487675
0.48875
0.496025
0.50855
0.519025
0.5284
0.5307
0.534525
0.5521
0.553425
0.571825
0.573175
0.581225
0.584625
0.604675
0.611875
0.6136
0.624175
0.6356
0.6505
0.66635
0.67855
0.680525
0.7015
0.7694
0.7835
0.801125
0.804575
0.8064
0.8175
0.818975
0.8694
0.877225
0.8991
0.910925
0.92495
0.985575
1.02955
1.0591
1.073375
1.077825
1.09935
1.110075
1.173925
1.2144
1.301325
1.327
1.335075
1.3653
1.3929
1.3995
1.479875
1.5466
1.5795
1.58015
1.602225
1.61045
1.62905
1.6785
1.712725
1.73585
1.8313
1.869625
1.887925
1.917475
1.991725
2.066925
2.076925
2.097175
2.104925
2.115675
2.1706
2.218025
2.242925
2.24455
2.280575
2.28935
2.404375
2.4366
2.51445
2.551825
2.57385
2.600325
2.6452
2.774875
2.801475
2.832775
3.00125
3.00225
3.192975
3.20395
3.2356
3.32295
3.35735
3.3622
3.475175
3.48515
3.50205
3.644825
3.651475
3.66745
3.678525
3.71305
3.722125
3.729375
3.742575
3.846975
3.966625
4.0841
4.129025
4.169425
4.175
4.352475
4.4946
4.5505
4.698075
4.758125
4.824
5.054575
5.065025
5.2541
5.3462
5.38855
5.4633
5.52095
5.63885
5.65875
5.7541
5.91275
6.003025
6.292825
6.3752
6.6129
6.81515
6.94795
6.9949
7.0137
7.2168
7.455775
7.4632
7.485675
7.49055
7.560925
7.667175
7.72545
7.81765
7.873
8.01575
8.20115
8.2064
8.25615
8.44505
8.73635
8.85935
8.968875
9.40695
9.50845
9.8621
9.956
162
