0.1731
0.210375
0.327875
0.3465
0.3573
0.424925
0.445275
0.4726
0.474725
0.477575
0.508925
0.5134
0.51975
0.521975
0.527
0.53125
0.531575
0.55935
0.55945
0.560925
0.570625
0.602125
0.61255
0.622175
0.623
0.632675
0.634625
0.6403
0.641475
0.66855
0.68975
0.694275
0.7149
0.766175
0.771475
0.804875
0.8084
0.82145
0.839675
0.84155
0.843
0.851375
0.8676
0.8881
0.914625
0.928025
0.930225
0.9598
0.9843
0.99795
1.018275
1.033725
1.034275
1.035225
1.053925
1.129975
1.140275
1.1451
1.149725
1.15435
1.24835
1.264825
1.2852
1.295275
1.346175
1.35065
1.38
1.397275
1.41065
1.5751
1.590875
1.637075
1.638925
1.7059
1.722425
1.736275
1.831725
1.8347
1.83935
1.840525
1.891425
1.91865
1.922825
1.940225
2.071125
2.0791
2.122525
2.20435
2.22195
2.2378
2.338175
2.344025
2.36775
2.371425
2.4506
2.453225
2.4608
2.506
2.566775
2.60895
2.7999
2.96825
3.07455
3.29525
3.30525
3.406625
3.448
3.60645
3.63105
3.6444
3.647125
3.66225
3.840725
3.92055
3.937025
4.008175
4.017075
4.16645
4.3652
4.446475
4.4584
4.481675
4.491525
4.501875
4.557275
4.6079
4.7134
4.7446
4.815175
4.943575
4.95715
4.972775
5.156275
5.2997
5.43195
5.5567
5.65105
5.6668
5.678325
5.72675
5.7746
5.845825
6.0338
6.05995
6.09555
6.175975
6.2113
6.2557
6.354575
6.53185
6.57515
6.64525
6.695875
6.9952
7.0813
7.135375
7.171325
7.209175
7.296225
7.428375
7.7201
7.729175
7.8651
8.068525
8.159
8.160175
8.222175
8.288775
8.39375
8.404375
8.436525
8.672175
8.75385
9.026825
9.042875
9.35525
9.415475
9.524625
9.6535
9.757525
9.80705
9.8406
9.923825
183
