0.0374
0.284525
0.3705
0.41065
0.425975
0.458025
0.466075
0.489775
0.5125
0.512725
0.5187
0.5252
0.536775
0.53735
0.54175
0.567425
0.57165
0.57395
0.57785
0.5783
0.581225
0.58385
0.615
0.6314
0.6399
0.649725
0.65655
0.6682
0.691025
0.7105
0.732525
0.745275
0.749625
0.767375
0.792075
0.803475
0.804125
0.805525
0.822225
0.8433
0.8567
0.887725
0.92595
0.93455
0.95085
0.979975
0.989425
0.996925
1.000175
1.041175
1.05085
1.0801
1.082075
1.083675
1.122175
1.1321
1.154175
1.1579
1.193975
1.222825
1.269725
1.315575
1.3239
1.3657
1.406275
1.4231
1.4517
1.488375
1.522625
1.5506
1.5937
1.64115
1.64295
1.665025
1.669275
1.747625
1.757525
1.775375
1.792675
1.8271
1.92475
1.957725
1.9831
2.007075
2.027125
2.035425
2.126425
2.14995
2.166975
2.1759
2.279725
2.291225
2.30415
2.38495
2.38725
2.5535
2.5667
2.809125
2.8199
2.9288
3.1787
3.273825
3.27645
3.313225
3.330275
3.34925
3.36885
3.381525
3.3849
3.48265
3.4903
3.567375
3.56925
3.56985
3.618925
3.680075
3.6807
3.723325
3.8953
3.924125
4.110775
4.4271
4.45265
4.47885
4.62215
4.636625
4.8725
4.904575
4.9268
4.98275
5.0059
5.032975
5.0926
5.121525
5.235725
5.259225
5.457175
5.688425
5.79445
5.816075
5.864475
6.43505
6.556725
6.616175
6.745225
6.8954
6.992475
7.034825
7.055675
7.468625
7.4917
7.54765
7.60555
7.65255
7.75205
7.96085
7.992375
7.996875
8.15205
8.1564
8.179075
8.192225
8.240825
8.30305
8.47165
8.8438
8.986475
9.049325
9.16495
9.396
170
