0.128025
0.1887
0.298275
0.4474
0.4506
0.49085
0.490875
0.50135
0.515675
0.519125
0.525975
0.526375
0.537975
0.54865
0.555375
0.566
0.57945
0.590375
0.59105
0.6081
0.60815
0.6088
0.621925
0.63245
0.65415
0.655625
0.656475
0.66495
0.667625
0.724375
0.727625
0.742975
0.75505
0.76385
0.78805
0.7937
0.80975
0.81315
0.822
0.8276
0.83355
0.9112
0.921825
0.92535
0.951225
0.95805
0.959225
0.975275
0.9862
1.009075
1.009725
1.031
1.088925
1.149225
1.15925
1.195425
1.205825
1.216275
1.243225
1.2482
1.308075
1.329775
1.3302
1.346725
1.34865
1.3744
1.416625
1.452925
1.5091
1.5516
1.571675
1.6269
1.63195
1.661875
1.716875
1.7293
1.846375
2.15205
2.415525
2.4342
2.4619
2.465375
2.493625
2.57495
2.577725
2.582675
2.5996
2.69255
2.715
2.73565
2.7884
2.85995
3.022425
3.1482
3.15555
3.1775
3.20995
3.239925
3.250175
3.273075
3.3189
3.414825
3.4204
3.478725
3.48255
3.662325
3.703775
3.734875
3.9015
3.9208
3.9387
3.948425
4.058125
4.12245
4.232775
4.263
4.263925
4.35535
4.496375
4.662475
4.76355
4.80895
4.85465
4.8693
5.042225
5.108875
5.280925
5.2899
5.3736
5.41315
5.41765
5.630375
5.642125
6.144425
6.207775
6.233925
6.42255
6.458
6.476225
6.54175
6.6155
6.65115
6.76805
6.8031
6.906325
7.096825
7.201375
7.432025
7.432625
7.4734
7.487425
7.71965
7.816
7.85905
7.9048
7.9095
7.94195
8.522675
8.676025
8.8099
8.81155
8.976525
9.2564
9.336725
9.4697
9.628425
166
