0.086725
0.4296
0.45195
0.482
0.4905
0.509675
0.514475
0.5156
0.528075
0.529475
0.540475
0.54365
0.580825
0.58375
0.585775
0.589225
0.610675
0.61375
0.62595
0.64245
0.676475
0.68225
0.72065
0.728875
0.768325
0.77375
0.776325
0.781475
0.80105
0.80665
0.819875
0.82095
0.825725
0.8316
0.834275
0.85735
0.87045
0.8972
0.903125
0.9261
0.96385
0.97365
0.979825
0.9901
1.01155
1.031375
1.040175
1.070875
1.135775
1.136775
1.149075
1.220375
1.227525
1.2468
1.248225
1.254525
1.2658
1.279225
1.3093
1.324425
1.3374
1.371925
1.3871
1.408025
1.41405
1.471
1.547925
1.593525
1.599475
1.643325
1.6568
1.681275
1.725225
1.74985
1.80785
1.88195
2.00075
2.044725
2.1634
2.1667
2.2716
2.2806
2.310125
2.353925
2.357225
2.394325
2.536675
2.721175
2.7405
2.8872
3.060575
3.1468
3.302875
3.386525
3.38835
3.44575
3.5072
3.542875
3.636175
3.66435
3.720925
3.732025
3.9305
3.98825
4.016275
4.0787
4.0931
4.094925
4.476625
4.508675
4.7895
4.840525
4.932975
5.02475
5.051225
5.14445
5.168
5.197125
5.197425
5.255175
5.2753
5.33195
5.421775
5.500125
5.50715
5.50985
5.5101
5.68975
5.72445
5.7795
5.968325
5.98115
6.1503
6.182025
6.214925
6.586175
6.60055
6.617925
6.68135
6.9884
7.128275
7.291325
7.4601
7.461025
7.586675
7.65085
7.695575
7.7846
8.138475
8.2955
8.517775
8.7061
8.70865
8.755875
8.956375
9.299075
9.399375
9.565
9.60285
9.672625
9.761025
9.833025
9.88905
163
