0.3187
0.366225
0.463325
0.50815
0.519275
0.52355
0.527875
0.530025
0.53255
0.535125
0.537075
0.537125
0.53815
0.539525
0.540825
0.5417
0.5423
0.545425
0.551775
0.55565
0.572125
0.576675
0.57705
0.5989
0.632275
0.641575
0.66485
0.6721
0.6914
0.706325
0.713525
0.737575
0.761925
0.774175
0.780925
0.8044
0.81745
0.819625
0.8464
0.8524
0.864
0.88185
0.9097
0.921175
0.92195
0.92515
0.972675
1.003875
1.011925
1.028725
1.036925
1.048175
1.048425
1.065975
1.083575
1.097
1.099225
1.107525
1.121275
1.13765
1.1381
1.169725
1.189275
1.19585
1.234025
1.237675
1.237725
1.28645
1.312725
1.31965
1.3433
1.352875
1.35765
1.38485
1.39175
1.417075
1.431575
1.450175
1.55315
1.597125
1.64115
1.669875
1.7629
1.8778
1.95155
1.9674
2.0338
2.121475
2.198425
2.278325
2.283275
2.30645
2.352275
2.36465
2.392375
2.420975
2.518525
2.574725
2.620325
2.641525
2.750825
2.752025
2.78805
2.84435
2.8673
2.8768
3.0096
3.02595
3.0409
3.2165
3.28135
3.284675
3.410375
3.482725
3.581675
3.5969
3.635175
3.8327
3.853975
3.992525
4.057125
4.06475
4.221025
4.343525
4.55445
4.889675
4.9769
5.006
5.0295
5.241825
5.3702
5.38635
5.40915
5.449175
5.501375
5.613175
5.67435
5.698425
5.86855
6.249225
6.383975
6.707425
6.7915
6.93545
7.018075
7.120925
7.126175
7.3722
7.406275
7.510875
7.5759
7.642375
7.749
7.8824
8.182075
8.610025
8.729425
8.815025
8.980475
8.9997
9.2208
9.2579
9.28405
9.4417
9.691875
9.719175
9.727375
9.769775
9.94125
9.989375
170
