0.0439
0.305725
0.454875
0.4782
0.481525
0.4924
0.50045
0.516675
0.5189
0.53085
0.544625
0.5565
0.595025
0.602925
0.61135
0.6114
0.63025
0.646875
0.6609
0.674875
0.6803
0.696425
0.6977
0.71485
0.765225
0.813225
0.840225
0.8866
0.890725
0.909075
0.9147
0.942525
0.9629
1.027175
1.027875
1.0465
1.077375
1.09635
1.104025
1.159075
1.1679
1.169475
1.201075
1.223675
1.233825
1.245675
1.2543
1.260975
1.287375
1.2985
1.303125
1.30335
1.311325
1.361625
1.366625
1.3841
1.385275
1.421525
1.425275
1.442475
1.47785
1.480325
1.4901
1.555875
1.567925
1.599675
1.64895
1.681125
1.718925
1.738625
1.8013
1.831925
1.890625
2.0589
2.069225
2.14775
2.206625
2.233175
2.294175
2.452175
2.5629
2.6742
2.6784
2.7454
2.8288
2.87715
2.894525
3.044275
3.050725
3.0739
3.28975
3.298
3.356625
3.773025
3.90305
3.996825
4.0562
4.1257
4.19925
4.281575
4.311225
4.481175
4.489975
4.4952
4.645775
4.705575
4.743675
4.77765
4.8787
4.8819
5.0131
5.0441
5.155675
5.204525
5.272275
5.325475
5.4386
5.5091
5.637925
5.79865
5.822125
5.882475
6.158675
6.1898
6.335525
6.34215
6.685825
6.699875
6.76915
6.833425
7.07505
7.36505
7.42955
7.507
7.539675
7.654775
7.924775
7.951525
8.0855
8.137025
8.14055
8.205175
8.28305
8.2989
8.358225
8.3818
8.42105
8.9196
9.105725
9.2076
9.52665
9.9417
152
