0.3757
0.432525
0.479525
0.510225
0.520925
0.527925
0.5398
0.559125
0.568875
0.569975
0.605775
0.612725
0.61495
0.64885
0.662975
0.663275
0.664125
0.68115
0.6946
0.709675
0.725625
0.7353
0.7418
0.751525
0.78995
0.8351
0.84585
0.853725
0.863575
0.88045
0.88345
0.8927
0.911775
0.916825
0.928825
0.952475
0.965825
0.9783
0.990625
1.07305
1.142175
1.16175
1.2066
1.237975
1.26505
1.34205
1.350625
1.40665
1.4825
1.612225
1.644275
1.68525
1.688925
1.758875
1.8349
1.844925
1.860075
1.89945
1.95725
2.0174
2.069125
2.079175
2.080275
2.099875
2.154625
2.15465
2.357175
2.392375
2.400675
2.414975
2.450025
2.473175
2.51965
2.63015
2.63775
2.708625
2.71925
2.77875
2.81265
2.82475
2.836975
3.028275
3.10245
3.174775
3.21235
3.217
3.288425
3.34725
3.39455
3.419125
3.469275
3.694475
3.726475
3.800025
3.847875
3.86035
3.894625
3.99245
4.09495
4.109025
4.244275
4.2491
4.498725
4.5211
4.542325
4.594925
4.6051
4.730625
4.788925
4.79235
4.8805
4.935775
5.059425
5.152825
5.23295
5.265075
5.3129
5.433375
5.4602
5.46875
5.49675
5.59595
5.635275
5.71
5.7896
5.8118
5.8545
6.329625
6.496
6.530525
6.6351
6.672475
6.6786
6.943225
7.775875
7.914175
8.22005
8.342175
8.50825
8.58
8.619875
8.65875
8.75865
8.77585
8.99795
9.0992
9.39525
9.758975
9.775975
9.9297
9.971225
151
