0.39585
0.461
0.46155
0.462575
0.478125
0.478725
0.484925
0.49025
0.51615
0.5283
0.5322
0.5575
0.561425
0.5683
0.57415
0.609775
0.61965
0.622225
0.624525
0.66175
0.6663
0.670125
0.67085
0.675625
0.693425
0.701875
0.7051
0.706225
0.722
0.7307
0.736825
0.740425
0.744475
0.757525
0.7604
0.76275
0.76765
0.7699
0.7832
0.8008
0.804525
0.8188
0.838875
0.8447
0.84585
0.859375
0.860625
0.86315
0.9002
0.90315
0.924575
0.93355
0.9471
0.9698
1.014275
1.04225
1.057275
1.058175
1.070225
1.086625
1.10895
1.205
1.2154
1.238375
1.252175
1.2624
1.300075
1.308225
1.3794
1.387325
1.3883
1.40565
1.49205
1.499475
1.511375
1.5679
1.70255
1.7306
1.906825
1.94835
1.960875
2.00725
2.055875
2.06665
2.181
2.18605
2.218275
2.2627
2.27325
2.289825
2.37195
2.46
2.5279
2.806475
2.81475
2.8335
2.998025
3.13945
3.15705
3.163575
3.228975
3.3285
3.6978
3.70875
3.973275
4.00595
4.013175
4.1538
4.17625
4.2134
4.369325
4.47025
4.50345
4.5834
4.621725
4.6258
4.78305
4.855975
4.9541
5.38485
5.421325
5.470175
5.526375
5.63545
5.90585
6.19765
6.22645
6.30575
6.455825
6.468625
6.4783
6.483025
6.489825
6.55815
6.744575
6.813625
6.900625
6.9818
7.073325
7.3391
7.393475
7.489725
7.584
7.67615
7.895875
8.014825
8.18805
8.22435
8.259575
8.27125
8.314525
8.4225
8.51905
8.60285
8.604875
8.62985
8.751325
8.860525
9.180675
9.212675
9.24255
9.425175
9.49245
163
