0.42315
0.457575
0.4757
0.514675
0.532925
0.541025
0.5436
0.545875
0.548575
0.566925
0.5848
0.597425
0.5982
0.604375
0.605
0.607375
0.60825
0.63605
0.637525
0.64445
0.67915
0.6862
0.694525
0.71125
0.7541
0.756175
0.770125
0.77435
0.7859
0.791
0.846825
0.853225
0.876375
0.8834
0.89775
0.901325
0.92065
0.961925
0.963225
0.9759
0.977975
1.03705
1.042275
1.044675
1.0499
1.0539
1.06105
1.063425
1.075075
1.08415
1.10215
1.10635
1.115075
1.143225
1.146375
1.17205
1.22305
1.263775
1.346
1.375225
1.383575
1.403875
1.4129
1.427625
1.562475
1.581075
1.638775
1.6524
1.6904
1.690625
1.735225
1.754025
1.787075
1.793525
1.95915
1.9638
2.00585
2.013
2.0925
2.096825
2.11455
2.162775
2.1844
2.19575
2.195925
2.306975
2.43555
2.451625
2.481575
2.7468
2.772025
2.883225
2.8876
2.887825
2.95425
2.98025
3.1282
3.237075
3.317575
3.371975
3.50065
3.5775
3.610675
3.624575
3.658675
3.689925
3.7088
3.71385
3.80065
3.879625
3.9297
3.969225
4.09795
4.14325
4.1877
4.262925
4.343125
4.3991
4.43085
4.43545
4.69055
4.700525
4.768925
4.84415
4.846275
4.935125
4.9857
5.02925
5.334175
5.508075
5.650525
5.734175
5.814125
6.050975
6.185775
6.2411
6.306625
6.476925
6.69
6.733975
6.806925
6.830675
7.028825
7.0772
7.26705
7.33555
7.67795
8.111125
8.363875
8.4837
8.517125
8.549225
8.670275
8.791925
8.9139
9.07335
9.550325
9.586125
158
