0.039875
0.09855
0.219225
0.43535
0.445525
0.483275
0.4914
0.50055
0.501675
0.5087
0.522125
0.54065
0.5557
0.577175
0.5809
0.58495
0.616075
0.6356
0.64825
0.67885
0.6813
0.71125
0.7188
0.7292
0.7444
0.7446
0.760825
0.7709
0.787575
0.82445
0.832525
0.88485
0.89825
0.9002
0.9027
0.923425
0.928625
0.9847
1.00515
1.012
1.1002
1.10585
1.11255
1.12405
1.1341
1.15755
1.20115
1.231325
1.2742
1.290425
1.30985
1.339125
1.347275
1.487175
1.524725
1.5836
1.61875
1.665425
1.66755
1.6931
1.74415
1.762875
1.787375
1.822075
1.947025
1.987325
2.010625
2.06105
2.1577
2.1763
2.222225
2.2634
2.41365
2.513825
2.521425
2.54885
2.669775
2.684825
2.848325
2.86895
2.9242
2.967225
2.971725
3.179425
3.240825
3.438475
3.480425
3.490175
3.50575
3.5615
3.622875
3.8013
3.8984
4.082
4.101975
4.303175
4.340025
4.415425
4.466325
4.478125
4.483825
4.544275
4.581775
5.001775
5.010175
5.0493
5.295825
5.384325
5.559825
5.821
5.86195
5.93035
5.934675
5.941575
6.066075
6.11815
6.151875
6.227525
6.358575
6.621
6.784125
6.90315
7.013975
7.4636
7.52815
7.587925
7.705375
7.82115
8.059475
8.137325
8.214175
8.23735
8.330625
8.4011
8.43455
8.703525
8.9624
9.0786
9.122625
9.1441
9.493075
9.834825
142
