0.15815
0.23965
0.337775
0.450025
0.4931
0.5046
0.514175
0.517975
0.52265
0.534075
0.538725
0.54685
0.5487
0.548775
0.55185
0.563175
0.5725
0.578175
0.5818
0.58445
0.5867
0.60235
0.630125
0.632925
0.63805
0.642075
0.6427
0.651575
0.653625
0.65675
0.677375
0.6839
0.69555
0.7027
0.704
0.73095
0.744775
0.836175
0.86205
0.865375
0.86905
0.87275
0.8842
0.90065
0.940175
0.94315
0.95085
0.9815
0.98715
1.06355
1.1052
1.145875
1.1599
1.16255
1.165575
1.213775
1.216425
1.224725
1.225125
1.253525
1.27115
1.282175
1.322475
1.373375
1.4223
1.466525
1.7042
1.85925
1.860775
1.937775
1.94305
2.049975
2.171075
2.20485
2.25205
2.395725
2.43755
2.494
2.627825
2.672475
2.7591
2.76145
2.82525
2.84305
2.846125
2.90245
2.942575
2.98105
3.021925
3.227775
3.32415
3.51895
3.5325
3.53435
3.5648
3.669925
3.7127
3.72845
4.06515
4.11995
4.24435
4.435575
4.682125
4.79495
4.818025
4.990475
5.036425
5.046275
5.13675
5.204175
5.299775
5.390275
5.41105
5.4333
5.470725
5.5632
5.696975
5.9615
6.309075
6.37525
6.409075
6.49055
6.562725
6.598675
6.687125
6.7667
7.137975
7.150875
7.217825
7.381225
7.7992
7.8162
7.902025
7.946225
7.983425
8.07735
8.1915
8.240475
8.25305
8.283225
8.32645
8.5729
8.7578
8.774925
8.7809
8.860175
8.86355
8.8645
8.9221
8.959175
9.029125
9.074175
9.100275
9.136975
9.313625
9.7094
9.8506
9.9369
158
