0.13465
0.163075
0.17195
0.33545
0.442475
0.4946
0.495975
0.5006
0.5021
0.508425
0.52
0.5414
0.573
0.5988
0.6065
0.61665
0.6276
0.649
0.649425
0.6592
0.6628
0.6786
0.69725
0.7152
0.725125
0.725825
0.75485
0.76475
0.774325
0.7826
0.788875
0.804
0.843875
0.870625
0.8818
0.88395
0.922675
0.923175
0.928525
0.94045
0.940825
0.947875
0.95185
0.959175
0.978825
1.078275
1.08955
1.1166
1.123825
1.148725
1.3072
1.3209
1.332825
1.33535
1.343275
1.38845
1.394175
1.402325
1.41145
1.4392
1.457475
1.4616
1.488975
1.663375
1.67055
1.71515
1.715375
1.76785
1.805425
1.820625
1.838425
1.87015
1.910025
1.936625
2.01755
2.130825
2.13775
2.180575
2.254575
2.394475
2.473825
2.553975
2.6609
2.695675
3.000025
3.0089
3.0683
3.08485
3.097325
3.116575
3.28535
3.2971
3.375475
3.4173
3.448925
3.47215
3.5205
3.54745
3.6177
3.7419
3.7803
3.7914
3.797325
3.8712
4.11655
4.1774
4.493325
4.500775
4.6522
4.79945
4.850325
4.990375
5.007925
5.10585
5.1693
5.2459
5.2855
5.33975
5.342425
5.393775
5.476175
5.63005
5.669
5.682675
5.728525
5.74545
5.75915
6.00075
6.015775
6.16135
6.341825
6.565225
6.637425
6.689125
6.69045
6.70515
6.723975
6.81155
7.092425
7.116375
7.3276
7.3779
7.409475
7.68065
7.9556
7.99145
8.1823
8.1872
8.50015
8.7192
8.7812
8.82845
8.8291
8.84915
9.09895
9.10645
9.18225
9.29975
9.392825
9.457425
9.669425
9.686525
9.702575
9.749475
9.783325
9.868
9.952725
9.9788
168
