0.00585
0.072375
0.2406
0.2413
0.446275
0.451075
0.461575
0.4996
0.50285
0.518825
0.524475
0.52615
0.560375
0.57615
0.589875
0.5922
0.604575
0.6314
0.641075
0.667775
0.685475
0.721125
0.7259
0.73275
0.801125
0.804
0.80435
0.807575
0.82575
0.841225
0.842775
0.858575
0.89565
0.9155
0.9193
0.926025
0.9275
0.9711
0.99285
1.04475
1.0684
1.083
1.104775
1.140075
1.17695
1.1818
1.19255
1.202075
1.29555
1.320725
1.344125
1.3584
1.404975
1.415775
1.418975
1.4191
1.419275
1.431725
1.4905
1.4948
1.5423
1.6202
1.74605
1.749875
1.753075
1.8094
1.8387
1.845625
2.055825
2.112625
2.196875
2.276025
2.3396
2.390825
2.508525
2.512425
2.6193
2.66355
2.8415
2.84355
2.883775
2.89135
2.95525
2.9705
3.073425
3.17425
3.29645
3.39775
3.420225
3.50505
3.547225
3.561475
3.61625
3.68965
3.775
3.8177
3.851575
3.8692
3.95915
4.08015
4.1381
4.148125
4.19905
4.472375
4.497825
4.50325
4.51105
4.544225
4.5898
4.640575
4.6847
4.7956
4.9671
4.9756
5.1455
5.156175
5.69255
5.701725
5.757275
5.7859
6.031375
6.0721
6.1197
6.1403
6.290025
6.326075
6.3619
6.459225
6.47875
6.76435
6.9502
7.07345
7.2336
7.356675
7.4807
7.8136
8.064825
8.2398
8.55115
8.60395
8.678225
8.69555
8.733025
8.801475
8.878625
8.924025
9.01745
9.149825
9.199175
9.6842
9.70465
9.7138
9.7523
153
