0.0019
0.018225
0.036425
0.048
0.135325
0.1979
0.4224
0.4495
0.450225
0.48285
0.484375
0.48615
0.4908
0.503575
0.520525
0.5222
0.52545
0.53785
0.5465
0.547175
0.5497
0.569325
0.571575
0.584525
0.591625
0.623025
0.643175
0.6471
0.69115
0.692275
0.700675
0.766275
0.79475
0.811
0.82235
0.8645
0.872875
0.880375
0.90745
0.919975
0.977925
0.987225
1.01685
1.017425
1.038775
1.045025
1.07345
1.10615
1.1065
1.107175
1.11805
1.13685
1.2308
1.2671
1.2791
1.2905
1.359875
1.4447
1.469275
1.513575
1.5256
1.53395
1.551525
1.5902
1.62185
1.62645
1.6346
1.68275
1.734725
1.751925
1.752125
1.788975
1.821825
1.8837
2.011225
2.06255
2.115875
2.119125
2.13655
2.219525
2.2987
2.344375
2.43645
2.443375
2.59475
2.610025
2.6282
2.696825
2.7501
2.783975
3.016925
3.04785
3.079225
3.099575
3.1663
3.2314
3.27815
3.370975
3.382925
3.555725
3.574425
3.67085
3.684275
3.735475
3.824
3.8301
3.862575
3.902375
3.96065
3.9932
4.006025
4.02145
4.1706
4.306975
4.443975
4.479125
4.48715
4.5609
4.620425
4.66795
4.72315
4.759175
4.95575
5.04565
5.13185
5.236225
5.27845
5.291875
5.295025
5.433
5.4567
5.5529
5.7401
5.7775
5.791375
5.850075
5.92105
5.942025
5.9684
5.9802
6.0189
6.193
6.249525
6.270025
6.3374
6.353125
6.40185
6.43155
6.6706
6.7867
6.7973
6.8378
6.89625
6.979825
6.9835
7.19085
7.21955
7.360225
7.435925
7.70015
7.96975
7.992225
8.13325
8.18185
8.240275
8.423275
8.439975
8.63105
8.946675
8.947225
8.97835
8.991375
9.205475
9.24205
9.52855
9.602625
9.6182
9.72455
9.80715
9.844425
9.877125
9.88775
9.92295
183
