0.01145
0.114025
0.27955
0.338075
0.45475
0.459325
0.492225
0.49295
0.514075
0.52315
0.529575
0.54425
0.557
0.562625
0.563875
0.56405
0.574775
0.577525
0.6036
0.609225
0.621675
0.6256
0.626675
0.632575
0.63585
0.6405
0.6438
0.6562
0.65805
0.6633
0.6646
0.6977
0.700175
0.718825
0.743925
0.744125
0.7479
0.7607
0.76815
0.79275
0.81965
0.8221
0.82485
0.833275
0.848825
0.862425
0.8705
0.89845
0.912675
0.913125
0.9237
0.93715
0.941075
0.959525
0.9728
1.0325
1.07795
1.078425
1.08735
1.0888
1.1118
1.120975
1.122925
1.133025
1.148975
1.17595
1.186025
1.201325
1.2014
1.278425
1.313925
1.317525
1.330825
1.359725
1.4398
1.474475
1.548425
1.61485
1.629225
1.635525
1.70875
1.73305
1.772075
1.866825
1.89285
1.893175
1.932975
1.937775
1.99965
2.000625
2.048275
2.080775
2.10975
2.14395
2.201475
2.2594
2.26865
2.525925
2.56395
2.583825
2.6534
2.671625
2.701625
2.7389
2.887825
2.95485
2.972125
3.092875
3.354175
3.3696
3.3789
3.53865
3.617125
3.63355
3.6628
3.6913
3.7008
3.709425
3.736825
3.738325
3.771525
3.8391
3.9004
3.935925
4.0604
4.108075
4.1311
4.186875
4.23225
4.3017
4.501125
4.672825
4.9636
4.99955
5.028675
5.20065
5.25955
5.43465
5.4649
5.515675
5.61885
5.752325
5.81015
5.969675
6.032225
6.0643
6.10195
6.230325
6.384475
6.563175
6.5673
6.92165
6.9429
6.9656
7.000575
7.11605
7.140825
7.192775
7.195975
7.214425
7.293375
7.3083
7.3357
7.363025
7.367075
7.520375
7.5902
8.04815
8.34455
8.55265
8.576125
8.654975
8.7331
8.857825
9.026575
9.07645
9.185325
9.2542
9.300025
9.33645
9.376725
9.417275
9.42735
9.436925
9.52195
9.558325
9.569225
9.857525
9.860525
189
