0.104625
0.3726
0.485375
0.4922
0.50395
0.506025
0.510575
0.5108
0.5251
0.54055
0.5943
0.605825
0.607225
0.6112
0.612525
0.62015
0.620875
0.63185
0.636725
0.63965
0.642025
0.644125
0.652525
0.652975
0.662525
0.668375
0.670575
0.6833
0.684075
0.71175
0.73195
0.744075
0.750975
0.757925
0.789375
0.7915
0.79765
0.8091
0.8453
0.8698
0.889625
0.965075
0.965625
0.977875
0.9946
1.0068
1.026525
1.032025
1.04355
1.05205
1.067275
1.09415
1.12655
1.13205
1.17285
1.277475
1.308225
1.373025
1.417775
1.469475
1.4863
1.49965
1.502825
1.569225
1.597775
1.6433
1.72765
1.8212
1.863825
1.949875
2.0067
2.037425
2.0783
2.108075
2.14745
2.154525
2.22375
2.23075
2.27945
2.318525
2.326975
2.349325
2.353275
2.35715
2.3767
2.39825
2.41385
2.47175
2.59425
2.597275
2.614925
2.6502
2.92385
3.2398
3.2608
3.3199
3.386575
3.4093
3.521875
3.525775
3.5486
3.802325
3.895875
3.92855
3.9714
4.008125
4.29785
4.3787
4.4502
4.47425
4.7979
4.981275
4.9861
5.133025
5.14835
5.3218
5.397175
5.40055
5.45355
5.49905
5.510425
5.545825
5.71335
5.718525
5.7761
5.8328
5.896275
6.55015
6.576025
6.58545
6.62075
6.8657
6.869725
6.94455
7.01725
7.0231
7.02365
7.046925
7.0802
7.16465
7.2033
7.294925
7.301
7.381375
7.60055
7.600725
7.8544
7.9672
8.06855
8.090925
8.124075
8.26665
8.288525
8.3126
8.391225
8.465325
8.774575
8.77545
8.8981
8.9125
9.217325
9.3049
9.318675
9.4084
9.419525
9.4756
9.739625
167
