0.042725
0.049825
0.06995
0.248225
0.268
0.40345
0.4335
0.442475
0.446375
0.474175
0.4796
0.48645
0.501275
0.503425
0.510875
0.51305
0.54115
0.542725
0.557825
0.56645
0.59175
0.594475
0.611525
0.612325
0.615425
0.640325
0.6456
0.66835
0.685675
0.687375
0.6929
0.73115
0.74045
0.7473
0.7481
0.7547
0.787925
0.810575
0.81915
0.835575
0.84645
0.861275
0.8722
0.889975
0.8919
0.8933
0.9018
0.951275
0.9945
1.00565
1.02955
1.03425
1.03475
1.038525
1.09
1.189975
1.213875
1.24295
1.2472
1.26225
1.2799
1.314525
1.3721
1.478
1.502925
1.506275
1.51295
1.5994
1.602175
1.6047
1.609825
1.625175
1.683225
1.6871
1.784375
1.799575
1.83965
1.873725
1.891525
1.898125
1.91945
1.9533
2.011725
2.0119
2.08295
2.140375
2.2252
2.2336
2.27965
2.28605
2.299125
2.3209
2.33895
2.362775
2.3811
2.396475
2.42205
2.466925
2.5109
2.54735
2.5857
2.632375
2.75325
2.7812
2.823
2.828375
2.855325
2.897675
2.9011
2.928775
2.935175
3.009975
3.05235
3.12
3.21855
3.236775
3.239525
3.262975
3.312675
3.38275
3.390975
3.4699
3.489625
3.529875
3.6349
3.637325
3.659675
3.681675
3.729125
3.730325
3.8606
4.19585
4.235325
4.28205
4.283675
4.329625
4.369075
4.658075
4.6722
4.687775
4.70535
4.7398
4.911
5.027825
5.1486
5.281775
5.311
5.374475
5.4366
5.822375
5.831025
5.895175
5.932975
6.016375
6.078025
6.105525
6.170075
6.293025
6.3112
6.32265
6.3471
6.587475
6.644325
6.6566
6.716475
6.7849
7.169925
7.374975
7.4308
7.45785
7.6993
7.776675
7.817025
7.90605
8.285825
8.37185
8.463625
8.4885
8.7338
8.905925
8.986525
9.18005
9.228675
9.506825
9.5205
9.650225
9.69725
9.7115
9.79065
9.86445
190
