0.112
0.120275
0.1558
0.190175
0.325425
0.46565
0.48225
0.497575
0.499725
0.51305
0.520375
0.52635
0.53485
0.5433
0.545925
0.550625
0.5683
0.588625
0.58935
0.6583
0.678575
0.6797
0.684175
0.6924
0.70205
0.70615
0.710075
0.728925
0.731475
0.7318
0.734225
0.735525
0.74245
0.743525
0.74355
0.747225
0.7543
0.784025
0.813675
0.82015
0.834475
0.835375
0.8672
0.869
0.900325
0.917625
0.923475
0.952725
0.9571
0.964325
0.997275
1.027375
1.102925
1.1331
1.165375
1.1888
1.202375
1.2137
1.21905
1.237625
1.255525
1.274575
1.292925
1.314275
1.3912
1.490875
1.492925
1.5033
1.596175
1.600075
1.6322
1.650825
1.702975
1.80075
1.82635
1.8448
1.90425
1.9473
1.976775
1.977425
1.9849
2.0347
2.0398
2.044325
2.048025
2.177275
2.279175
2.28165
2.30875
2.3415
2.39505
2.407625
2.41065
2.70465
2.7587
3.064525
3.07555
3.087475
3.244425
3.275725
3.290875
3.456175
3.474025
3.5292
3.556375
3.587025
3.620625
3.6399
3.67685
3.7334
3.773825
3.783525
3.80475
3.8317
4.094375
4.2193
4.335075
4.42145
4.472225
4.474425
4.53865
4.5872
4.824875
4.86515
4.952375
5.1655
5.218075
5.2324
5.279325
5.3338
5.344925
5.386975
5.46335
5.484175
5.5416
5.624875
5.83805
5.9342
5.999175
6.123025
6.123425
6.189175
6.227525
6.4186
6.423525
6.48215
6.7019
6.892975
7.246225
7.27025
7.462075
7.6025
7.7275
8.0161
8.416675
8.422425
8.506125
8.7343
8.758375
8.762825
8.968225
9.021025
9.17685
9.18595
9.2735
9.49405
9.647875
9.9302
168
