0.037325
0.0783
0.156375
0.20825
0.4155
0.46105
0.4706
0.49145
0.5185
0.548475
0.550875
0.55705
0.56795
0.581225
0.591525
0.595675
0.606025
0.612975
0.619875
0.663825
0.684725
0.69555
0.701075
0.703075
0.74075
0.74375
0.75225
0.754425
0.758275
0.782325
0.7944
0.79535
0.808425
0.813575
0.824325
0.853775
0.868125
0.86835
0.881925
0.88935
0.9156
0.925125
0.94275
0.9491
0.996425
1.036375
1.068375
1.084225
1.12075
1.1461
1.158025
1.1581
1.15865
1.166075
1.181875
1.1839
1.2273
1.33215
1.3388
1.37915
1.3801
1.39045
1.408925
1.4302
1.45465
1.47
1.602175
1.624
1.7173
1.74505
1.75525
1.90085
1.903225
1.94075
1.95095
2.00175
2.096075
2.158575
2.223125
2.290125
2.3683
2.392125
2.3986
2.408475
2.474425
2.53815
2.549375
2.6247
2.800675
2.988225
3.1952
3.257025
3.353525
3.41875
3.5095
3.794825
3.822875
3.84545
4.011325
4.26965
4.442675
4.467275
4.622325
4.6512
4.78425
4.7978
4.8836
4.90015
4.9574
5.42135
5.72895
5.8083
5.9307
6.19185
6.256975
6.326175
6.36745
6.40405
6.6237
6.7291
6.730125
6.7706
6.82175
7.0126
7.059575
7.06585
7.164975
7.227925
7.35475
7.684975
7.694725
7.99625
8.0388
8.290325
8.33915
8.430625
8.523075
8.5626
8.6579
8.74875
8.83995
8.9448
9.2056
9.354
9.44275
9.471675
9.488125
9.491975
9.525525
9.55455
9.98915
151
