0.001875
0.127825
0.14595
0.149125
0.260825
0.45545
0.45815
0.4743
0.48795
0.497525
0.5031
0.5175
0.5316
0.542
0.5493
0.54945
0.5712
0.577775
0.661575
0.7112
0.714875
0.73165
0.734475
0.7415
0.767575
0.76825
0.7992
0.8127
0.8259
0.83445
0.846225
0.85585
0.89195
0.903225
0.93805
0.940325
0.9484
0.976425
0.979525
1.018475
1.0298
1.0333
1.0344
1.046725
1.0996
1.120275
1.14995
1.184925
1.1891
1.222675
1.26845
1.2689
1.292075
1.299425
1.310925
1.372475
1.37785
1.437075
1.497625
1.53645
1.5563
1.579375
1.589875
1.606925
1.67105
1.742525
1.76325
1.773975
1.779
1.915675
1.949025
1.97045
2.002
2.032375
2.103175
2.109825
2.15495
2.169375
2.200575
2.3925
2.41855
2.43275
2.447125
2.451825
2.488725
2.496225
2.500625
2.525175
2.54655
2.69195
2.781325
2.854475
2.900125
2.9583
3.0808
3.1394
3.2372
3.2695
3.305175
3.3286
3.360725
3.401075
3.407025
3.52125
3.61815
3.68465
3.698525
3.74415
3.7898
3.906275
4.023525
4.034875
4.0557
4.063
4.12755
4.141525
4.176175
4.1976
4.31345
4.339475
4.342325
4.373425
4.46575
4.50275
4.603325
4.67025
4.707325
4.783725
5.207325
5.304225
5.846875
6.09225
6.367175
6.44095
6.453175
6.58975
6.66345
6.69235
6.723325
6.95345
7.460125
7.614125
7.6436
7.778525
7.90385
8.070325
8.212225
8.2178
8.4459
8.7876
8.8704
8.882
9.1391
9.15025
9.190775
9.262525
9.2667
9.412275
9.52515
9.599325
9.78245
9.82835
9.857725
9.934525
164
