0.1412
0.16405
0.216875
0.367975
0.453325
0.4576
0.486825
0.488475
0.501175
0.50515
0.514125
0.526575
0.52775
0.53345
0.5353
0.546775
0.556775
0.566225
0.570425
0.576875
0.59235
0.604025
0.61785
0.6575
0.667725
0.689975
0.695325
0.7001
0.7025
0.706825
0.722475
0.767225
0.792125
0.82885
0.841875
0.851175
0.8526
0.936425
0.95715
0.960625
0.961225
0.961575
0.97895
0.998225
0.9998
1.00155
1.0033
1.0075
1.0347
1.0659
1.07605
1.07985
1.080525
1.113725
1.146275
1.173375
1.1781
1.188825
1.207325
1.208275
1.222275
1.2361
1.269
1.356975
1.3598
1.465725
1.468275
1.485525
1.509225
1.611125
1.685525
1.72315
1.759775
1.761925
1.815475
1.836125
1.99615
2.070575
2.128125
2.134525
2.2153
2.328
2.3587
2.426925
2.43385
2.4682
2.5117
2.555375
2.61945
2.64915
2.6728
2.676675
2.731225
2.73365
2.75625
2.77785
2.79355
2.804675
2.8172
2.850225
2.874
2.937275
2.937975
2.9841
3.021675
3.0385
3.0897
3.094775
3.135125
3.136525
3.1723
3.3099
3.350825
3.390875
3.42635
3.443
3.450525
3.457375
3.47705
3.522725
3.5251
3.591825
3.665575
3.826525
3.91715
3.920775
3.93025
3.966075
4.15475
4.170625
4.2275
4.235625
4.30465
4.3514
4.353425
4.367625
4.415675
4.4877
4.520325
4.62125
4.72115
5.084725
5.113675
5.5324
5.5446
5.6177
5.90335
5.919975
5.99695
6.200775
6.218725
6.437225
6.6882
6.94235
6.952475
7.2335
7.288075
7.302825
7.40935
7.74885
8.000775
8.131425
8.157825
8.2002
8.2237
8.25705
8.27235
8.320475
8.403075
8.474625
8.5344
8.628475
8.75705
8.7694
8.850625
9.12475
9.25035
9.265675
9.312925
9.3484
9.46595
9.467075
9.4987
9.545875
9.60265
9.66285
9.758625
9.85885
9.889
9.8954
190
