0.1258
0.4205
0.424775
0.444
0.4769
0.4892
0.504775
0.505825
0.50775
0.51995
0.5297
0.530625
0.535275
0.5406
0.54935
0.55055
0.555475
0.58985
0.603075
0.605525
0.6173
0.626
0.6337
0.637725
0.642225
0.651475
0.6766
0.6767
0.68315
0.690225
0.715775
0.729575
0.750175
0.77695
0.780025
0.798775
0.806575
0.832
0.911725
0.9507
0.9541
0.955
0.9586
0.9591
1.0073
1.03115
1.0325
1.050775
1.0526
1.0546
1.0812
1.141475
1.1845
1.232525
1.25555
1.3598
1.362975
1.558025
1.5874
1.6148
1.64925
1.661175
1.6833
1.79075
1.79905
1.845175
1.85615
1.9415
1.94205
1.9672
1.968575
2.005375
2.019625
2.030275
2.108375
2.1215
2.164975
2.235625
2.341375
2.54445
2.65525
2.6609
2.749775
2.762025
2.784275
2.80155
2.840975
2.904475
2.95515
2.96975
3.0284
3.03165
3.039825
3.08095
3.10155
3.2308
3.30225
3.366675
3.399225
3.42715
3.45725
3.540675
3.547375
3.645825
3.75345
3.754825
3.76875
3.8637
3.8794
3.8933
3.904775
3.952725
4.012275
4.0125
4.0814
4.229475
4.50515
4.545425
4.54995
4.565925
4.6066
4.64555
4.66065
4.736425
4.816875
4.860125
4.90275
4.97635
5.059725
5.1319
5.25245
5.25545
5.286475
5.452725
5.45355
5.585675
5.692425
5.7145
5.742575
5.749725
5.774375
5.867975
5.872825
5.98855
6.139275
6.2998
6.377175
6.782275
6.861775
6.8963
6.936625
7.139125
7.23655
7.27455
7.32435
7.40305
7.4076
7.62445
7.624775
7.689325
7.86425
7.988925
8.4504
8.679725
8.909725
9.031175
9.04585
9.14675
9.361225
9.519075
9.692075
9.704425
9.82385
9.83725
9.8377
9.8795
9.887225
177
