0.069075
0.253625
0.45635
0.489875
0.496675
0.5077
0.509375
0.517825
0.559825
0.560925
0.569025
0.5697
0.572025
0.580425
0.654775
0.667275
0.66765
0.6908
0.698225
0.708775
0.7288
0.753575
0.756625
0.7731
0.786975
0.80635
0.80945
0.8233
0.825325
0.830225
0.8368
0.879675
0.89035
0.8917
0.8927
0.893875
0.913675
0.917825
0.9191
0.9231
0.925225
0.93705
0.945025
0.971125
0.98245
1.00555
1.016975
1.04055
1.0423
1.04655
1.050325
1.107275
1.1768
1.23775
1.24
1.24075
1.242
1.2475
1.31765
1.3912
1.5537
1.5881
1.602925
1.611325
1.619225
1.645625
1.701875
1.710625
1.759
1.79195
1.84145
1.892325
1.9329
1.9544
1.980875
1.9971
2.1135
2.196075
2.55335
2.5844
2.63775
2.66755
2.6914
2.69335
3.035875
3.116925
3.158125
3.194525
3.224575
3.410275
3.597825
3.613525
3.637125
3.682825
3.702125
3.727975
3.846275
3.866875
3.967025
4.048525
4.06415
4.0643
4.065425
4.074175
4.306175
4.3795
4.581325
4.5899
4.615325
4.686225
4.7115
4.718475
4.83195
4.88815
4.91065
4.9255
4.9381
4.9997
5.0323
5.04505
5.0615
5.08475
5.4468
5.4832
5.582575
5.693
5.795375
5.961375
5.9686
5.993825
6.038275
6.13585
6.257325
6.391675
6.445975
6.518225
6.56555
6.5824
6.68965
6.7063
6.732475
6.830725
7.01565
7.05515
7.11055
7.1227
7.423825
7.866075
8.0352
8.4221
8.662375
9.2713
9.33275
9.489925
9.601775
9.632475
9.853175
157
