0.103
0.20795
0.4361
0.436575
0.478
0.48755
0.515175
0.518975
0.521175
0.522
0.544625
0.552775
0.571375
0.58495
0.591125
0.59945
0.6052
0.607525
0.610125
0.621575
0.6254
0.626525
0.6313
0.631475
0.632825
0.642175
0.651925
0.6907
0.694125
0.695925
0.707825
0.7206
0.731475
0.7385
0.758975
0.762625
0.7821
0.78505
0.78615
0.798
0.803425
0.8143
0.824975
0.8252
0.825375
0.83915
0.86745
0.878775
0.882075
0.89355
0.934525
1.00105
1.0077
1.079425
1.0839
1.088225
1.10735
1.1074
1.1089
1.131825
1.1462
1.1615
1.3302
1.340575
1.390325
1.398875
1.40525
1.432975
1.579825
1.59415
1.60265
1.6328
1.647
1.72045
1.78955
1.8104
1.884575
1.90335
1.96005
1.961375
2.027125
2.031675
2.046775
2.057975
2.061275
2.0973
2.098575
2.15455
2.1566
2.274025
2.274975
2.30685
2.311075
2.327725
2.361125
2.3853
2.4321
2.4586
2.487425
2.509525
2.5155
2.757875
2.767375
2.81045
2.844975
2.9482
3.1448
3.207125
3.212325
3.331975
3.355325
3.3599
3.392525
3.3927
3.408575
3.4441
3.507425
3.7609
4.012475
4.34215
4.3766
4.63345
4.714225
4.891025
4.973825
5.173425
5.24105
5.321875
5.41085
5.428675
5.4828
5.684825
5.8181
5.866975
5.920025
5.94135
6.043575
6.0643
6.324575
6.3254
6.33845
6.51885
6.760325
6.875
7.010225
7.069825
7.08965
7.1404
7.27915
7.317375
7.388325
7.407525
7.637375
7.726925
7.835975
8.2944
8.321975
8.409475
8.557075
8.587625
8.87935
9.077825
9.331675
9.39805
9.71455
165
