0.197825
0.23315
0.299325
0.39955
0.40395
0.462925
0.480025
0.48475
0.491625
0.505675
0.513225
0.514225
0.5485
0.554475
0.55865
0.5753
0.57625
0.58545
0.595575
0.5963
0.607025
0.667275
0.676625
0.6896
0.692125
0.692475
0.697975
0.7044
0.704625
0.709525
0.7314
0.744125
0.751725
0.7562
0.7716
0.796025
0.805075
0.843675
0.863725
0.898475
0.92655
0.938225
0.941925
0.948825
0.9556
0.9589
0.961225
0.9759
1.020025
1.054425
1.071275
1.1182
1.126975
1.131175
1.13865
1.162175
1.18125
1.2094
1.2116
1.229325
1.237825
1.2943
1.29645
1.324425
1.3702
1.396825
1.402575
1.553075
1.628875
1.73045
1.84815
1.8548
1.865075
1.878975
1.987175
2.057775
2.090025
2.1791
2.179225
2.21625
2.218425
2.324325
2.39895
2.445375
2.45995
2.484175
2.4963
2.498625
2.5376
2.599775
2.654825
2.683925
2.717775
2.783125
2.9331
2.9826
3.011075
3.0399
3.0418
3.08325
3.126925
3.143525
3.14515
3.20315
3.332925
3.50565
3.5963
3.902175
4.0339
4.065625
4.139475
4.1674
4.239575
4.271175
4.411475
4.6189
4.7348
4.79655
4.856675
4.863575
4.8742
5.146525
5.156025
5.26495
5.265175
5.37325
5.39665
5.42605
5.433225
5.698975
5.8356
5.8885
6.050275
6.163675
6.183425
6.2373
6.3129
6.391225
6.442675
6.58035
6.6522
6.703175
6.75
6.823625
6.8786
7.142275
7.513475
7.759975
7.9591
8.111925
8.202475
8.340175
8.526625
8.575375
8.63185
8.636475
8.697
8.7453
8.898525
8.995275
9.04055
9.16505
9.220275
9.27635
9.285175
9.364325
9.551175
9.7341
168
