0.14855
0.388425
0.419075
0.464975
0.483975
0.517575
0.519075
0.53715
0.546825
0.5481
0.5546
0.561925
0.5658
0.579
0.590125
0.6006
0.6188
0.622975
0.65225
0.67125
0.7238
0.73015
0.744575
0.78975
0.8186
0.84055
0.8824
0.93655
0.9539
0.9588
1.07105
1.09845
1.162225
1.204625
1.2266
1.23365
1.26065
1.268475
1.2935
1.311525
1.38255
1.4035
1.440175
1.4465
1.590475
1.654175
1.67865
1.720975
1.7462
1.7602
1.8316
1.8416
1.853425
1.910425
1.91845
1.942075
1.946225
1.95045
1.9739
2.001425
2.086
2.0948
2.313375
2.33325
2.3422
2.354725
2.364425
2.3946
2.443225
2.49765
2.55355
2.647825
2.80585
2.848275
2.974075
3.055575
3.07645
3.08675
3.130125
3.193475
3.208525
3.22785
3.2392
3.2405
3.282475
3.299625
3.382225
3.411525
3.4162
3.538575
3.572875
3.5986
3.74925
3.76185
3.83035
3.935625
3.97495
3.9887
3.9985
4.279475
4.371775
4.50045
4.604925
4.709625
4.760925
4.8789
5.119725
5.21345
5.24015
5.41545
5.421725
5.442625
5.5881
5.6727
5.680875
5.95415
6.31535
6.482125
6.59785
6.669675
6.69325
6.74195
6.782925
6.801875
6.820975
6.82935
6.88245
6.94085
7.172075
7.188625
7.291925
7.622675
7.80295
7.865175
8.1603
8.258775
8.5193
8.600375
8.7391
9.20205
9.303025
9.3434
9.389625
9.464825
9.472575
9.659225
9.83585
147
