0.1895
0.221375
0.2887
0.3487
0.4564
0.483425
0.52565
0.539275
0.540975
0.5433
0.5524
0.560775
0.5706
0.5736
0.5779
0.59575
0.61455
0.61525
0.64265
0.6428
0.6509
0.651425
0.655775
0.66575
0.6875
0.693425
0.6946
0.711025
0.727775
0.7509
0.766075
0.773725
0.7845
0.810825
0.8384
0.948625
0.954075
0.975975
0.98475
1.017925
1.018775
1.03555
1.0679
1.115925
1.213925
1.257975
1.258675
1.2679
1.326625
1.330225
1.343175
1.439675
1.454625
1.466575
1.5777
1.631275
1.650875
1.675075
1.719125
1.82815
1.932225
2.000125
2.0054
2.0356
2.084175
2.161225
2.31435
2.34865
2.349525
2.376475
2.407525
2.496375
2.5077
2.5806
2.584125
2.638475
2.6506
2.720125
2.7266
2.759625
2.765425
2.78595
2.79145
2.866075
2.8816
2.9159
2.97115
3.02985
3.053975
3.067375
3.110275
3.137375
3.2048
3.22435
3.2454
3.254775
3.25795
3.447225
3.644075
3.684275
3.69615
4.0108
4.0116
4.226175
4.52695
4.52875
4.576225
4.58895
4.6138
4.953925
4.9859
4.988025
5.083
5.21875
5.652375
5.717125
5.72835
5.742525
5.852275
5.865525
6.026425
6.297125
6.37775
6.401
6.4116
6.5382
6.609175
6.898025
6.9003
6.969375
7.002275
7.063225
7.098925
7.0997
7.1134
7.141125
7.167
7.182875
7.213
7.28605
7.316325
7.540575
7.56705
7.6048
7.7207
8.004775
8.154075
8.2325
8.530075
8.605075
8.7306
9.050075
9.447675
9.45255
9.5815
9.59755
9.98915
157
