0.012475
0.2247
0.2728
0.41405
0.422675
0.452225
0.489225
0.495
0.49575
0.4965
0.4975
0.497875
0.500125
0.51565
0.51675
0.53475
0.5411
0.5517
0.561375
0.563
0.563975
0.5644
0.566
0.5774
0.58345
0.6383
0.652225
0.661425
0.665225
0.667025
0.6696
0.6712
0.675625
0.684925
0.68625
0.705975
0.72285
0.734825
0.7409
0.763625
0.775
0.7755
0.7828
0.7998
0.837375
0.88085
0.88555
0.89115
0.8924
0.90365
0.9139
0.930375
0.94565
0.96515
0.98725
0.993075
0.99435
1.0472
1.07325
1.0829
1.09945
1.1169
1.1303
1.15205
1.161475
1.20175
1.208875
1.261
1.288275
1.305925
1.317
1.3188
1.350875
1.41225
1.4154
1.441175
1.491
1.543025
1.545675
1.552925
1.5536
1.5965
1.6536
1.672025
1.681175
1.68175
1.687075
1.713025
1.715
1.9065
1.920025
1.97
2.0565
2.05985
2.072675
2.079425
2.0871
2.111975
2.24645
2.3708
2.4062
2.418975
2.43385
2.472175
2.478675
2.720075
2.8978
2.941425
3.045275
3.088775
3.1117
3.149625
3.23805
3.335475
3.3784
3.504125
3.567925
3.887975
3.99355
4.009625
4.046625
4.079125
4.145
4.24355
4.267375
4.46405
4.509275
4.52435
4.59045
4.672925
4.690975
4.7555
5.2178
5.29205
5.456675
5.481225
5.657075
6.00635
6.0144
6.1276
6.146425
6.17075
6.179425
6.33765
6.4341
6.57515
6.7354
6.8492
6.9285
7.125175
7.1732
7.7394
7.785625
7.8246
7.8271
7.96445
8.024675
8.180325
8.224
8.387675
8.414425
8.4597
9.1454
9.202625
9.516975
9.533975
9.58655
9.6308
9.65705
9.7734
9.885925
171
