0.142825
0.292625
0.43185
0.468725
0.474525
0.48435
0.488225
0.507675
0.51055
0.524375
0.5418
0.54905
0.55315
0.56045
0.5616
0.587875
0.60735
0.609725
0.615575
0.6262
0.6364
0.640175
0.67455
0.684075
0.7042
0.718675
0.75935
0.764375
0.78355
0.78695
0.804675
0.807075
0.85335
0.875375
0.87925
0.91095
0.914725
0.953875
0.95735
0.9747
0.976175
0.999675
1.000175
1.04115
1.056575
1.074175
1.13075
1.147325
1.247825
1.295575
1.32625
1.339925
1.362675
1.399975
1.419325
1.439875
1.5116
1.53935
1.59865
1.638125
1.643225
1.691075
1.7497
1.83205
1.843625
1.864125
1.908825
1.921875
1.94445
2.100175
2.2324
2.252525
2.341875
2.4425
2.44285
2.4877
2.49375
2.4941
2.556
2.5922
2.630225
2.6335
2.641675
2.775625
2.863725
2.93975
2.96705
3.121025
3.191975
3.21285
3.234625
3.267275
3.288275
3.332775
3.396425
3.400075
3.516225
3.564
3.59375
3.7512
3.88105
3.89805
3.91105
3.93835
3.9577
4.050925
4.056525
4.07565
4.1101
4.1417
4.285125
4.583825
4.73625
4.774675
4.8788
4.89735
4.9673
5.00565
5.30965
5.4907
5.493725
5.5132
5.5591
5.61185
5.61795
5.71035
5.80535
5.820625
5.868025
5.89625
6.00405
6.034675
6.377225
6.464625
6.696025
6.7432
6.77605
6.797025
6.815575
6.962225
6.9626
7.078925
7.1202
7.1338
7.3194
7.339875
7.554175
7.63345
7.6972
7.717775
7.92785
8.053175
8.07595
8.1117
8.1995
8.39215
8.442675
8.5703
8.6126
8.68435
8.8538
8.97605
9.0089
9.139175
9.169225
9.1857
9.395325
9.41905
9.72045
9.942375
170
