0.01565
0.24675
0.364975
0.44275
0.46065
0.485875
0.488675
0.489125
0.502975
0.5037
0.51265
0.545225
0.5474
0.5476
0.5621
0.568425
0.57165
0.578175
0.588075
0.5947
0.59955
0.60265
0.620375
0.621575
0.62415
0.6594
0.663275
0.67105
0.67955
0.689775
0.692075
0.73165
0.73685
0.7468
0.7708
0.803225
0.803525
0.8047
0.8224
0.8271
0.82825
0.840275
0.85795
0.866175
0.8689
0.908725
0.909
0.91075
0.9578
0.98165
0.98435
1.009225
1.04645
1.048325
1.0604
1.073675
1.075525
1.08855
1.08865
1.1393
1.162475
1.21815
1.222175
1.243975
1.315775
1.318425
1.48335
1.509875
1.527425
1.5451
1.566575
1.642975
1.67875
1.747625
1.75835
1.905275
1.95045
1.952225
2.0794
2.284775
2.322975
2.32445
2.488325
2.525
2.537475
2.670425
2.675575
2.676825
2.73955
2.756675
2.802675
2.807825
2.9099
2.965575
3.035475
3.052575
3.23485
3.24295
3.313175
3.355375
3.404325
3.566325
3.589625
3.6569
3.67455
3.68585
3.79005
3.808525
4.039275
4.1127
4.123925
4.3199
4.3241
4.3417
4.4101
4.652125
4.791525
4.83775
4.8443
4.862175
4.8882
4.939375
5.02585
5.0986
5.197475
5.233475
5.2361
5.320225
5.456875
5.5052
5.544
5.668925
5.73015
5.7729
5.790525
6.043275
6.118175
6.15335
6.159475
6.324325
6.3301
6.522525
6.559
6.700925
6.724625
6.75085
6.8367
7.0181
7.063075
7.5521
7.600975
7.6786
7.709
8.115025
8.125175
8.1286
8.2521
8.520375
9.028525
9.0998
9.7288
9.778925
162
