0.07935
0.43485
0.456425
0.460475
0.473025
0.484525
0.486825
0.49925
0.501225
0.502075
0.514075
0.51475
0.517275
0.547975
0.54895
0.552175
0.5536
0.566175
0.574625
0.5833
0.58905
0.595325
0.596725
0.61365
0.63
0.643375
0.6503
0.66555
0.672975
0.714325
0.72645
0.74595
0.758625
0.774775
0.7923
0.855425
0.866925
0.9018
0.90535
0.915925
0.9163
0.91955
0.9201
0.92315
0.92705
0.940475
0.946825
0.948075
0.97485
0.975375
0.996575
1.019975
1.022675
1.043325
1.0446
1.076425
1.142575
1.171275
1.21915
1.283025
1.302175
1.336925
1.350975
1.381025
1.38965
1.427625
1.452875
1.4769
1.493725
1.510225
1.51755
1.565675
1.62265
1.6453
1.6857
1.6898
1.706
1.7548
1.7555
1.78395
1.800825
1.802575
1.81015
1.862725
1.8788
1.922825
1.934925
2.306225
2.3169
2.4207
2.454
2.465675
2.5358
2.54245
2.555225
2.578575
2.6014
2.708925
2.7138
2.75715
2.7609
2.7858
2.8741
2.89785
2.900975
2.988125
3.046275
3.12395
3.14665
3.187625
3.2342
3.42395
3.45115
3.452275
3.48715
3.6619
3.722625
3.8178
3.848925
3.87755
3.973375
3.991125
4.1427
4.1756
4.2601
4.285775
4.4171
4.49355
4.617225
4.719175
4.782725
4.839125
4.90895
4.95955
4.9995
5.05245
5.092625
5.14855
5.201175
5.652575
5.7503
5.75415
6.403125
6.488775
6.5469
6.93005
6.938825
7.04515
7.31745
7.47495
7.4836
7.518225
7.56135
7.768425
7.9064
7.924975
7.965775
8.258825
8.3204
8.333725
8.4434
8.52005
8.524575
8.55845
8.642425
8.65695
8.6602
8.779675
9.077125
9.2168
9.4349
9.46585
9.757825
9.857675
9.944875
175
