0.1362
0.193825
0.296725
0.3345
0.358525
0.43145
0.4467
0.46175
0.471575
0.475625
0.487
0.49065
0.4918
0.51025
0.528275
0.53335
0.539225
0.557875
0.566325
0.57145
0.57885
0.5832
0.617125
0.638375
0.6429
0.653425
0.65695
0.678175
0.7322
0.734875
0.741475
0.780175
0.7806
0.810325
0.865525
0.866
0.90425
0.93245
0.95025
0.986425
0.9891
1.003475
1.01355
1.02945
1.131625
1.1529
1.165
1.1957
1.19935
1.2126
1.23805
1.24185
1.251525
1.283125
1.2882
1.28935
1.3031
1.344825
1.381375
1.445125
1.466325
1.6264
1.702025
1.70705
1.82355
1.86735
1.895275
1.909875
1.91015
1.95975
1.98505
2.024175
2.044825
2.0773
2.10625
2.234975
2.24455
2.287625
2.288075
2.33245
2.37555
2.3764
2.3907
2.414625
2.435625
2.447975
2.47245
2.5453
2.6005
2.693925
2.697825
2.78725
2.813275
2.99825
3.041875
3.061725
3.084325
3.17505
3.19105
3.379625
3.430225
3.51945
3.6228
3.758775
3.986475
4.0593
4.074975
4.359725
4.393825
4.44285
4.5107
4.56355
4.648225
4.684775
4.918075
4.99435
5.245575
5.27805
5.3405
5.405925
5.452575
5.778075
5.938825
5.96465
6.0195
6.064025
6.261875
6.384225
6.57665
6.6271
6.628
6.68955
6.802375
6.84605
6.89125
6.916675
6.97165
6.989075
7.14445
7.197475
7.22715
7.29985
7.52835
7.5768
7.620725
7.64415
7.65805
7.824825
8.217725
8.2183
8.4234
8.580875
8.584875
8.6645
8.86105
9.19525
9.24155
9.271175
9.313275
9.31815
9.452975
9.6562
9.7108
9.854625
9.930775
9.9946
166
