0.135875
0.236
0.379625
0.4451
0.44595
0.4524
0.494
0.503725
0.5139
0.515375
0.524525
0.545675
0.554375
0.5702
0.58305
0.58835
0.59475
0.5979
0.60595
0.616
0.623925
0.625275
0.6368
0.641075
0.648025
0.64855
0.675575
0.683475
0.69135
0.706725
0.714825
0.72995
0.78185
0.828125
0.837675
0.85825
0.866225
0.9057
0.9604
1.00025
1.008325
1.07665
1.079425
1.093925
1.1692
1.280725
1.283425
1.318625
1.367975
1.3775
1.3779
1.381725
1.406425
1.411975
1.427825
1.429625
1.437525
1.5072
1.744125
1.759425
1.772075
1.78245
1.84875
1.866925
1.867725
1.8846
1.918725
1.9446
1.9528
2.088125
2.11325
2.1854
2.33465
2.36105
2.396775
2.4458
2.5054
2.553875
2.582275
2.60045
2.6725
2.74495
2.801125
2.962925
2.9722
2.97575
3.1319
3.287325
3.412825
3.44
3.539425
3.63265
3.67275
3.67585
3.677125
3.725025
3.77755
3.8147
3.82845
3.8449
3.84585
3.866775
3.8684
4.019
4.03595
4.1144
4.2582
4.303225
4.30945
4.33605
4.38825
4.405325
4.4126
4.431275
4.51905
4.572725
4.592425
4.597025
4.73565
4.87845
4.88735
4.892525
5.0775
5.127575
5.219775
5.310925
5.67545
6.025125
6.076075
6.12125
6.16545
6.254
6.274375
6.36755
6.439375
6.627125
6.641075
6.76985
6.9805
6.993525
7.034775
7.17375
7.1826
7.369425
7.414375
7.483775
7.6175
7.654275
7.723575
7.802425
7.815125
7.9303
8.0444
8.1965
8.465125
8.527175
8.704175
8.7266
9.0493
9.536025
9.818725
9.984525
162
