0.2449
0.472125
0.479625
0.489575
0.497425
0.508225
0.511575
0.51545
0.52015
0.5416
0.5447
0.557425
0.605625
0.60835
0.611325
0.6299
0.630225
0.6329
0.651675
0.654025
0.659975
0.690975
0.709525
0.7138
0.727275
0.73295
0.7488
0.75585
0.76315
0.764125
0.766775
0.775775
0.78855
0.8038
0.808225
0.827325
0.901
0.91545
0.953125
0.9551
0.97195
1.023375
1.024
1.029
1.06305
1.068275
1.0717
1.0904
1.11075
1.15015
1.18905
1.18975
1.192125
1.2356
1.267025
1.270775
1.282775
1.296125
1.313975
1.32065
1.38085
1.401675
1.459525
1.475575
1.5756
1.651825
1.669
1.7378
1.80335
1.877125
1.892025
1.9157
2.0137
2.0832
2.11145
2.1307
2.1455
2.223075
2.234775
2.5073
2.574
2.58375
2.67715
2.685425
2.771025
2.7769
2.7834
2.928975
3.044625
3.0719
3.207975
3.271725
3.28695
3.345975
3.449775
3.493775
3.507325
3.560525
3.5887
3.59785
3.6001
3.607175
3.6076
3.651825
3.675175
3.8103
3.8583
4.05
4.17185
4.40655
4.4316
4.522475
4.5226
4.61235
4.666025
4.6759
4.781625
4.787825
4.95485
5.0148
5.16425
5.22435
5.5749
5.851975
6.072875
6.0841
6.0951
6.1181
6.31005
6.404175
6.501125
6.528025
6.5629
6.578525
6.7813
6.813675
6.885475
6.90665
6.968425
7.018775
7.056975
7.1106
7.28975
7.30555
7.476125
7.507575
7.608575
7.7279
7.9406
8.177375
8.194875
8.723875
8.778725
8.8066
8.82395
9.126225
9.202425
9.2859
9.402475
9.432325
9.66135
9.715075
9.868925
163
