0.006475
0.11605
0.17955
0.299475
0.382975
0.4309
0.447475
0.48015
0.48605
0.5029
0.5058
0.512475
0.5705
0.58065
0.594675
0.6139
0.6235
0.6643
0.672275
0.681075
0.70375
0.712
0.7196
0.73435
0.762325
0.7769
0.783525
0.797875
0.798225
0.80685
0.809025
0.8166
0.81885
0.892275
0.897375
0.917075
0.934125
0.9398
0.93995
0.9596
0.987575
0.9995
1.02105
1.064175
1.09685
1.135025
1.149525
1.151825
1.209225
1.223725
1.234775
1.2608
1.2705
1.294025
1.3204
1.32555
1.33325
1.3393
1.363975
1.3699
1.3885
1.408175
1.523225
1.63645
1.664675
1.68855
1.706075
1.71745
1.74205
1.747975
1.754225
1.76755
1.802125
1.856775
1.8724
1.931275
1.96295
2.036
2.0502
2.0732
2.111825
2.11995
2.166725
2.3675
2.390175
2.5876
2.706975
2.73425
2.799775
2.811775
2.82135
2.8641
2.88275
2.88505
2.9866
3.015975
3.0486
3.087425
3.201725
3.2104
3.26645
3.3449
3.406475
3.44425
3.45685
3.533025
3.549375
3.670275
3.791325
3.802475
3.83315
3.907575
3.929075
4.00735
4.135175
4.15955
4.16815
4.272925
4.2859
4.350275
4.407625
4.491375
4.5035
4.51745
4.875125
4.90695
4.979275
5.00785
5.112475
5.113025
5.129675
5.18655
5.200425
5.211825
5.33385
5.3381
5.503325
5.503925
5.525425
5.71735
5.7192
6.1833
6.21855
6.251775
6.350375
6.36065
6.3629
6.5372
6.5785
6.584
6.640225
6.893025
6.91385
7.111625
7.181225
7.24015
7.264875
7.328625
7.81215
7.855875
7.909875
8.059125
8.060925
8.131925
8.2205
8.37015
8.376425
8.444175
8.476325
8.570825
8.73775
8.7708
8.7802
8.945375
9.165775
9.2315
9.36105
9.542
9.55745
9.66485
9.710025
9.89125
182
