0.0814
0.34895
0.4562
0.496325
0.502475
0.502975
0.5071
0.507625
0.5116
0.523125
0.530475
0.5401
0.540425
0.5418
0.544425
0.546575
0.552375
0.56105
0.56955
0.5721
0.591675
0.5937
0.605075
0.608575
0.609575
0.611075
0.615725
0.6646
0.67475
0.704675
0.71115
0.722675
0.7487
0.764025
0.815125
0.840775
0.869175
0.87465
0.904275
0.929375
0.990425
1.037475
1.046
1.063675
1.090625
1.154375
1.157875
1.2209
1.290975
1.35035
1.360375
1.393475
1.42375
1.434175
1.4493
1.462425
1.4871
1.5958
1.6181
1.649775
1.6662
1.907875
1.94095
1.9493
2.013575
2.0942
2.122375
2.21015
2.23385
2.2615
2.29925
2.357975
2.40565
2.4228
2.4569
2.4796
2.540025
2.54095
2.59955
2.633825
2.637625
2.758525
2.87065
2.882
2.88255
2.883825
2.892525
3.0297
3.069575
3.07695
3.089
3.09565
3.167875
3.238275
3.285675
3.2882
3.36935
3.3725
3.4127
3.487525
3.572675
3.596425
3.6092
3.621325
3.842
3.84815
4.111475
4.128825
4.193675
4.2205
4.23985
4.3393
4.48055
4.508075
4.515975
4.62995
4.7234
4.805225
4.995
5.138625
5.174775
5.266075
5.36325
5.398575
5.41505
5.450325
5.480975
5.508525
5.586525
5.633925
5.669975
5.685725
5.777225
5.794475
5.8373
5.93415
5.962475
6.12185
6.267475
6.33
6.35645
6.43385
6.484475
6.673775
6.800725
7.198575
7.40985
7.531375
7.573425
7.6298
7.658325
7.893875
7.949525
8.12735
8.146725
8.1536
8.202
8.405125
8.644475
8.745275
8.816625
8.959925
9.131
9.14475
9.162325
9.18285
9.1849
9.21065
9.215975
9.49855
9.56235
9.858075
9.976225
173
