0.0168
0.113525
0.15375
0.342125
0.40165
0.403325
0.4741
0.486275
0.496875
0.515325
0.548475
0.585975
0.6119
0.6512
0.667925
0.693075
0.693475
0.7117
0.720675
0.7557
0.779625
0.78095
0.816275
0.81925
0.83905
0.8418
0.84245
0.846375
0.899475
0.905475
0.910425
0.93245
0.935625
0.9452
0.959325
0.97355
0.98875
0.992025
0.999475
1.02625
1.033925
1.058125
1.0813
1.094025
1.123225
1.13935
1.195575
1.203525
1.240075
1.288075
1.330175
1.373
1.39495
1.4108
1.51115
1.5804
1.590325
1.636375
1.652725
1.7102
1.8376
1.8424
2.0084
2.028625
2.062525
2.129775
2.131575
2.19845
2.2583
2.25905
2.2777
2.326525
2.366725
2.4935
2.5646
2.666875
2.7209
2.77405
2.799125
3.015925
3.092925
3.185925
3.21065
3.2858
3.2972
3.375975
3.4547
3.527225
3.533275
3.5643
3.770125
3.8591
3.87305
3.960625
3.977125
3.983775
4.03305
4.126775
4.138575
4.35465
4.55615
4.631925
4.639925
4.7131
4.775425
4.806775
4.851
4.981025
5.08285
5.10885
5.3923
5.4244
5.5089
5.53625
5.59795
5.7396
5.765275
5.786625
5.94655
5.96055
5.982275
6.011875
6.10935
6.129425
6.196575
6.270625
6.354075
6.419175
6.468
6.48475
6.68765
6.7348
6.73505
6.798425
6.83125
6.86
7.0455
7.162075
7.2811
7.313325
7.475325
7.633225
7.767425
7.817175
8.446925
8.888125
8.948675
9.15535
9.17535
9.377525
9.994975
151
