0.0042
0.089725
0.127125
0.155675
0.220675
0.2489
0.4165
0.4964
0.52825
0.530125
0.53405
0.541025
0.554675
0.582975
0.587125
0.617375
0.621275
0.63065
0.6377
0.639025
0.641875
0.660625
0.665425
0.699075
0.70115
0.70375
0.7133
0.746325
0.76185
0.76495
0.771375
0.796325
0.8073
0.8177
0.8219
0.841375
0.876075
0.88325
0.89365
0.988225
0.992225
1.0076
1.040975
1.060375
1.109125
1.114575
1.125725
1.134425
1.147475
1.147775
1.17585
1.17755
1.185025
1.18785
1.190275
1.235625
1.2398
1.250825
1.253025
1.3135
1.32605
1.335875
1.392475
1.399375
1.408725
1.429225
1.4342
1.48225
1.50445
1.53395
1.5369
1.5703
1.586325
1.60905
1.621125
1.6428
1.6648
1.7173
1.8354
1.931425
1.931775
2.017425
2.070625
2.084275
2.09435
2.099825
2.10505
2.14955
2.211975
2.284775
2.300625
2.51985
2.5542
2.6317
2.653075
2.75205
2.8484
2.88825
2.948
2.967175
3.033875
3.0487
3.124875
3.22095
3.249775
3.25915
3.292525
3.34695
3.3578
3.3711
3.4415
3.514725
3.525475
3.53395
3.574875
3.583175
3.618075
3.636625
3.67415
3.7404
4.02425
4.058175
4.221675
4.23085
4.309125
4.595825
4.66235
4.702675
4.93425
5.074875
5.0759
5.108975
5.192975
5.2369
5.29505
5.29585
5.396625
5.5183
5.51865
5.521475
5.9133
6.122175
6.1912
6.2146
6.3121
6.49565
6.59615
6.605325
6.617025
7.077775
7.17835
7.281775
7.5462
7.72155
8.000875
8.223675
8.291375
8.31735
8.387275
8.387475
8.548
8.594525
8.67705
8.774725
8.819625
8.9089
8.923175
8.9875
9.0581
9.223825
9.53275
9.648675
9.6853
9.8006
9.8184
9.87405
176
