0.161325
0.220275
0.235325
0.2905
0.434825
0.482375
0.48745
0.5136
0.51845
0.535825
0.549125
0.5583
0.566275
0.568475
0.576175
0.588875
0.592275
0.59325
0.59475
0.597675
0.606675
0.61915
0.62175
0.62755
0.6333
0.641275
0.64855
0.707925
0.71675
0.726625
0.72745
0.75255
0.7963
0.8073
0.8127
0.81875
0.89095
0.91305
0.945625
0.965025
0.970925
0.9982
1.040925
1.0485
1.05895
1.062325
1.17405
1.18225
1.184
1.235025
1.24615
1.327025
1.33545
1.3391
1.372625
1.38235
1.4512
1.48745
1.591825
1.612475
1.7597
1.764025
1.77345
1.7956
1.801475
1.801925
1.815
1.845125
1.976675
2.008575
2.083425
2.17985
2.251875
2.2585
2.271225
2.283475
2.32
2.321575
2.35065
2.5705
2.685175
2.71645
2.722175
2.73445
2.741825
2.799725
2.8092
2.913925
2.9292
2.98325
3.047275
3.058375
3.058975
3.162975
3.17975
3.21055
3.244725
3.38715
3.46705
3.5807
3.585575
3.677425
4.0374
4.10055
4.116575
4.1169
4.18885
4.1909
4.39395
4.496325
4.6521
4.713775
4.830725
4.9201
5.029425
5.04065
5.105975
5.1783
5.306925
5.33845
5.376625
5.411775
5.518075
5.5233
5.6621
5.800325
5.930325
5.956975
6.222125
6.3116
6.4691
6.552625
7.091175
7.2006
7.2775
7.2997
7.32475
7.34765
7.603725
8.04965
8.218825
8.52825
8.651325
8.966775
8.979125
9.08115
9.173625
9.281175
9.342725
9.5204
9.5568
9.5667
9.772475
9.9512
154
