0.165925
0.42325
0.4531
0.49175
0.491975
0.50885
0.512425
0.524425
0.538425
0.541675
0.551825
0.553575
0.589575
0.595525
0.59895
0.60625
0.60685
0.64095
0.64175
0.648925
0.65035
0.651725
0.65535
0.68615
0.691375
0.7066
0.72145
0.740625
0.7431
0.748225
0.78575
0.798275
0.859875
0.88575
0.901625
0.905175
0.9697
0.99655
1.028575
1.033075
1.053375
1.061425
1.063325
1.096775
1.11335
1.1339
1.144325
1.14745
1.152
1.17685
1.189275
1.202425
1.2381
1.250525
1.346025
1.351025
1.5088
1.5112
1.53495
1.551525
1.5708
1.5809
1.6021
1.6305
1.664075
1.6916
1.6945
1.795175
1.812975
1.869225
1.915775
2.0057
2.025725
2.036275
2.1369
2.143925
2.1516
2.180225
2.221725
2.2226
2.24285
2.29365
2.473425
2.6191
2.712525
2.7197
2.76345
2.846975
2.94945
3.00555
3.045625
3.12505
3.184625
3.30105
3.3468
3.57635
3.6125
3.735925
3.829025
4.047975
4.109825
4.1535
4.418875
4.5329
4.566975
4.593525
4.793075
4.83705
4.88265
4.8956
5.082875
5.1079
5.224075
5.56605
5.579475
5.6059
5.62535
5.704625
5.8273
5.8424
5.8608
5.930375
5.979275
5.995225
6.058725
6.080075
6.329675
6.42465
6.6207
6.6493
6.653125
6.6624
6.6785
6.7397
6.789225
6.93615
6.981175
7.220675
7.38225
7.418325
7.4423
7.48145
7.585925
7.773275
7.87065
8.18115
8.225525
8.5296
8.783125
8.79945
8.880625
8.90785
9.09385
9.329725
9.35335
9.438125
9.71455
9.81295
9.91675
159
