0.45195
0.456425
0.462525
0.4794
0.479425
0.482775
0.50225
0.5216
0.525
0.525025
0.5337
0.53545
0.55185
0.577725
0.605725
0.619125
0.6344
0.650375
0.6782
0.68595
0.7044
0.707725
0.733625
0.736825
0.7438
0.74565
0.7517
0.75605
0.823825
0.834875
0.842325
0.846475
0.848525
0.86195
0.87335
0.87525
0.905425
0.9105
0.922625
0.93385
0.991625
0.99965
1.014425
1.03465
1.059225
1.092425
1.095325
1.102825
1.123775
1.1345
1.1383
1.156975
1.190875
1.322925
1.361425
1.4123
1.4384
1.482675
1.6189
1.64405
1.6714
1.727475
1.728175
1.796375
1.800875
1.80505
1.833675
1.8626
1.90295
2.092475
2.235775
2.244475
2.2565
2.279675
2.317625
2.333625
2.358575
2.472175
2.500525
2.542175
2.55295
2.76425
2.766475
2.8881
2.893625
2.91075
2.92425
2.97735
2.9955
3.0184
3.13025
3.238725
3.3014
3.412975
3.46505
3.475575
3.52195
3.535975
3.54095
3.5939
3.6963
3.72265
3.7256
3.9212
3.93345
4.011875
4.045475
4.1039
4.11675
4.2149
4.311125
4.3725
4.380925
4.4433
4.44385
4.5422
4.5954
4.7961
4.811575
4.892075
4.974575
5.0206
5.07235
5.0793
5.11745
5.144675
5.16435
5.38295
5.420425
5.460975
5.495275
5.523925
5.58595
5.62075
5.68385
5.7027
5.889975
5.8973
5.915825
5.923175
5.961125
6.076925
6.08605
6.139175
6.19955
6.22265
6.254175
6.302225
6.333275
6.414825
6.442375
6.5012
6.519475
6.9982
7.148075
7.202675
7.221075
7.316475
7.332125
7.388225
7.586875
7.723125
7.781675
7.814025
7.866675
7.8854
7.932775
8.1525
8.378975
8.857875
8.874475
8.91965
8.988
9.041675
9.217175
9.3063
9.31095
9.51575
9.52685
9.6485
9.911875
9.991125
182
