0.01845
0.417825
0.455575
0.46625
0.498275
0.53405
0.5415
0.54305
0.553925
0.554925
0.568925
0.583975
0.5898
0.606625
0.610925
0.61185
0.6141
0.615225
0.629275
0.6342
0.6494
0.708275
0.708575
0.7564
0.770325
0.781025
0.7936
0.79865
0.79985
0.801175
0.82635
0.85465
0.8579
0.878075
0.97945
0.987925
0.99315
1.026075
1.0338
1.034125
1.04885
1.063825
1.084975
1.088475
1.09035
1.10805
1.1245
1.125925
1.1519
1.1618
1.19195
1.25405
1.26745
1.29095
1.3055
1.364875
1.388375
1.413
1.420625
1.470325
1.476075
1.517075
1.595725
1.61265
1.7347
1.738125
1.7541
1.819625
1.860075
1.87585
1.95825
2.04065
2.04645
2.07425
2.14505
2.182825
2.2418
2.248975
2.345525
2.403
2.48995
2.578125
2.628075
2.744475
2.804725
2.893875
2.97205
3.009
3.132675
3.2101
3.28475
3.3465
3.3655
3.4146
3.474525
3.495675
3.51365
3.77235
3.79185
3.815175
3.815975
4.09095
4.12
4.2479
4.274375
4.28475
4.333725
4.37775
4.495975
4.52705
4.736075
4.8789
4.966975
5.0939
5.23875
5.351725
5.421675
5.465175
5.59665
5.63755
5.878
6.10145
6.18445
6.2435
6.257975
6.4146
6.603425
6.765875
6.805425
6.96985
7.162
7.174675
7.225425
7.651925
7.674975
7.820125
7.82235
8.09345
8.304575
8.5724
8.821175
8.929825
9.04285
9.06765
9.230675
9.331775
9.425475
9.502975
9.5304
9.685225
9.7341
9.795675
9.797175
9.8897
9.947375
155
