0.25555
0.277375
0.345375
0.367575
0.457775
0.4674
0.478
0.4941
0.497675
0.523175
0.526125
0.533175
0.53745
0.539375
0.543725
0.548925
0.55605
0.5578
0.5614
0.571975
0.58805
0.599375
0.60975
0.6338
0.63985
0.649
0.65275
0.653575
0.654075
0.6544
0.672375
0.67645
0.691925
0.6967
0.709225
0.71435
0.72475
0.73915
0.770375
0.780625
0.79185
0.8202
0.825425
0.836325
0.844625
0.84465
0.849725
0.851075
0.85475
0.85855
0.90785
0.93965
0.942275
0.956075
0.95705
0.9735
1.054575
1.08825
1.15755
1.16645
1.179975
1.19245
1.22295
1.25495
1.2613
1.2843
1.363075
1.375425
1.41255
1.5655
1.71975
1.730275
1.73855
1.7494
1.778575
1.905925
2.03855
2.093425
2.094425
2.18025
2.24065
2.264875
2.38675
2.397475
2.4367
2.43795
2.516575
2.543125
2.555
2.5716
2.57795
2.579325
2.591375
2.60395
2.6281
2.65075
2.68685
2.747275
2.77405
2.828775
2.90335
2.951
2.95125
2.993975
3.01785
3.022925
3.0603
3.253
3.3134
3.331075
3.431325
3.54255
3.564975
3.643125
3.661625
3.67105
3.6765
3.697625
3.70235
3.7795
3.809775
3.8174
4.0433
4.207075
4.391875
4.42705
4.4543
4.526325
4.593375
4.62155
4.7803
4.8608
4.88015
4.89925
4.902975
4.94485
4.996375
5.048675
5.17035
5.381125
5.45185
5.4547
5.4855
5.5333
5.574525
5.65045
5.722875
5.728375
5.85425
5.931075
6.032875
6.1967
6.261675
6.3284
6.818525
7.052875
7.212125
7.25725
7.29495
7.357975
7.46155
7.52305
8.1875
8.49605
8.631825
8.6444
8.865975
9.0244
9.169025
9.17945
9.237875
9.3042
9.5841
9.680025
9.9926
175
