0.03475
0.2074
0.306325
0.323725
0.37465
0.403425
0.40585
0.465725
0.485875
0.5125
0.5144
0.5219
0.5239
0.52475
0.540025
0.5449
0.5549
0.561025
0.572
0.57485
0.5752
0.5855
0.58795
0.58915
0.602
0.606875
0.61245
0.61365
0.61625
0.6244
0.63185
0.6476
0.64875
0.649075
0.649675
0.65135
0.681075
0.6817
0.726675
0.7278
0.741575
0.744625
0.74705
0.762125
0.76375
0.789875
0.796675
0.812075
0.822175
0.824425
0.82755
0.885725
0.902075
0.919775
0.937875
0.9548
0.9682
1.0116
1.012575
1.033975
1.0347
1.086325
1.160675
1.204425
1.251625
1.3491
1.3625
1.37995
1.421925
1.48585
1.5107
1.526125
1.585525
1.619475
1.655375
1.707175
1.833875
1.836525
1.86685
1.93075
2.15375
2.203275
2.205625
2.20715
2.23135
2.238825
2.255975
2.30625
2.3208
2.36455
2.37535
2.428125
2.503
2.63745
2.66005
2.662275
2.8132
2.834925
2.848625
2.887825
2.975025
3.080325
3.162475
3.193925
3.407625
3.493875
3.562225
3.596175
3.640675
3.669225
3.68305
3.68735
3.72065
3.8534
3.9769
4.09515
4.1489
4.166075
4.174475
4.21105
4.2129
4.251875
4.35205
4.4251
4.471175
4.50955
4.5357
4.5667
4.63005
4.6392
4.771
4.907175
5.1074
5.243175
5.256725
5.371925
5.494675
5.506025
5.547825
5.961825
5.9805
5.987
6.1585
6.16215
6.3007
6.3261
6.369625
6.443925
6.4714
6.6045
6.900275
7.056675
7.067175
7.3434
7.404325
7.646925
7.924825
7.92565
8.039225
8.2089
8.215825
8.331375
8.393575
8.5591
8.6978
8.834275
8.874125
8.93225
8.983325
9.030775
9.039325
9.163525
9.21275
9.240875
9.272875
9.45115
9.455625
9.5353
9.565425
9.6941
9.72785
9.933725
9.99305
183
