0.47295
0.4758
0.48705
0.4899
0.501925
0.50325
0.515025
0.523375
0.56095
0.56185
0.5816
0.58325
0.589025
0.593725
0.595625
0.60425
0.615125
0.615475
0.62735
0.631425
0.698775
0.72765
0.730825
0.757125
0.7573
0.759975
0.76935
0.774325
0.775975
0.777275
0.79375
0.813775
0.841025
0.84245
0.84965
0.861475
0.87045
0.874775
0.88115
0.8923
0.930525
0.94745
0.952975
1.007975
1.01
1.030425
1.10325
1.14405
1.15605
1.1795
1.21665
1.245475
1.2688
1.2874
1.294825
1.324875
1.328625
1.367775
1.395525
1.4171
1.443875
1.444275
1.5111
1.538525
1.54245
1.5764
1.59115
1.60575
1.611475
1.6451
1.6506
1.75265
1.7899
1.7921
1.935025
2.1053
2.108675
2.125925
2.144775
2.19785
2.30635
2.3537
2.5613
2.60065
2.661575
2.69045
2.75345
2.755825
2.756775
2.814925
2.924325
3.02295
3.158475
3.17915
3.30775
3.325775
3.53855
3.688075
3.753425
3.7612
3.927875
3.95635
3.972675
3.9832
4.076575
4.08555
4.114775
4.12195
4.2099
4.30985
4.329825
4.381125
4.628
4.7377
4.80215
4.957525
5.145175
5.2441
5.248975
5.26375
5.3554
5.4396
5.4883
5.54005
5.61485
5.6923
5.724775
6.133775
6.21055
6.246975
6.310825
6.668475
6.682
6.703375
6.704875
6.841525
6.849475
7.0467
7.398
7.619725
7.62875
7.888275
8.0327
8.238775
8.340075
8.551
8.684875
8.825575
8.83125
8.922975
9.478775
9.494825
9.63435
9.73075
9.73995
9.763875
156
