0.247125
0.410825
0.433775
0.46645
0.47705
0.49545
0.49795
0.5141
0.5395
0.551825
0.55515
0.55745
0.557825
0.56445
0.577075
0.5872
0.6088
0.641175
0.6564
0.671175
0.678575
0.70205
0.70245
0.721375
0.727525
0.73105
0.750675
0.755825
0.7771
0.780225
0.7832
0.826225
0.84105
0.85025
0.85125
0.851975
0.883975
0.896375
0.908675
0.92025
0.962725
0.9634
0.989975
1.016975
1.019125
1.0198
1.0297
1.0504
1.079775
1.112
1.211175
1.269825
1.43055
1.46295
1.46325
1.4643
1.56525
1.609475
1.727125
1.75815
1.824425
1.8294
1.918975
1.92805
1.990475
1.9965
2.051175
2.0597
2.127525
2.131925
2.212675
2.335375
2.375325
2.376525
2.493525
2.58105
2.68605
2.69965
2.7693
2.897775
3.04965
3.0789
3.0947
3.114975
3.123175
3.159775
3.22935
3.459375
3.484125
3.61255
3.658225
3.6772
3.695975
3.751725
3.759525
3.822125
3.88535
4.009475
4.158475
4.180825
4.323625
4.354975
4.3597
4.449975
4.604575
4.6087
4.66935
4.737025
4.945175
4.98975
5.024075
5.114325
5.463075
5.5055
5.524475
5.58415
5.6152
5.647
5.6656
5.839775
6.11475
6.119925
6.1942
6.388025
6.531125
6.555175
6.7771
6.805825
6.840525
7.021825
7.055475
7.091175
7.21515
7.319475
7.3572
7.36865
7.38295
7.4671
7.76415
7.845675
8.00555
8.0232
8.080225
8.0804
8.2067
8.5663
8.595075
8.83955
8.849825
8.945
8.99645
9.34995
9.5132
9.551125
9.608875
9.696275
9.79335
9.8933
158
