0.024975
0.139925
0.177175
0.4491
0.453975
0.456425
0.53475
0.545575
0.561875
0.5694
0.569425
0.577375
0.589875
0.60035
0.6016
0.6047
0.612275
0.633075
0.64585
0.662675
0.667575
0.67
0.675325
0.68005
0.682225
0.68865
0.717
0.740075
0.7614
0.7808
0.8132
0.81365
0.841175
0.880575
0.887625
0.900375
0.901075
0.907175
0.92775
0.9402
0.947725
0.972125
0.9758
1.001325
1.0399
1.1001
1.1488
1.16035
1.2153
1.2293
1.237175
1.271875
1.279375
1.279975
1.28795
1.29425
1.29615
1.298775
1.368575
1.412575
1.420075
1.497575
1.509025
1.51325
1.518425
1.521875
1.559975
1.58305
1.59325
1.64335
1.650625
1.66375
1.67845
1.734725
1.7472
1.8128
1.820725
2.018575
2.054325
2.09925
2.11
2.1127
2.14455
2.214475
2.234625
2.318325
2.465475
2.481275
2.511025
2.52165
2.545875
2.617175
2.7233
2.8323
2.851475
2.952375
2.9804
2.9885
3.066925
3.07285
3.300175
3.323275
3.370125
3.51225
3.527025
3.716125
3.74035
3.776175
3.916625
4.0338
4.094925
4.101975
4.216
4.38215
4.4566
4.7233
4.726175
4.741175
4.745725
4.788625
4.7973
4.91435
4.933775
4.949575
4.951125
4.96045
4.979825
5.2413
5.24955
5.3771
5.389625
5.4901
5.605975
5.79575
5.87625
5.932525
6.1239
6.37395
6.584025
6.6311
6.897
6.923875
7.060725
7.08585
7.2405
7.24985
7.291075
7.44685
7.741175
7.874025
7.930375
8.057
8.068075
8.3011
8.32375
8.32385
8.340925
8.389375
8.65945
8.879375
8.909375
8.9136
9.17995
9.257475
9.362625
9.393925
9.912075
167
