0.157675
0.224525
0.245625
0.44205
0.464
0.470575
0.49385
0.49545
0.504925
0.50555
0.512625
0.529025
0.54665
0.58205
0.583175
0.585025
0.59635
0.601725
0.620775
0.632875
0.65575
0.66545
0.6667
0.689625
0.7173
0.7178
0.732225
0.7326
0.73985
0.74695
0.75945
0.77175
0.78815
0.81525
0.826675
0.896175
0.90185
0.9486
1.037
1.066225
1.093425
1.107075
1.1174
1.13675
1.1719
1.241325
1.421775
1.44635
1.609825
1.631075
1.758225
1.762725
1.798075
1.798275
1.836125
2.05565
2.075
2.105125
2.130875
2.151075
2.19765
2.22245
2.2709
2.47275
2.485875
2.504025
2.530525
2.60065
2.694625
2.69675
2.70425
2.7341
2.99165
2.992725
3.068825
3.077875
3.1286
3.202075
3.279975
3.3589
3.3781
3.6516
3.834875
3.837725
3.87185
3.937825
4.0425
4.058875
4.140175
4.23335
4.235475
4.2865
4.342025
4.4656
4.536075
4.53765
4.552375
4.61225
4.627225
4.633025
4.805175
4.8056
4.949475
4.9696
5.0703
5.108325
5.183275
5.202625
5.222875
5.22675
5.30695
5.39775
5.6125
5.7247
5.9285
6.0653
6.25265
6.28765
6.34375
6.643425
6.78655
6.80145
6.831925
6.90715
6.9552
7.20805
7.4385
7.79495
7.94375
8.06945
8.17775
8.213525
8.31325
8.4423
8.5544
8.578125
8.68225
8.753125
8.8071
8.978575
9.056075
9.09015
9.34205
9.553575
9.5977
9.718025
9.7919
9.8279
148
