0.176375
0.2384
0.438025
0.487975
0.525025
0.533075
0.53885
0.54775
0.556375
0.557775
0.566375
0.56825
0.5761
0.581625
0.59005
0.603775
0.604675
0.607925
0.6671
0.69445
0.7
0.711025
0.7189
0.722875
0.73275
0.748625
0.77375
0.778525
0.78645
0.794475
0.7993
0.822775
0.856
0.857575
0.891975
0.928625
0.988725
0.99225
1.055275
1.081275
1.0935
1.111425
1.15915
1.224875
1.28965
1.35645
1.374925
1.38435
1.444075
1.47265
1.5336
1.541
1.592825
1.644825
1.787075
1.809975
1.966275
1.9759
2.07035
2.1031
2.105
2.13475
2.1811
2.192625
2.2923
2.307325
2.32095
2.329025
2.56195
2.5728
2.612725
2.62505
2.6598
2.707575
2.758775
2.781425
2.906775
2.97955
3.100425
3.10635
3.204775
3.23465
3.254875
3.32175
3.34625
3.374075
3.51375
3.696475
3.700625
3.75765
3.82725
3.85945
3.8794
3.964375
3.982075
4.027125
4.06245
4.092025
4.12755
4.1612
4.2028
4.307525
4.33675
4.434575
4.445225
4.468925
4.57575
4.5763
4.6525
4.7426
4.772
4.78875
4.81075
4.940225
5.07055
5.083525
5.10155
5.223525
5.25965
5.313125
5.355325
5.51625
5.51645
5.8396
5.906625
5.98335
6.023625
6.35015
6.37475
6.46735
6.609825
6.653925
6.665775
6.883675
6.902775
6.9619
6.976875
7.006775
7.038025
7.0513
7.29115
7.36365
7.399375
7.459475
7.476725
7.7186
7.98535
8.04445
8.267325
8.6986
8.80375
8.9583
9.3107
9.534375
9.909625
155
