0.083625
0.135
0.215075
0.226325
0.280875
0.422275
0.437275
0.43915
0.49465
0.497625
0.50145
0.50385
0.5092
0.510325
0.521475
0.525775
0.531375
0.531625
0.5376
0.541275
0.5577
0.557825
0.5786
0.57945
0.584225
0.592525
0.610275
0.629075
0.66255
0.665325
0.668225
0.672875
0.684275
0.6859
0.704775
0.709425
0.714025
0.71725
0.722175
0.72375
0.728025
0.743525
0.7439
0.756625
0.81525
0.82515
0.83325
0.834975
0.844675
0.8585
0.870125
0.873625
0.8959
0.89715
0.9009
0.925475
0.944175
1.068875
1.0774
1.1272
1.1444
1.1615
1.180925
1.18305
1.253675
1.2725
1.285625
1.29865
1.336
1.34155
1.369325
1.373825
1.37785
1.400625
1.419525
1.4446
1.478225
1.52265
1.70675
1.745725
1.845525
1.859175
1.883225
1.9607
1.9991
2.006275
2.042825
2.125225
2.155425
2.1871
2.236575
2.259375
2.288975
2.298925
2.364775
2.3874
2.4016
2.416525
2.566525
2.6051
2.646375
2.722975
2.741925
2.752575
2.815725
2.89135
2.954275
3.0066
3.205675
3.2111
3.2115
3.21205
3.26915
3.304825
3.381375
3.3914
3.428775
3.501875
3.537175
3.5628
3.598075
3.614575
3.669725
3.746475
3.752
3.77735
3.92135
3.96235
4.129975
4.195625
4.221325
4.298275
4.31305
4.411625
4.517275
4.59425
4.80445
4.8811
4.8933
4.969975
5.054125
5.09405
5.4049
5.41575
5.677225
5.685
5.91095
5.960275
6.559325
6.574625
6.60055
6.756125
6.8145
6.815625
6.889275
6.9233
6.93355
6.981775
7.356425
7.456675
7.48585
7.49735
7.654375
7.860875
7.973725
8.032875
8.1973
8.43745
8.60485
8.786675
9.007
9.080275
9.24715
9.24775
9.297875
9.347025
9.4931
9.527175
9.669275
9.953875
180
