0.075125
0.21385
0.216725
0.482025
0.5035
0.514975
0.52205
0.5281
0.53205
0.537
0.5381
0.548525
0.5568
0.576075
0.578725
0.5923
0.5964
0.598175
0.603525
0.613725
0.62015
0.62785
0.666525
0.681
0.6915
0.6931
0.69765
0.716825
0.7285
0.733275
0.782225
0.799775
0.799875
0.815475
0.816425
0.817275
0.83795
0.879175
0.89235
0.9323
0.97525
1.030275
1.035625
1.03955
1.07285
1.097325
1.140325
1.14535
1.15335
1.181125
1.189375
1.221275
1.247825
1.320525
1.3852
1.4506
1.479825
1.493175
1.498525
1.508375
1.5381
1.562925
1.702
1.739025
1.7415
1.742925
1.759475
1.77035
1.806275
1.8085
1.8341
1.9158
1.9437
1.946775
1.96305
2.025475
2.092375
2.173175
2.46235
2.53635
2.56555
2.710575
2.729625
2.971375
2.987775
3.0584
3.14305
3.2425
3.283575
3.295925
3.377125
3.449525
3.4734
3.51415
3.623075
3.7859
3.913775
3.927125
4.07895
4.142125
4.5291
4.55125
4.570375
4.63715
4.8754
5.055725
5.114375
5.196025
5.197175
5.274775
5.39665
5.40685
5.4441
5.462975
5.5032
5.5957
5.632625
5.8478
5.850625
6.2217
6.23245
6.249225
6.373325
6.3786
6.48475
6.544425
6.635375
6.787025
7.00895
7.0417
7.183475
7.326525
7.3908
7.748025
7.838425
7.90115
8.079975
8.502375
8.5949
8.9192
9.010475
9.066775
9.13205
9.444175
9.507875
9.683325
146
