0.0068
0.120275
0.466825
0.474625
0.502425
0.5136
0.522425
0.53225
0.540575
0.540825
0.54435
0.5528
0.56185
0.566175
0.5664
0.592475
0.5979
0.60215
0.60435
0.608775
0.61535
0.6157
0.62735
0.636375
0.657275
0.680025
0.691475
0.70615
0.714375
0.724725
0.7274
0.7405
0.7493
0.7536
0.755725
0.757775
0.7662
0.81985
0.8326
0.83305
0.873025
0.8822
0.911325
0.962225
1.038425
1.12325
1.123875
1.135975
1.14905
1.159175
1.202875
1.2464
1.2608
1.266
1.29885
1.403625
1.410475
1.4303
1.4463
1.482625
1.499125
1.5046
1.5709
1.58195
1.584375
1.64315
1.662875
1.6885
1.75225
1.7688
1.84805
1.87315
1.91485
1.92885
2.0287
2.1217
2.204625
2.297475
2.33125
2.37485
2.40565
2.435175
2.452425
2.566625
2.739425
2.7484
2.77155
2.78605
2.7945
2.798075
2.835325
2.9059
2.92275
3.009
3.1353
3.1401
3.195175
3.269225
3.28335
3.324975
3.391075
3.474
3.726725
3.822275
3.86015
4.035125
4.0617
4.233475
4.247175
4.28835
4.321475
4.4061
4.43625
4.49635
4.527225
4.5306
4.632975
4.7171
4.71835
4.8444
4.980525
5.112825
5.143025
5.46535
5.551975
5.63575
5.782225
5.86915
5.943175
6.055825
6.086075
6.118575
6.204975
6.24725
6.421625
6.567275
6.886425
7.1025
7.13545
7.226525
7.230075
7.26915
7.41285
7.47305
7.48545
7.670525
7.683625
7.69385
7.748125
7.7642
8.00475
8.014425
8.47195
8.681525
8.751325
8.81165
9.01915
9.113
9.2944
9.48335
9.54045
9.7031
9.716425
9.768075
9.806875
9.9257
166
