0.102475
0.104925
0.1312
0.152725
0.23635
0.28385
0.420725
0.441275
0.491325
0.493175
0.501125
0.5091
0.510125
0.563725
0.57455
0.575575
0.595875
0.6099
0.6177
0.620725
0.646075
0.646375
0.652325
0.65465
0.65615
0.656875
0.6722
0.672425
0.7424
0.76885
0.784175
0.785075
0.807225
0.80965
0.8107
0.86585
0.902375
0.93275
0.93865
0.9472
1.0051
1.0057
1.007425
1.026625
1.0341
1.047125
1.1141
1.11565
1.119075
1.1266
1.1281
1.1629
1.164775
1.191725
1.21615
1.245525
1.25665
1.29725
1.3259
1.34465
1.367075
1.423625
1.444025
1.453875
1.45805
1.468425
1.469975
1.473775
1.48085
1.490075
1.49395
1.5138
1.5448
1.553425
1.593825
1.607625
1.612275
1.655775
1.658025
1.707475
1.748925
1.799325
1.872325
1.930625
1.946375
1.979275
2.019075
2.055025
2.06925
2.163125
2.166975
2.1686
2.2077
2.233
2.31855
2.3879
2.482775
2.635125
2.719225
2.89655
2.982725
2.9837
2.9943
3.036425
3.202925
3.218775
3.273225
3.4774
3.586925
3.6993
3.70655
3.707825
3.74565
3.77515
3.836775
3.944025
4.0514
4.10665
4.459525
4.51165
4.587125
4.673175
4.7083
4.79265
4.8285
4.891425
4.913525
4.98625
5.021125
5.065225
5.104575
5.191875
5.21235
5.2369
5.2813
5.369325
5.45415
5.591325
5.83015
5.97515
5.978225
6.17255
6.2801
6.439975
6.444225
6.492475
6.546125
6.577225
6.624925
6.629275
6.732675
6.828775
6.8618
7.0525
7.34305
7.4054
7.46135
7.496425
7.496575
7.6427
8.06835
8.1136
8.242125
8.297325
8.329375
8.348575
8.4453
8.5742
8.62325
8.6433
8.72285
8.91515
8.9322
8.932475
8.986325
9.041175
9.041925
9.129425
9.18645
9.280725
9.30185
9.3123
9.32455
9.37755
9.5814
9.6117
9.9269
9.9536
188
