0.0107
0.069025
0.370775
0.443225
0.470525
0.472525
0.489675
0.494075
0.501375
0.510375
0.511375
0.52405
0.525875
0.549825
0.559925
0.579125
0.580025
0.5861
0.6049
0.62595
0.686925
0.6993
0.711375
0.717825
0.72625
0.73015
0.759925
0.766875
0.852925
0.859525
0.88205
0.939275
0.9452
0.947725
0.976
1.016375
1.0222
1.055725
1.071875
1.073975
1.08755
1.101625
1.107875
1.125075
1.13315
1.136175
1.1595
1.171
1.182
1.18695
1.207025
1.2586
1.2736
1.32345
1.38975
1.408775
1.47875
1.6072
1.6112
1.679675
1.72975
1.7419
1.7477
1.788075
1.833325
1.83675
1.890775
1.907975
1.922125
1.944325
2.01035
2.059775
2.097725
2.2265
2.2462
2.27725
2.44545
2.467775
2.479175
2.5323
2.593525
2.61135
2.667925
2.7038
2.72565
2.77845
2.87675
2.93095
3.008625
3.03575
3.083425
3.2345
3.288975
3.346625
3.45225
3.500325
3.589325
3.61725
3.628975
3.7215
3.828175
3.8453
4.300925
4.33315
4.497575
4.61325
4.62015
4.757975
4.7652
4.774675
4.8231
4.91765
5.0117
5.028675
5.05715
5.064675
5.168675
5.36295
5.40965
5.523925
5.535125
5.5762
5.64825
5.899375
5.9273
6.010875
6.0362
6.14755
6.40015
6.697425
6.7162
6.818025
6.918675
7.054925
7.56895
7.585575
7.612425
7.8323
7.980125
7.99105
8.0138
8.034425
8.164025
8.28235
8.340425
8.488075
8.527875
8.547375
8.6317
9.104
9.212875
9.240975
9.37175
9.484075
9.542875
9.712425
9.820425
157
