0.05635
0.41225
0.432275
0.47625
0.480325
0.48875
0.497625
0.4979
0.50405
0.51105
0.5164
0.531825
0.560975
0.566925
0.5751
0.5892
0.593375
0.596075
0.60735
0.6111
0.623175
0.637725
0.67285
0.682525
0.6882
0.693975
0.709525
0.726375
0.7364
0.741475
0.77855
0.800925
0.813825
0.8431
0.8432
0.8745
0.925025
0.94255
0.9435
0.950375
0.9581
0.9711
1.001575
1.005075
1.01845
1.03855
1.043675
1.07505
1.08865
1.12205
1.1876
1.216225
1.249275
1.2626
1.3074
1.309875
1.31475
1.3401
1.3769
1.388825
1.4477
1.453425
1.567725
1.59585
1.6758
1.759825
1.775325
1.837325
1.86135
1.8837
1.88865
1.9623
2.0454
2.05585
2.0567
2.0633
2.100975
2.1945
2.205
2.2574
2.267775
2.367075
2.3965
2.397275
2.551775
2.621625
2.62305
2.675725
2.689725
2.69025
2.713525
2.8162
2.81995
2.825525
2.84165
2.93645
2.9474
3.0636
3.125025
3.167
3.280725
3.34945
3.37165
3.3799
3.402625
3.4177
3.469875
3.584875
3.595225
3.82685
3.8972
3.904125
3.92545
3.95245
4.011575
4.131325
4.1679
4.33105
4.4285
4.575275
4.58385
4.610325
4.708275
4.721425
4.8028
4.8601
4.881275
4.9146
4.92845
4.9601
5.047375
5.179475
5.41795
5.42895
5.447875
5.638575
5.713
5.76165
5.88295
5.9632
6.025725
6.0532
6.08935
6.35015
6.367175
6.43495
6.437725
6.551675
6.693825
6.98795
7.048625
7.057975
7.17735
7.500925
7.941475
8.049925
8.109125
8.2062
8.514
8.548525
8.6631
8.758125
8.89025
8.902
8.9393
8.9645
9.013025
9.0264
9.3022
9.478725
9.499925
9.535025
9.61955
9.6547
9.9015
9.94905
176
