0.058975
0.070575
0.1339
0.1936
0.45015
0.45335
0.497225
0.497475
0.49885
0.505525
0.514975
0.52495
0.580175
0.605975
0.62355
0.624425
0.660225
0.66065
0.6692
0.67355
0.68395
0.7067
0.7138
0.716025
0.732925
0.75545
0.760525
0.7983
0.810725
0.82395
0.83405
0.856825
0.8578
0.914925
0.917025
0.9257
0.942725
0.958575
0.97625
1.016275
1.034575
1.0568
1.11295
1.131625
1.136675
1.163275
1.178175
1.1939
1.260675
1.331875
1.431025
1.6417
1.6636
1.7119
1.74275
1.793275
1.80595
1.849325
1.8993
1.90755
2.02655
2.0699
2.1168
2.12705
2.1489
2.1882
2.2254
2.250425
2.348375
2.3488
2.3854
2.39465
2.473025
2.5016
2.505425
2.531825
2.678775
2.688475
2.713175
2.743625
2.751875
2.878025
3.0353
3.15605
3.169425
3.270325
3.48475
3.50515
3.5376
3.55685
3.632875
3.874025
3.877375
3.9048
4.0243
4.067475
4.1122
4.14665
4.25415
4.34925
4.35605
4.5147
4.54885
4.614075
4.854625
4.8575
4.99785
5.0208
5.06055
5.3674
5.45865
5.4884
5.74545
5.7534
5.859325
6.02285
6.116675
6.2727
6.3499
6.641725
6.739725
7.15055
7.26595
7.319975
7.367575
7.595575
7.686825
7.711575
7.77605
7.980425
8.041325
8.08605
8.42115
8.603275
8.646775
8.806975
8.9769
9.173225
9.2483
9.26845
9.291425
9.53165
9.62055
9.6674
9.6748
9.6943
9.868825
9.874025
9.966425
149
