0.128625
0.180775
0.266425
0.3045
0.32095
0.331325
0.33375
0.440675
0.471125
0.4755
0.4829
0.5
0.51685
0.5216
0.5342
0.562325
0.5945
0.6003
0.601725
0.6036
0.643325
0.64835
0.6558
0.682875
0.711075
0.7238
0.728325
0.72845
0.770475
0.79005
0.798425
0.80025
0.806875
0.861425
0.8638
0.8809
0.886325
0.89645
0.8971
0.907825
0.957975
0.978825
0.9817
1.00205
1.010675
1.013875
1.0381
1.044025
1.0548
1.112775
1.129975
1.235
1.2417
1.35565
1.426375
1.431475
1.479
1.521525
1.578625
1.6784
1.700725
1.724175
1.83865
1.949175
1.98755
2.006725
2.065525
2.0973
2.1512
2.16315
2.272025
2.285025
2.3423
2.393775
2.411425
2.4216
2.4219
2.59695
2.616525
2.657
2.68025
2.7681
2.8402
2.927675
2.929875
3.073125
3.09915
3.1142
3.141675
3.220775
3.232025
3.33855
3.407425
3.481
3.604975
3.648275
3.683675
4.009525
4.22595
4.260325
4.28345
4.3001
4.30175
4.388825
4.733225
4.760875
4.7666
4.783975
4.8268
4.858225
4.882925
4.89225
5.1504
5.219175
5.259375
5.2816
5.463
5.787875
5.834225
5.84715
5.86695
6.072925
6.17875
6.1789
6.247775
6.25575
6.396675
6.52795
6.601075
6.762025
6.8236
6.860925
6.96415
7.1599
7.653175
7.9383
8.00155
8.064925
8.1574
8.2191
8.342075
8.5214
8.557925
8.622075
8.672675
8.755275
8.79565
9.00085
9.15775
9.269425
9.441125
9.499575
9.63045
9.844225
9.982
155
