0.0361
0.1885
0.291475
0.393075
0.414725
0.435475
0.49165
0.5068
0.507225
0.5087
0.509125
0.515525
0.524225
0.5336
0.53715
0.553225
0.55825
0.583175
0.585375
0.613275
0.631475
0.650625
0.6834
0.684625
0.6943
0.726775
0.72885
0.7433
0.749375
0.8104
0.839725
0.86
0.86765
0.887125
0.89175
0.94025
0.9512
0.97415
1.004825
1.019275
1.02515
1.044725
1.06895
1.084175
1.0999
1.1173
1.141975
1.1938
1.212475
1.253725
1.27795
1.304725
1.310025
1.407175
1.477725
1.514125
1.682925
1.6866
1.749775
1.81635
1.823475
1.865375
1.98815
2.07785
2.142375
2.142975
2.184575
2.244475
2.280775
2.309125
2.3276
2.34185
2.412875
2.500425
2.5019
2.549725
2.558975
2.6032
2.626975
2.642125
2.666425
2.715775
2.763725
2.86235
2.93185
2.94625
3.079075
3.08815
3.1314
3.1827
3.282075
3.418225
3.453975
3.524275
3.560025
3.56275
3.612525
3.626575
3.716725
3.7183
3.772075
3.777425
3.891525
3.935525
4.114725
4.1182
4.14535
4.216125
4.384925
4.503975
4.719125
4.749175
4.76345
4.77405
4.78015
4.7976
4.939775
5.2311
5.303
5.371025
5.399025
5.593675
5.626575
5.7101
5.766275
5.7777
5.901675
6.135075
6.229925
6.390325
6.45825
6.465225
6.49085
6.511875
6.5256
6.594975
6.5982
6.849875
6.974475
7.028825
7.107975
7.227225
7.24465
7.5502
7.5611
7.6132
7.735575
7.9893
8.2268
8.390275
8.428825
8.62615
9.08155
9.169675
9.23795
9.33815
9.809225
9.817675
9.911775
159
