0.05825
0.11915
0.390475
0.43
0.4519
0.453575
0.467175
0.489775
0.4971
0.5111
0.512075
0.5314
0.5589
0.560125
0.566025
0.566975
0.572725
0.58005
0.589875
0.592375
0.59745
0.622925
0.631725
0.6384
0.652675
0.65805
0.6598
0.678525
0.695575
0.69635
0.720575
0.72785
0.73415
0.764275
0.77315
0.7777
0.779075
0.795
0.7977
0.79835
0.804175
0.8224
0.83415
0.858575
0.875075
0.8902
0.89395
0.9105
0.956925
0.959525
1.0043
1.022525
1.10955
1.150725
1.154375
1.18405
1.18505
1.208125
1.2261
1.243125
1.256975
1.290375
1.32585
1.3324
1.344675
1.36805
1.41485
1.4296
1.455175
1.4589
1.488475
1.56555
1.575625
1.628325
1.6298
1.683225
1.76525
1.815525
1.890175
1.89525
1.959275
2.07385
2.095325
2.098
2.116825
2.117075
2.16105
2.187925
2.27195
2.2956
2.325575
2.38405
2.38995
2.4649
2.47805
2.50365
2.535725
2.5796
2.64825
2.650725
2.684425
2.750225
2.7528
2.78215
2.814575
2.8761
2.9092
3.052275
3.0736
3.16855
3.1832
3.29735
3.37485
3.50885
3.564975
3.574
3.68985
3.6992
3.77845
3.792025
3.821925
3.91075
3.9113
3.992125
4.00275
4.0242
4.048875
4.107975
4.2046
4.28735
4.292725
4.3566
4.390975
4.437075
4.49155
4.507
4.812875
4.912675
4.969575
5.20675
5.2589
5.409225
5.41545
5.440225
5.52495
5.714
5.88605
5.8903
6.22025
6.259875
6.470175
6.6055
6.782075
6.81725
6.890175
6.899525
6.911475
6.92295
6.94485
7.41695
7.4612
7.583925
7.6204
7.745625
7.8538
7.87925
8.00115
8.02015
8.043725
8.150975
8.174475
8.1938
8.223625
8.223925
8.4084
8.4916
8.634225
8.8786
8.953625
8.99685
9.0696
9.12565
9.1978
9.3477
9.94345
9.990025
186
