0.0683
0.104425
0.139325
0.159425
0.46455
0.4781
0.481175
0.484525
0.49335
0.4967
0.5016
0.5051
0.50615
0.506525
0.5321
0.54025
0.55235
0.5558
0.5737
0.58225
0.58505
0.6121
0.631525
0.63175
0.6333
0.6427
0.647075
0.64715
0.6557
0.705875
0.729525
0.74695
0.755575
0.782525
0.820175
0.83275
0.88965
0.89475
0.899175
0.902425
0.92785
0.98195
0.98605
0.98915
0.9961
1.027775
1.06555
1.1428
1.162125
1.1787
1.20955
1.2429
1.28535
1.3116
1.32865
1.335375
1.3359
1.358225
1.385125
1.38525
1.412225
1.459925
1.46205
1.496075
1.54305
1.550125
1.645725
1.7543
1.875075
1.892375
2.0139
2.0189
2.10395
2.118675
2.174975
2.230925
2.347225
2.422675
2.6118
2.6591
2.66485
2.7886
2.892325
2.9924
3.0029
3.003425
3.03485
3.070675
3.18195
3.384175
3.3872
3.402325
3.4095
3.45345
3.463
3.531575
3.6529
3.823325
3.87925
4.0488
4.154675
4.214575
4.34675
4.37815
4.390675
4.446675
4.643525
4.757175
4.915975
4.93295
4.96425
5.085475
5.09185
5.11615
5.357375
5.737925
5.749575
5.75965
5.773975
5.8566
5.8765
5.93485
6.192175
6.31675
6.395
6.427425
6.448325
6.610075
6.798325
7.131925
7.256675
7.266725
7.27565
7.419225
7.4226
7.4795
7.64365
7.690225
7.6921
7.9975
8.097775
8.1971
8.25385
8.29635
8.39015
8.5324
8.8532
8.8756
8.925625
8.985675
9.014
9.106625
9.168625
9.180825
9.397875
9.489925
9.7691
9.835825
9.86165
9.913425
9.988625
161
