0.0559
0.430925
0.440575
0.44855
0.47335
0.494975
0.49825
0.4988
0.506275
0.50685
0.508425
0.51345
0.519125
0.5252
0.53765
0.538325
0.5496
0.57025
0.57085
0.576375
0.5817
0.59315
0.5962
0.599
0.6001
0.615175
0.640425
0.650925
0.652675
0.65325
0.662525
0.669175
0.679425
0.6891
0.695775
0.702475
0.725725
0.757725
0.80525
0.807125
0.8329
0.839875
0.8583
0.89635
0.902275
0.919375
0.922175
0.93
0.93175
0.95545
0.985325
1.01655
1.07865
1.1048
1.159775
1.194125
1.20285
1.21685
1.263225
1.333925
1.334725
1.35155
1.35485
1.4124
1.461025
1.4867
1.5178
1.525975
1.533475
1.551025
1.5662
1.6514
1.75705
1.806825
1.819075
1.8681
1.965875
1.97115
2.005075
2.1244
2.185475
2.335175
2.369675
2.372325
2.51975
2.666625
2.8385
3.0529
3.159525
3.163525
3.426175
3.652675
3.821225
4.014175
4.0568
4.139425
4.16415
4.21355
4.336025
4.3531
4.383625
4.453575
4.652625
4.67145
4.688525
4.7226
4.749975
4.753875
4.76455
4.9967
5.106725
5.184425
5.1934
5.2283
5.306025
5.43875
5.46655
5.5056
5.517725
5.624775
5.6425
5.6929
5.787075
5.806875
5.8328
6.290375
6.34445
6.44415
6.501075
6.621875
6.674725
7.120925
7.19575
7.33595
7.4496
7.633675
7.64225
7.7062
7.7282
7.734075
7.816675
7.95205
8.054775
8.2772
8.2804
8.30705
8.37455
8.48725
8.658175
8.696625
8.7779
8.84595
9.170075
9.286325
9.41305
9.4338
9.913225
9.985875
158
