0.212
0.434525
0.4675
0.468425
0.470875
0.477075
0.4784
0.484175
0.490675
0.50235
0.525925
0.5311
0.56555
0.56875
0.570325
0.57555
0.581625
0.581775
0.6026
0.6177
0.629825
0.64395
0.662275
0.665425
0.689275
0.6983
0.70325
0.75515
0.791275
0.80375
0.818825
0.82035
0.8344
0.852875
0.8799
0.908025
0.92655
0.939725
0.94595
0.95375
1.015875
1.06885
1.07195
1.0984
1.132475
1.150425
1.1568
1.15845
1.1644
1.166125
1.18145
1.182025
1.190725
1.19515
1.204625
1.2064
1.21125
1.245975
1.29915
1.305575
1.330275
1.34355
1.3436
1.425975
1.45255
1.53975
1.550325
1.560275
1.622625
1.62885
1.6324
1.637475
1.7464
1.8469
1.979575
2.052875
2.054775
2.0562
2.078275
2.11745
2.123975
2.228
2.253275
2.367025
2.375625
2.40835
2.480525
2.556825
2.630725
2.66485
2.70095
2.711925
2.713
2.7509
2.893275
3.143775
3.167
3.2659
3.2869
3.31855
3.3256
3.442825
3.498575
3.59415
3.65355
3.653725
3.6622
3.692125
3.812475
3.9624
3.99625
4.020725
4.034
4.0469
4.077625
4.112825
4.2093
4.350375
4.399725
4.595525
4.647025
4.6741
4.67835
5.0442
5.115575
5.31285
5.3571
5.4488
5.448925
5.473975
5.7669
5.970875
6.4888
6.844325
6.92035
6.926075
6.935425
6.941025
6.945175
7.0592
7.1127
7.37905
7.5155
7.652725
7.916075
8.0151
8.0174
8.03965
8.0477
8.11095
8.39105
8.49005
8.521475
8.532325
8.541675
8.60345
8.620475
8.716
9.097475
9.40775
9.53385
9.56115
9.72485
9.850175
164
