0.001075
0.031475
0.311225
0.329975
0.405775
0.4281
0.44105
0.444475
0.4694
0.485475
0.495725
0.51005
0.512775
0.5151
0.533775
0.53625
0.56575
0.56685
0.571275
0.57225
0.574625
0.5777
0.596125
0.62445
0.62535
0.626875
0.633425
0.680325
0.681075
0.68255
0.692825
0.7036
0.706225
0.71205
0.7198
0.733425
0.735325
0.7357
0.7375
0.743
0.74475
0.759975
0.809975
0.832125
0.85265
0.898025
0.91535
0.9616
0.9632
0.966375
0.972625
0.99545
1.00645
1.066025
1.098525
1.115075
1.141325
1.1617
1.17345
1.24395
1.2748
1.282425
1.307425
1.323325
1.3265
1.327175
1.328625
1.34925
1.350225
1.474725
1.550275
1.55885
1.62705
1.63025
1.6498
1.6619
1.694875
1.695875
1.73415
1.747825
1.786075
1.8138
1.87505
1.97605
2.22315
2.289125
2.3022
2.339075
2.3661
2.420275
2.45705
2.645475
2.72705
2.7583
2.78105
2.8027
2.8536
2.8659
2.901775
3.00145
3.01215
3.1626
3.2172
3.3105
3.316125
3.32385
3.445775
3.532925
3.539125
3.7016
3.83685
4.122075
4.337675
4.3474
4.372275
4.5185
4.5419
4.61515
4.688
4.824625
4.99205
5.011175
5.19845
5.416925
5.683075
5.74075
5.766125
5.8909
6.018875
6.19085
6.2823
6.302425
6.31495
6.317
6.471425
6.5111
6.620475
6.65995
6.6991
6.792525
6.827975
6.926175
6.939475
7.04235
7.071525
7.15565
7.232575
7.383525
7.623725
7.6461
7.97005
8.08035
8.112725
8.51035
8.5814
8.770575
8.8709
8.905025
8.961375
9.124025
9.375325
9.524575
9.627025
9.675325
9.694575
9.7185
166
