0.209125
0.22025
0.29925
0.426625
0.451375
0.4621
0.4683
0.47545
0.485575
0.49695
0.5005
0.5016
0.5186
0.52975
0.546825
0.550675
0.5574
0.567125
0.57845
0.5865
0.596125
0.61675
0.642175
0.6631
0.6641
0.681875
0.691475
0.691875
0.748975
0.772675
0.785725
0.787
0.813225
0.863875
0.868325
0.944375
0.957925
0.96975
1.015
1.024425
1.064825
1.09585
1.14395
1.252575
1.29275
1.300825
1.3139
1.314625
1.32275
1.37175
1.37445
1.37505
1.375875
1.38025
1.4024
1.423375
1.439575
1.475275
1.47695
1.48195
1.5523
1.576125
1.5838
1.815
1.860625
1.915625
1.918425
1.95075
1.95235
1.9599
2.014675
2.028425
2.038875
2.0765
2.089275
2.186825
2.23335
2.240225
2.28935
2.316975
2.320975
2.48755
2.499875
2.54775
2.57655
2.604975
2.62425
2.7753
2.82275
2.83825
2.897725
2.91475
2.92675
3.008425
3.0177
3.0294
3.0942
3.118425
3.124925
3.259875
3.320975
3.418925
3.44405
3.752775
3.7844
3.83075
3.891875
3.920875
3.960775
4.1118
4.206025
4.2099
4.3285
4.336075
4.43435
4.49715
4.5294
4.566025
4.612275
4.631625
4.79085
4.886675
4.888125
4.890025
4.896425
4.94665
5.002475
5.10025
5.126275
5.26295
5.28255
5.508275
5.583225
5.743925
5.7618
5.878425
5.901225
6.01025
6.042625
6.145975
6.267525
6.491525
6.5074
6.54445
6.73725
6.791775
6.8963
6.923225
6.954775
6.99045
7.001225
7.09845
7.264775
7.4454
7.6168
7.657075
7.747625
8.02415
8.0348
8.06645
8.3455
8.37835
8.418825
8.464075
9.02165
9.066825
9.133175
9.374775
9.588825
9.724725
9.7352
9.998625
172
