0.37885
0.4213
0.444975
0.48025
0.507125
0.532925
0.53365
0.536325
0.543425
0.552875
0.5529
0.55985
0.566825
0.56975
0.5735
0.575125
0.5783
0.588
0.5908
0.596625
0.60315
0.6116
0.618525
0.619825
0.626975
0.6279
0.647325
0.653
0.658025
0.663425
0.6895
0.728375
0.74325
0.77415
0.7772
0.779175
0.781325
0.796875
0.799125
0.8022
0.82485
0.860525
0.8712
0.889975
0.89985
0.927525
0.9407
0.944725
0.946275
0.954925
1.021025
1.026675
1.088875
1.098825
1.102825
1.10935
1.1608
1.1631
1.21845
1.221
1.222375
1.248675
1.26035
1.264025
1.321875
1.32645
1.33105
1.339825
1.345775
1.412225
1.41685
1.457975
1.472075
1.48155
1.51975
1.56875
1.5897
1.6244
1.6523
1.771
1.795375
1.85775
1.909375
1.972175
2.012975
2.1175
2.119875
2.127525
2.131025
2.140375
2.1936
2.2445
2.547725
2.63225
2.650725
2.651825
2.760175
2.7825
2.800425
2.820325
2.824975
2.8865
2.97125
3.0452
3.09285
3.12675
3.13345
3.145125
3.164
3.2652
3.273125
3.285475
3.328625
3.355825
3.36315
3.419975
3.4978
3.535
3.59265
3.6241
3.644825
3.670175
3.7177
3.776725
4.016025
4.130975
4.29475
4.31365
4.3616
4.55155
4.6505
4.7298
4.77135
4.774625
5.25335
5.36135
5.38035
5.54945
5.8115
5.81425
5.85155
5.874175
5.910675
5.990825
6.0193
6.0517
6.2071
6.2878
6.290075
6.501575
6.614175
6.6711
6.680275
6.694225
6.83065
6.844375
6.879875
7.1513
7.255725
7.258325
7.346275
7.62605
7.6906
7.77655
7.9522
8.117575
8.128225
8.237525
8.2569
8.658275
8.7682
8.79795
8.812625
8.98445
9.00525
9.011875
9.0372
9.07025
9.15885
9.3142
9.365825
9.44305
9.5805
9.610175
9.82535
9.990675
186
