0.2157
0.335775
0.39085
0.4218
0.47415
0.492425
0.496975
0.502525
0.5092
0.519025
0.556375
0.5586
0.566625
0.569475
0.5713
0.582025
0.609425
0.617025
0.619025
0.651925
0.660375
0.6651
0.66715
0.687825
0.697775
0.71035
0.713575
0.715
0.715075
0.74025
0.7404
0.77595
0.789975
0.80205
0.8422
0.8593
0.8667
0.8782
0.911875
0.927525
0.971325
0.9772
1.04595
1.0524
1.0654
1.139325
1.261875
1.2836
1.287
1.324225
1.33585
1.338325
1.35725
1.395875
1.407275
1.418
1.418225
1.426425
1.428525
1.444475
1.4497
1.479075
1.5335
1.538425
1.6667
1.760475
1.8213
1.85255
1.89845
1.996775
2.020975
2.021275
2.030575
2.0614
2.136425
2.15105
2.176525
2.177025
2.233875
2.26815
2.299925
2.379
2.473575
2.511675
2.61775
2.62505
2.626475
2.639525
2.7146
2.7416
2.81465
2.833575
2.85325
3.036625
3.251975
3.294725
3.366175
3.38045
3.455775
3.569575
3.635375
3.6477
3.660225
3.690475
3.743775
3.792275
3.903825
4.103175
4.595325
4.611075
4.664925
4.722
4.814075
4.907175
4.918625
4.970575
5.2254
5.255475
5.273325
5.364075
5.373175
5.436675
5.4546
5.489675
5.510725
5.536175
5.642375
5.78585
5.945525
5.988925
6.237325
6.507425
6.511975
6.5265
6.62675
6.63845
6.77035
6.78315
6.859275
6.919375
6.9229
7.016425
7.1049
7.171425
7.23265
7.37165
7.4166
7.4821
7.64645
8.2222
8.225125
8.335325
8.357375
8.3576
8.421175
8.559725
8.618475
8.646275
8.96535
9.021825
9.144025
9.54595
9.60585
9.776775
164
