0.051175
0.30725
0.34365
0.430325
0.487375
0.5156
0.521675
0.53075
0.5418
0.547775
0.5501
0.551425
0.55165
0.5568
0.5812
0.5877
0.595975
0.613775
0.615
0.6209
0.638975
0.686475
0.724
0.730575
0.75655
0.767875
0.77435
0.77755
0.7962
0.820625
0.824625
0.84395
0.889125
0.9282
0.97015
0.97765
0.996925
1.08315
1.110125
1.14435
1.1518
1.19245
1.212675
1.2157
1.2482
1.2517
1.279925
1.284125
1.323125
1.3344
1.370675
1.4015
1.425975
1.4427
1.461775
1.53155
1.5386
1.5682
1.68265
1.70245
1.716725
1.743175
1.747175
1.763625
1.7845
1.83215
1.832675
1.848575
1.848775
1.9535
1.983075
2.00445
2.195225
2.375275
2.436675
2.445225
2.456575
2.523925
2.61615
2.654825
2.703375
2.741325
2.85095
2.86975
3.055325
3.132275
3.18405
3.229
3.28895
3.35685
3.4737
3.49075
3.56225
3.71735
3.74035
3.902475
4.10805
4.145375
4.24455
4.396375
4.458825
4.46635
4.4902
4.522625
4.758725
4.899175
4.93355
4.9549
5.06415
5.0732
5.42795
5.475125
5.6477
5.6808
5.6977
5.73215
5.847175
5.948025
5.98575
6.024925
6.03695
6.064225
6.14915
6.14995
6.17435
6.3175
6.33655
6.340125
6.421625
6.4389
6.59695
6.6522
6.68395
6.772725
6.9215
6.93895
7.5901
7.82635
7.883525
7.9416
7.94875
8.02
8.02955
8.229675
8.43525
8.53325
8.648875
8.697775
8.8616
9.0955
9.157025
9.262725
9.3379
9.502275
154
