0.0651
0.136675
0.168975
0.317925
0.3633
0.43425
0.448275
0.458275
0.46875
0.4951
0.514
0.531625
0.532725
0.565625
0.581975
0.6032
0.603275
0.622925
0.628125
0.6621
0.677225
0.695325
0.70045
0.73285
0.7337
0.787875
0.793575
0.796725
0.802375
0.8126
0.8309
0.8429
0.84585
0.86095
0.8675
0.898425
0.9025
0.903975
0.974075
0.9852
0.98595
0.9894
1.021725
1.028875
1.044625
1.05535
1.153575
1.1897
1.20505
1.20805
1.213325
1.2335
1.24305
1.3429
1.44575
1.472975
1.523075
1.703925
1.744075
1.759325
1.783175
1.8144
1.85725
1.868125
1.92675
2.018875
2.038675
2.176175
2.2388
2.24875
2.2862
2.305775
2.309025
2.3426
2.4392
2.49205
2.54175
2.542075
2.675475
2.677925
2.730425
2.7679
2.8053
2.95335
2.9806
2.993875
3.0218
3.1196
3.128975
3.17175
3.212075
3.30325
3.323525
3.47395
3.48885
3.4955
3.528775
3.5441
3.56095
3.67225
3.71925
3.82175
3.82495
3.8394
3.9125
3.949125
3.981225
4.161525
4.17015
4.186075
4.254525
4.278325
4.3069
4.32685
4.3275
4.46665
4.4706
4.681225
4.69485
4.84185
4.886325
4.9594
4.96165
4.96175
5.332975
5.36115
5.662875
5.69675
5.75
6.109325
6.293775
6.5659
6.593975
6.6822
6.8197
6.85245
6.905575
7.17085
7.456875
7.578575
7.664725
8.017625
8.01935
8.02425
8.1304
8.1537
8.601925
8.649325
9.003975
9.034775
9.16245
9.1747
9.17755
9.192825
9.228225
9.332975
9.61945
157
