0.022025
0.041475
0.4296
0.4836
0.488425
0.49675
0.4969
0.4983
0.4999
0.516325
0.517575
0.52555
0.547275
0.553575
0.565925
0.57115
0.598625
0.602225
0.6062
0.6127
0.6562
0.6664
0.6994
0.70065
0.705725
0.714575
0.71515
0.715775
0.73
0.7314
0.735875
0.749125
0.75195
0.79425
0.801225
0.80635
0.836325
0.84245
0.857825
0.85825
0.870125
0.878075
0.9239
0.943925
0.997225
1.003475
1.01245
1.039275
1.11585
1.139225
1.14975
1.238575
1.25145
1.309925
1.360275
1.39685
1.412425
1.443475
1.44485
1.45675
1.5223
1.5631
1.748025
1.7533
1.785025
1.80625
1.84845
1.8485
1.9376
1.947625
2.02585
2.0932
2.10455
2.15235
2.245475
2.326025
2.3373
2.5554
2.55575
2.58915
2.663125
2.6755
2.7062
2.724975
2.7951
2.818225
2.9149
2.9631
2.9667
3.021725
3.032525
3.037975
3.05455
3.117475
3.14335
3.59855
3.67935
3.692675
3.7614
3.872975
3.883525
4.343225
4.476675
4.492125
4.555225
4.5833
4.623575
4.748225
5.005575
5.153025
5.171825
5.235775
5.516575
6.008725
6.419225
6.800825
7.158125
7.199475
7.241175
7.26615
7.390775
7.42455
7.6375
7.6995
7.714325
7.7288
7.783525
7.804125
7.939125
8.0661
8.17375
8.501375
8.757775
8.811325
8.8612
9.28595
9.405575
9.440475
9.473475
9.5388
9.543175
9.573925
9.811425
9.925425
144
