0.0724
0.127775
0.29965
0.397375
0.414175
0.43175
0.45945
0.48155
0.4888
0.51885
0.524275
0.530125
0.544925
0.547375
0.55445
0.582825
0.61065
0.61325
0.63455
0.65805
0.66105
0.7175
0.72475
0.763125
0.79425
0.796175
0.82505
0.844925
0.915225
0.942175
0.949925
0.9667
0.974875
0.975525
1.02895
1.0745
1.17695
1.18615
1.203975
1.2148
1.241175
1.26655
1.29655
1.296975
1.319825
1.393875
1.487525
1.490825
1.534
1.5355
1.538225
1.54365
1.584775
1.596225
1.761425
1.768425
1.7723
1.794625
1.81635
1.839475
1.8967
1.93935
2.02545
2.0391
2.104325
2.154325
2.177075
2.190875
2.215325
2.21695
2.2513
2.25445
2.270525
2.29905
2.45395
2.518275
2.6779
2.711675
2.760275
2.8459
2.848725
2.854825
2.964475
3.01495
3.026125
3.0273
3.1684
3.22535
3.2317
3.265675
3.269025
3.277025
3.283475
3.30765
3.3214
3.3653
3.397675
3.398275
3.57755
3.73905
3.8736
3.949525
3.959125
3.9847
4.0005
4.07695
4.082525
4.14785
4.152475
4.3381
4.361575
4.3629
4.413675
4.531775
4.5789
4.636375
4.753175
5.360125
5.457725
5.48075
5.629725
5.693125
5.70105
5.7765
5.91765
5.98065
6.102125
6.447325
6.4877
6.5301
6.744925
6.7474
6.827475
6.866225
6.947475
6.9852
7.041225
7.041575
7.173475
7.2292
7.3998
7.5386
7.6232
7.808475
7.90245
8.0169
8.332975
8.45355
8.655875
8.77695
8.951875
9.03495
9.119575
9.190225
9.4652
9.955775
156
