0.0184
0.26285
0.481525
0.500275
0.501375
0.506625
0.510775
0.522025
0.54225
0.568925
0.57485
0.581375
0.588025
0.5979
0.6014
0.6044
0.6105
0.612575
0.654375
0.66335
0.67505
0.69255
0.707425
0.719725
0.732175
0.763375
0.795425
0.8173
0.8397
0.865825
0.885825
0.9222
0.9421
0.968175
1.0071
1.147725
1.153975
1.22165
1.2256
1.233625
1.25615
1.25645
1.3064
1.3146
1.53435
1.536825
1.557825
1.607275
1.66
1.7338
1.7734
1.934575
1.94665
1.98895
2.0341
2.0527
2.06025
2.0785
2.17015
2.1787
2.19145
2.239
2.347675
2.475925
2.486925
2.546075
2.547075
2.584425
2.63505
2.6948
2.823025
2.8611
2.87125
2.8731
2.933175
2.989375
3.00165
3.031675
3.036075
3.1857
3.22365
3.2343
3.2706
3.291375
3.2995
3.583475
3.689725
3.885925
3.9822
3.997625
4.036775
4.08795
4.18485
4.20245
4.31685
4.324025
4.342675
4.346775
4.384875
4.410525
4.623475
4.636175
4.7142
4.715
4.725675
4.787275
4.9473
5.136375
5.181375
5.18365
5.382475
5.387675
5.446475
5.493375
5.58455
5.6844
5.797825
5.857875
6.032425
6.052575
6.0737
6.08465
6.11225
6.20005
6.352925
6.3801
6.39845
6.5233
6.649125
6.65595
6.77005
7.40575
7.513625
7.5506
7.602375
7.6885
7.864575
7.879625
8.164775
8.2001
8.21165
8.278225
8.3016
8.335325
8.7418
8.812575
8.927
9.21985
9.24375
9.264025
9.542225
151
