0.23415
0.353475
0.376775
0.381725
0.447375
0.4477
0.4518
0.46695
0.50045
0.5116
0.5202
0.529225
0.5357
0.5398
0.548575
0.563
0.568625
0.5732
0.579775
0.580425
0.580475
0.582675
0.592625
0.611425
0.62255
0.664075
0.664225
0.6737
0.6777
0.684175
0.699825
0.73495
0.756975
0.776575
0.79545
0.80425
0.8111
0.815175
0.8206
0.844725
0.84745
0.868625
0.869875
0.8933
0.900675
0.913225
0.91775
0.938825
0.939875
0.95195
1.023625
1.06395
1.075225
1.07875
1.099925
1.1092
1.1125
1.1819
1.2572
1.262225
1.26535
1.270875
1.36015
1.368425
1.405025
1.446875
1.448475
1.503475
1.523025
1.63135
1.640925
1.669575
1.701275
1.757625
1.770525
1.901
2.052975
2.11395
2.21
2.231125
2.2722
2.530525
2.55745
2.566475
2.740025
2.772575
2.785625
2.99295
3.00195
3.047025
3.0645
3.07915
3.25885
3.274775
3.5036
3.5276
3.529825
3.5367
3.634775
3.808375
3.855475
3.905975
4.02035
4.083725
4.1786
4.26595
4.373625
4.462875
4.535825
4.661
4.73885
4.786675
4.7937
5.21625
5.442525
5.4943
5.525425
5.564025
5.8295
5.89685
5.93295
5.961875
5.9905
7.083025
7.242175
7.3166
7.6416
7.664125
7.67855
7.9109
8.1877
8.2913
8.343625
8.5102
8.521475
8.773375
9.17125
9.20515
9.639425
9.8995
140
