0.174125
0.193075
0.2051
0.27655
0.284725
0.33125
0.42835
0.46195
0.475025
0.4763
0.497975
0.503075
0.510975
0.51325
0.518975
0.534675
0.538425
0.544925
0.55085
0.553175
0.57865
0.5809
0.59005
0.59245
0.606825
0.60745
0.6181
0.618975
0.623
0.62335
0.6289
0.643525
0.65245
0.653075
0.6587
0.6591
0.65975
0.666525
0.673675
0.6766
0.685225
0.68615
0.73795
0.7425
0.74305
0.794225
0.81045
0.8128
0.85255
0.854425
0.88135
0.912275
0.9161
0.950675
0.9681
1.0529
1.0807
1.09945
1.10925
1.13795
1.15615
1.1922
1.20355
1.2713
1.302475
1.345375
1.35435
1.363975
1.371525
1.41875
1.4406
1.441125
1.47105
1.4923
1.6016
1.677175
1.7177
1.72455
1.73485
1.787425
1.882575
1.978875
2.12825
2.254
2.2564
2.2739
2.2748
2.286825
2.303325
2.3258
2.3876
2.5299
2.56285
2.68705
2.72885
2.745875
2.7819
2.80095
2.8039
2.84975
2.8826
2.9023
2.918375
2.947425
2.952525
2.962375
3.140875
3.14855
3.29565
3.31745
3.3396
3.350525
3.397725
3.4278
3.489725
3.528075
3.56365
3.579525
3.688625
3.695375
3.857925
3.88785
3.918325
3.9494
4.15465
4.163475
4.2072
4.210225
4.251325
4.411725
4.558725
4.689575
4.741975
4.770975
4.86285
4.93105
5.005825
5.048875
5.050075
5.1777
5.24045
5.32135
5.39925
5.43715
5.476925
5.5386
5.539225
5.638975
5.78645
5.9423
5.9801
6.11375
6.13835
6.2181
6.237775
6.23865
6.481375
6.48725
6.800475
6.840725
7.084325
7.093375
7.201575
7.30005
7.30345
7.35015
7.44215
7.7352
7.86855
7.884475
8.0092
8.30105
8.9952
9.035425
9.104575
9.11045
9.371075
9.539575
9.594925
9.640425
9.7234
9.8161
182
