0.114725
0.1534
0.3088
0.4319
0.45265
0.48395
0.51475
0.528525
0.52955
0.564475
0.568825
0.573
0.573125
0.59445
0.602425
0.603675
0.61825
0.62155
0.681275
0.7156
0.715925
0.719875
0.7473
0.76325
0.77785
0.793075
0.81335
0.8207
0.823375
0.838725
0.884875
0.899175
0.904975
0.906
0.915775
0.9492
0.97115
0.977425
0.9832
1.009625
1.01895
1.029625
1.078325
1.125625
1.129025
1.135975
1.1405
1.1856
1.206525
1.253525
1.275275
1.2853
1.3272
1.452975
1.507475
1.55615
1.567225
1.591175
1.601175
1.6103
1.6572
1.680525
1.7652
1.825225
1.9194
1.9509
2.02375
2.0586
2.14485
2.154425
2.160425
2.162725
2.2114
2.35215
2.45995
2.597675
2.6861
2.7408
2.8294
2.863625
2.86925
2.901375
2.955775
2.964375
3.00935
3.3695
3.384525
3.475625
3.5435
3.572075
3.679375
3.767175
3.818125
3.84925
3.949775
3.966375
3.99685
4.1086
4.329975
4.4008
4.4529
4.6107
4.66015
4.703975
4.722175
4.81975
4.853025
4.881075
4.892375
4.917575
5.123125
5.145475
5.219425
5.3496
5.47
5.5184
5.552975
5.74835
5.759075
5.888675
5.89945
5.99555
6.02215
6.107975
6.21745
6.2326
6.390675
6.518075
6.5252
6.627425
6.6577
6.696525
6.733425
6.8248
7.015875
7.042775
7.047675
7.269725
7.41915
7.5299
7.5311
7.7007
7.80695
7.853525
7.886725
8.237475
8.275225
8.660925
8.723025
8.82465
9.27455
9.3634
9.435675
9.444475
9.500175
9.777325
9.95575
9.979675
9.984225
159
