0.090175
0.1542
0.42275
0.43315
0.447875
0.485225
0.524075
0.544975
0.553125
0.557325
0.55845
0.561975
0.569225
0.5819
0.5822
0.588775
0.602075
0.6107
0.61135
0.61365
0.621725
0.6373
0.641625
0.64435
0.646025
0.65165
0.6576
0.686225
0.6874
0.695525
0.70475
0.7048
0.71215
0.734425
0.73735
0.7523
0.75525
0.8176
0.81965
0.82265
0.86265
0.890425
0.89105
0.984575
0.994525
1.024375
1.054575
1.05745
1.07175
1.10185
1.124275
1.15985
1.2476
1.25545
1.304525
1.30525
1.3253
1.341
1.35145
1.3524
1.3793
1.3965
1.418825
1.427825
1.49995
1.512025
1.59565
1.636475
1.66055
1.67775
1.6823
1.785575
1.792825
1.798125
1.8827
1.905625
1.910375
1.9145
1.926325
1.955975
2.0494
2.16
2.233675
2.2426
2.26275
2.286225
2.290425
2.29745
2.382275
2.424675
2.4303
2.438875
2.510225
2.5623
2.5911
2.610025
2.612025
2.6677
2.6876
2.7954
2.821775
2.98165
2.990625
3.014575
3.042225
3.20305
3.244675
3.284175
3.32995
3.33355
3.350775
3.570975
3.690725
3.69905
3.775875
3.8454
3.90575
3.9136
3.930575
3.939925
3.94085
3.969025
3.9701
3.97335
4.009925
4.0841
4.086775
4.1417
4.19525
4.3031
4.3936
4.39455
4.47375
4.542525
4.582975
4.768575
5.147475
5.319425
5.350725
5.471225
5.5692
5.664825
5.762175
5.7682
5.786275
5.823825
5.837875
6.052625
6.054325
6.17085
6.259525
6.3352
6.3742
6.52235
6.769125
6.86285
6.898725
7.244325
7.5657
8.209325
8.353125
8.68255
8.874625
8.9488
9.143725
9.222575
9.3102
9.386575
9.3995
9.427575
9.47945
9.63795
9.77235
9.850825
9.8545
9.9579
176
