0.00025
0.148575
0.371425
0.38305
0.435675
0.4412
0.481675
0.5013
0.5123
0.5208
0.525375
0.526625
0.52985
0.538375
0.543825
0.55035
0.5543
0.580725
0.597075
0.60145
0.603975
0.617125
0.617225
0.62455
0.64095
0.658
0.661675
0.6807
0.684175
0.723075
0.734325
0.7508
0.7775
0.778025
0.78665
0.869575
0.89625
0.9765
0.988275
1.092125
1.158725
1.17505
1.205475
1.220525
1.2233
1.26265
1.3148
1.342975
1.3875
1.389975
1.473675
1.480475
1.5728
1.59295
1.678175
1.709975
1.729875
1.826225
1.919925
1.933725
1.95965
1.9865
2.0089
2.0481
2.054975
2.162175
2.1782
2.21365
2.238425
2.290025
2.3305
2.35045
2.43315
2.48225
2.58615
2.6139
2.891475
2.894825
3.01315
3.077475
3.26605
3.38445
3.459875
3.47615
3.4887
3.588725
3.61415
3.82515
3.829675
3.857175
3.879875
3.990325
4.2452
4.341725
4.47215
4.50835
4.5296
4.55255
4.63225
4.65495
4.767925
4.82245
4.9443
5.17125
5.18815
5.748825
5.81125
5.85275
5.9651
5.9923
6.007825
6.07185
6.10285
6.1158
6.27135
6.304825
6.32655
6.330275
6.336025
6.560525
6.8026
6.844725
6.99935
7.06015
7.0671
7.0807
7.193675
7.356775
7.476975
7.4815
7.64225
7.73885
7.910525
7.91965
7.9214
7.98315
8.24975
8.4775
8.880875
9.05
9.059625
9.2462
9.315775
9.666375
9.67675
9.77105
9.952925
9.97045
9.995475
149
