0.1116
0.2059
0.31445
0.428325
0.442375
0.46905
0.50435
0.505525
0.51335
0.546525
0.549
0.5492
0.56145
0.567125
0.5809
0.59245
0.59615
0.679525
0.6828
0.709925
0.736075
0.76
0.7821
0.784225
0.788825
0.81905
0.820925
0.831125
0.8319
0.83305
0.837425
0.8546
0.859025
0.868
0.877125
0.90325
0.9345
0.934825
0.9409
0.9864
1.032475
1.093675
1.1041
1.14895
1.23445
1.25885
1.306225
1.3246
1.3368
1.338075
1.362325
1.3738
1.44915
1.536975
1.549925
1.5534
1.555275
1.60515
1.63655
1.8115
1.853775
1.86135
1.8657
1.93225
1.956975
2.071225
2.139175
2.14485
2.145475
2.174775
2.2717
2.389275
2.40725
2.439175
2.450625
2.49575
2.53435
2.58495
2.596
2.78755
2.91695
2.92045
3.016725
3.161925
3.188825
3.360225
3.43105
3.478025
3.48245
3.4853
3.5357
3.739375
3.7787
3.93945
3.960575
4.215025
4.35525
4.522975
4.576275
4.59115
4.678175
4.93115
5.013525
5.019
5.021725
5.046525
5.218525
5.438275
5.49925
5.53915
5.552575
5.736
5.84915
5.898
5.930175
5.94495
6.011625
6.139775
6.147825
6.189475
6.201925
6.280825
6.325625
6.35665
6.402375
6.40935
6.47795
6.544575
6.574325
6.670375
6.681175
7.154025
7.366275
7.53795
7.538975
7.716825
7.76775
7.85605
7.86655
7.94345
8.147475
8.23365
8.2707
8.283325
8.35975
8.37965
8.49425
8.6954
8.844075
8.849675
9.046425
9.3953
9.511625
9.52775
9.544975
9.652075
156
