0.157975
0.202075
0.438975
0.5
0.50445
0.506375
0.5187
0.5219
0.531175
0.55065
0.563725
0.5695
0.574
0.579475
0.57985
0.5858
0.59645
0.61225
0.616125
0.6524
0.660225
0.66545
0.674925
0.675225
0.68515
0.72235
0.72955
0.73425
0.73855
0.754025
0.76315
0.7646
0.7729
0.810425
0.81905
0.848975
0.853025
0.861375
0.870775
0.896
0.900525
0.91445
0.9234
0.925425
0.9608
0.972075
0.973
1.0218
1.0222
1.031375
1.03955
1.0631
1.127725
1.1439
1.202225
1.221
1.2334
1.2394
1.2641
1.27465
1.27575
1.288975
1.29255
1.2932
1.3035
1.31765
1.3492
1.3508
1.3539
1.376725
1.3841
1.3884
1.395625
1.439675
1.44555
1.47665
1.5557
1.574725
1.607075
1.633325
1.672625
1.676975
1.82285
1.851175
2.032675
2.1421
2.71195
2.78325
2.873575
2.879675
2.97875
2.9998
3.060975
3.40115
3.4676
3.5196
3.529425
3.5828
3.8078
3.85145
3.879975
3.9934
4.0045
4.054275
4.106175
4.1308
4.18285
4.2041
4.333825
4.347175
4.3803
4.3846
4.579925
4.69715
4.711725
4.7643
4.8728
4.96915
4.982575
5.03415
5.047275
5.0538
5.11145
5.1152
5.136525
5.317825
5.59735
5.6921
5.7273
5.778125
6.028175
6.2356
6.243825
6.402575
6.413375
6.497
6.53415
6.740075
6.860025
6.9343
6.97035
7.33995
7.3972
7.48675
7.669775
7.996625
8.157225
8.211325
8.301975
8.33085
8.4921
8.65855
8.671175
9.023775
9.10465
9.470375
9.48645
9.4885
9.53225
9.87055
160
