0.445125
0.504525
0.525225
0.52665
0.535775
0.556125
0.574175
0.601325
0.62805
0.64715
0.67605
0.67675
0.685775
0.701375
0.710075
0.744325
0.7524
0.75415
0.794775
0.81725
0.8355
0.8491
0.87445
0.881125
0.884125
0.8888
0.896725
0.912725
0.939325
0.942825
0.99735
1.012225
1.0149
1.072625
1.07585
1.133275
1.17925
1.192775
1.1975
1.2104
1.216925
1.258525
1.2618
1.2702
1.288875
1.307425
1.3264
1.32795
1.3479
1.450475
1.515775
1.535925
1.5935
1.639575
1.6574
1.66835
1.669725
1.74835
1.750675
1.796925
1.802725
1.821075
1.8309
1.836175
1.87595
1.8826
1.931575
1.94145
1.942
1.96565
1.989775
2.03655
2.124275
2.20185
2.243275
2.30305
2.317625
2.34485
2.380925
2.394425
2.4036
2.547
2.58925
2.664925
2.8326
2.8707
2.890875
2.92195
2.96425
3.0735
3.128025
3.138375
3.16595
3.1778
3.186
3.221625
3.22165
3.2803
3.33645
3.44565
3.5055
3.5943
3.6303
3.6749
3.82815
3.852475
3.874025
3.87525
3.928025
3.991075
4.0408
4.07235
4.093075
4.283275
4.5044
4.544575
4.563
4.76765
4.880575
4.954425
5.190475
5.262325
5.433025
5.47595
5.510775
5.66145
5.7858
5.7914
5.82125
5.84405
5.974675
5.9805
5.98585
5.9994
6.2894
6.30975
6.379025
6.40655
6.5198
6.563275
6.6463
6.6724
6.73775
6.95795
7.0105
7.03105
7.164825
7.192475
7.30305
7.360625
7.68405
7.7086
7.723075
7.88115
8.073175
8.075725
8.08505
8.106725
8.1663
8.24875
8.414075
8.493125
8.7153
8.75785
8.89605
8.951175
9.134975
9.15135
9.327225
9.6369
9.7912
9.94855
172
