0.0377
0.039225
0.126275
0.27845
0.38825
0.441125
0.485075
0.4898
0.49485
0.511225
0.5178
0.518875
0.5226
0.5248
0.535425
0.5376
0.53915
0.547825
0.557575
0.579525
0.58085
0.58325
0.6312
0.63315
0.634175
0.649975
0.6507
0.652425
0.6584
0.66555
0.672475
0.69075
0.706025
0.72745
0.72795
0.735225
0.76675
0.7925
0.8145
0.881725
0.9305
0.97345
0.9766
0.99515
1.028
1.0561
1.087225
1.127325
1.15415
1.1706
1.214475
1.241325
1.2448
1.255825
1.28615
1.30635
1.330375
1.34115
1.367275
1.370575
1.3836
1.383775
1.435925
1.44035
1.4483
1.5144
1.527125
1.577775
1.582125
1.59225
1.647225
1.66035
1.678425
1.802
1.9586
2.03165
2.125625
2.1596
2.189725
2.222075
2.255975
2.28255
2.408825
2.450625
2.480875
2.5529
2.5589
2.56535
2.573125
2.595325
2.670575
2.685975
2.73425
2.783775
2.838375
2.872425
2.9877
3.0454
3.047775
3.0561
3.084025
3.0925
3.194725
3.26215
3.27635
3.2849
3.40485
3.40875
3.56105
3.5828
3.668525
3.689375
3.959925
4.088325
4.094975
4.108225
4.157975
4.20345
4.375225
4.3789
4.4298
4.48415
4.65635
4.667425
4.742475
4.7547
4.76205
4.903
4.97595
5.05635
5.715
5.7194
5.723325
5.8028
6.146
6.253825
6.470225
6.470325
6.949825
6.95965
7.047525
7.167
7.359075
7.435075
7.5021
7.59645
7.697575
7.756775
7.88155
7.886375
8.077125
8.17165
8.353775
8.4671
8.53295
8.614375
8.70395
8.78445
8.860875
9.036525
9.1001
9.177325
9.27765
9.327675
9.4045
9.782
9.8706
9.89565
9.91915
9.933025
170
