0.13285
0.153375
0.220425
0.253875
0.382775
0.48865
0.4934
0.497725
0.5269
0.5287
0.533525
0.534775
0.537025
0.542425
0.5435
0.55815
0.57055
0.571325
0.58165
0.58845
0.605725
0.6078
0.61135
0.6145
0.62875
0.63125
0.65265
0.6573
0.6591
0.6652
0.678175
0.67935
0.681925
0.68975
0.690425
0.705
0.7099
0.718525
0.721425
0.741225
0.763725
0.7683
0.772025
0.79835
0.819625
0.842725
0.87075
0.87215
0.895825
0.896375
0.905575
0.921175
0.9871
0.989025
0.995125
0.996025
1.0194
1.056375
1.062675
1.11185
1.119425
1.122875
1.15925
1.1598
1.23825
1.25605
1.302975
1.3194
1.3483
1.396225
1.409425
1.440625
1.454325
1.51415
1.5401
1.616875
1.644175
1.647125
1.6575
1.689725
1.74725
1.811375
1.872275
1.951225
2.0168
2.066425
2.074175
2.098425
2.1079
2.1285
2.1526
2.16555
2.192325
2.205825
2.248975
2.3143
2.3342
2.3644
2.392
2.51455
2.556225
2.5565
2.582325
2.650225
2.71235
2.72455
2.8158
2.8997
2.96375
3.04975
3.095525
3.202275
3.225425
3.414125
3.46495
3.468775
3.56365
3.62035
3.629475
3.7151
3.7745
3.857925
3.892825
3.906075
3.984175
4.23105
4.290375
4.360375
4.5392
4.7239
4.7744
4.8744
4.88155
4.897725
4.924
4.9348
5.000375
5.139225
5.1822
5.25355
5.274675
5.278
5.5033
5.784375
5.849925
5.857375
5.883175
5.886175
5.907475
5.949175
5.984025
6.014175
6.2352
6.3161
6.342875
6.379725
6.456025
6.51825
6.556675
6.6005
6.700425
6.807425
6.822375
6.915375
7.092925
7.21045
7.326075
7.529875
7.557325
7.6569
7.7668
7.85405
8.172575
8.219275
8.2581
8.443375
8.511575
8.518375
8.525275
8.835125
9.016775
9.61675
9.717675
9.766425
184
