0.4105
0.4535
0.472825
0.4792
0.5367
0.538725
0.540725
0.56145
0.5673
0.572025
0.57385
0.581375
0.616925
0.6298
0.63035
0.63145
0.643375
0.65215
0.6835
0.6926
0.7003
0.725925
0.737
0.75135
0.77505
0.7831
0.794875
0.81365
0.8146
0.81945
0.84685
0.862175
0.8808
0.885225
0.905175
0.918
0.92045
0.920625
0.955025
0.959725
0.96765
0.9679
0.9712
1.01205
1.020325
1.037675
1.05585
1.060925
1.09595
1.0995
1.1652
1.1809
1.1903
1.22125
1.232575
1.25475
1.326475
1.349575
1.35985
1.360775
1.380375
1.412775
1.424825
1.429525
1.43495
1.546475
1.578775
1.586275
1.58895
1.7121
1.7823
1.872325
1.914425
2.085475
2.4167
2.495675
2.662575
2.67855
2.8451
2.852675
2.887
2.88925
2.9068
2.999375
3.10205
3.11665
3.1319
3.163325
3.165075
3.2043
3.26425
3.385325
3.4154
3.48635
3.499725
3.543525
3.547
3.697675
3.837
3.87695
3.961275
4.032525
4.165
4.245275
4.2936
4.377225
4.55395
4.567525
4.87725
4.95555
4.999975
5.063725
5.085725
5.1461
5.1629
5.178225
5.2564
5.283875
5.4833
5.5325
5.675225
5.72835
5.9232
5.9338
6.19115
6.236425
6.258375
6.353775
6.42685
6.51535
6.529875
6.67895
6.828625
6.93325
7.10815
7.577125
7.699775
7.81915
7.9497
8.1236
8.330375
8.681675
8.806775
9.02605
9.51775
9.5758
9.6111
9.74415
9.7573
9.790975
9.870725
151
