0.48995
0.502825
0.50965
0.51255
0.51345
0.514275
0.51805
0.523325
0.52565
0.531125
0.531475
0.556275
0.5598
0.56045
0.560575
0.56735
0.584275
0.599
0.60405
0.6266
0.62845
0.629675
0.685375
0.687475
0.69965
0.7003
0.70195
0.704425
0.706125
0.71225
0.7133
0.72665
0.732075
0.776725
0.7842
0.795825
0.8108
0.8205
0.86475
0.891975
0.926325
0.9267
0.942725
0.946375
0.96885
0.975375
1.0195
1.0293
1.03065
1.062625
1.076125
1.0817
1.098275
1.101125
1.126475
1.167525
1.170875
1.255475
1.3118
1.348825
1.362125
1.362975
1.393725
1.40605
1.463775
1.489775
1.504125
1.65155
1.66595
1.81815
1.868775
1.917275
1.9283
1.934025
1.943025
2.09505
2.1424
2.199025
2.222475
2.249275
2.269
2.331
2.41265
2.45965
2.5919
2.59655
2.61645
2.62205
2.7062
2.9574
2.958025
3.0269
3.060725
3.069625
3.1926
3.26215
3.2849
3.2942
3.3375
3.362275
3.40785
3.4301
3.5118
3.563825
3.6135
3.6678
3.698075
3.839125
4.27945
4.304025
4.31555
4.3577
4.457625
4.4857
4.485725
4.7119
4.73
4.8155
4.84605
4.860725
4.95495
5.016075
5.10605
5.1907
5.20745
5.572325
5.5887
5.619925
5.655075
5.673225
5.75005
5.775575
5.841925
5.88315
5.90325
5.938375
5.9597
6.0036
6.29075
6.339975
6.43265
6.5318
6.5461
6.5698
6.694625
6.837975
6.8658
7.02585
7.228325
7.259425
7.55675
7.7005
7.8483
7.866525
8.1094
8.415575
8.5486
8.567725
8.589375
8.639625
8.6549
8.767075
9.024475
9.032075
9.076025
9.298125
9.450975
9.586625
9.663325
9.83155
9.88645
9.931175
9.976225
173
