0.29115
0.470825
0.473825
0.478875
0.481975
0.502
0.50245
0.505875
0.51275
0.526425
0.534125
0.5372
0.5406
0.5541
0.560125
0.585725
0.597225
0.6083
0.610875
0.619725
0.62205
0.639075
0.639575
0.697325
0.70915
0.73275
0.74495
0.746325
0.76515
0.768225
0.77675
0.796775
0.8101
0.857475
0.8839
0.890475
0.916175
0.943275
0.950375
1.141875
1.153975
1.204
1.297525
1.3053
1.312125
1.3881
1.4014
1.412575
1.443325
1.45355
1.461475
1.5018
1.541075
1.603125
1.619175
1.660425
1.737375
1.779325
1.868475
1.914
1.92185
1.9865
2.063775
2.08955
2.11955
2.14775
2.317925
2.3439
2.687975
2.703025
2.7164
2.7409
2.76
2.799025
2.86755
2.894875
2.924975
2.95915
2.9664
3.0482
3.074525
3.081425
3.1493
3.16945
3.2193
3.2397
3.280725
3.309225
3.3128
3.321425
3.362375
3.3952
3.66155
3.678825
3.9356
4.0947
4.12245
4.293475
4.36025
4.42975
4.442025
4.47785
4.727325
4.842875
4.92375
4.95185
5.21
5.2898
5.3618
5.5441
5.814025
5.977325
5.992225
6.095
6.12385
6.2022
6.21075
6.278025
6.300275
6.531775
6.612975
6.65135
6.72285
6.846975
7.229775
7.266775
7.302125
7.39215
7.426975
7.456275
7.595525
7.63855
7.66445
7.817225
8.124425
8.17585
8.417675
8.734675
9.268625
9.3081
9.340525
9.4618
9.4788
9.543475
9.61925
9.650225
9.651025
9.761225
9.81325
9.837575
9.842775
9.844325
9.887575
153
