0.1146
0.329575
0.38885
0.41725
0.462275
0.477
0.492875
0.508125
0.5146
0.5266
0.5422
0.543975
0.546625
0.55235
0.552575
0.57465
0.585025
0.5876
0.5939
0.59395
0.60225
0.631925
0.6519
0.678275
0.6811
0.696325
0.701275
0.72345
0.770525
0.7732
0.77515
0.786325
0.800775
0.84405
0.8598
0.866825
0.867325
0.869075
0.870425
0.873525
0.9095
0.919525
0.93795
0.977225
0.992525
1.013525
1.02665
1.034725
1.0408
1.072725
1.080525
1.13785
1.147325
1.184625
1.2709
1.2897
1.34205
1.357925
1.418675
1.42835
1.467925
1.4724
1.487075
1.513275
1.5211
1.52405
1.534825
1.68055
1.7112
1.722475
1.72255
1.744875
1.781625
1.792375
1.814425
1.850575
1.940475
1.9742
1.982975
2.13435
2.169225
2.185
2.195275
2.1994
2.254175
2.312225
2.444925
2.657225
2.70405
2.866375
2.888675
2.8948
2.902575
3.100275
3.105225
3.297925
3.30445
3.399225
3.4984
3.65655
3.7047
3.725425
3.76315
3.8431
3.901925
3.9029
4.0279
4.151625
4.1728
4.290925
4.48685
4.510125
4.661025
4.773875
4.9102
4.970425
5.119775
5.1222
5.125725
5.1286
5.16775
5.194925
5.283625
5.323675
5.355525
5.399075
5.4593
5.534025
5.549725
5.6019
5.7905
5.7931
5.882125
5.93635
6.2823
6.3339
6.452175
6.547025
6.55775
6.626875
6.68655
6.91715
7.211925
7.2185
7.24555
7.3443
7.494275
7.575325
7.576975
7.6249
7.8085
7.845975
7.86265
7.92245
8.058325
8.092525
8.260675
8.3875
8.446975
8.47215
8.6339
8.641275
8.755525
8.839475
8.9706
9.00965
9.045875
9.3049
9.423825
9.478625
9.516
9.8834
172
