0.119525
0.453475
0.462175
0.494375
0.4976
0.501825
0.50915
0.510525
0.51475
0.52715
0.528525
0.5308
0.537275
0.541325
0.544275
0.549225
0.556975
0.586125
0.593525
0.61775
0.6459
0.6646
0.674225
0.6755
0.71435
0.771025
0.816675
0.832575
0.834325
0.895525
0.9068
0.9547
0.963475
0.9636
0.978725
1.04225
1.1083
1.1167
1.1368
1.1473
1.16745
1.172475
1.1811
1.20055
1.223775
1.240525
1.28375
1.28875
1.288775
1.292125
1.300325
1.309525
1.378525
1.388175
1.448375
1.451575
1.473575
1.5172
1.578325
1.604025
1.6469
1.71595
1.905175
1.931475
1.97065
1.9806
2.013375
2.033
2.070425
2.101675
2.1111
2.258
2.294875
2.573675
2.6043
2.682725
2.75325
2.8422
2.844975
2.87355
2.88025
2.8928
2.9262
2.966975
3.011975
3.0356
3.050625
3.107225
3.127875
3.166325
3.1889
3.261525
3.31675
3.358175
3.587875
3.642075
3.6423
3.783725
3.794675
4.04515
4.0854
4.11605
4.1927
4.454425
4.463125
4.50055
4.50415
4.5195
4.6783
4.718375
4.734475
4.775125
4.8189
4.86875
4.9046
4.9947
5.09415
5.158475
5.27195
5.304325
5.3047
5.330775
5.359825
5.7185
6.172025
6.259975
6.500125
6.635875
6.660775
6.77835
7.0509
7.14915
7.15205
7.235375
7.2628
7.269675
7.32015
7.433425
7.5637
7.617375
7.6515
7.90685
8.079475
8.10255
8.173325
8.224375
8.22805
8.279275
8.353825
8.390525
8.8117
8.817775
8.8572
9.065425
9.139075
9.34915
9.399575
9.565025
9.608225
9.91605
160
