0.0406
0.316825
0.3267
0.4121
0.49005
0.505175
0.505675
0.505925
0.50785
0.51495
0.525575
0.53585
0.5438
0.544225
0.5478
0.5608
0.562075
0.568275
0.57355
0.599275
0.60235
0.6046
0.60725
0.6123
0.61325
0.640225
0.65565
0.656275
0.6758
0.690575
0.696825
0.703075
0.713225
0.732775
0.73595
0.74725
0.7507
0.752175
0.763625
0.775575
0.82125
0.87855
0.9093
0.911175
0.9195
0.92825
0.936475
0.951775
0.962525
0.966925
1.00305
1.005
1.0167
1.018
1.0463
1.0482
1.066125
1.08845
1.111275
1.156
1.15715
1.157175
1.172025
1.2281
1.2664
1.271575
1.32925
1.4479
1.4743
1.496975
1.5076
1.7431
1.7492
1.7874
1.9538
1.95395
1.960525
1.9935
2.06855
2.088625
2.113925
2.120175
2.22315
2.236625
2.257175
2.30175
2.38565
2.46885
2.5156
2.5488
2.5608
2.63405
2.722075
2.7584
2.771975
2.924625
2.926725
2.942575
2.967975
3.0557
3.11685
3.249575
3.26705
3.466275
3.493725
3.62515
3.777175
3.8849
3.90605
4.02155
4.045575
4.0464
4.123925
4.129375
4.21535
4.278875
4.299575
4.3113
4.3779
4.51225
4.67175
4.815175
5.032125
5.243775
5.404425
5.473075
5.752225
5.824875
6.136175
6.154775
6.302525
6.5024
6.505
6.75275
6.7829
6.790225
6.82755
6.84045
6.916125
7.075075
7.173775
7.25785
7.37645
7.43445
7.5284
7.7369
7.769025
7.8567
7.93055
8.02755
8.043
8.08045
8.1031
8.126025
8.16375
8.204025
8.454825
8.506025
8.51095
8.614875
8.7645
8.8543
9.14055
9.216825
9.222225
9.25965
9.2645
9.269875
9.48155
9.525175
9.6587
9.668275
9.68955
9.750375
9.7734
9.815775
9.85245
9.9805
178
