0.0803
0.424875
0.48945
0.497475
0.5063
0.510025
0.5231
0.532275
0.5403
0.54175
0.54335
0.54545
0.5712
0.5838
0.589325
0.59285
0.594425
0.60415
0.6146
0.657375
0.6598
0.665175
0.6725
0.684225
0.720425
0.728
0.750975
0.75795
0.776625
0.784475
0.79655
0.8046
0.820025
0.841475
0.845325
0.867575
0.880325
0.91825
0.953375
0.97235
0.98655
0.993075
0.999375
1.001275
1.0039
1.00875
1.079275
1.145425
1.1713
1.1765
1.211575
1.295575
1.306575
1.321525
1.361475
1.36775
1.3731
1.393225
1.39845
1.48395
1.49215
1.5453
1.567975
1.575675
1.627475
1.64485
1.70375
1.760075
1.856075
1.930625
1.955825
1.96025
1.993025
2.009425
2.118025
2.251125
2.46885
2.5985
2.65705
2.6986
2.718975
2.825925
2.9055
2.932
2.952
2.967575
2.99
3.15005
3.1891
3.37885
3.5322
3.5527
3.61435
3.644075
3.64575
3.697625
3.700475
3.700725
3.9899
4.09775
4.25585
4.36495
4.407975
4.4195
4.438925
4.5438
4.55115
4.572425
4.716425
4.725625
4.72895
4.761675
4.8121
5.038425
5.03985
5.040075
5.051325
5.4951
5.498325
5.65225
5.6742
5.682
5.75915
5.761025
5.762475
5.7695
5.79325
5.819775
5.8239
5.8583
6.235975
6.237475
6.2539
6.271075
6.2953
6.3411
6.704575
6.7757
6.842075
7.067675
7.252525
7.41285
7.5344
7.5938
7.835225
7.88925
7.9555
8.119525
8.1707
8.300375
8.35135
8.404725
8.55825
8.648575
9.155775
9.25705
9.308325
9.32585
9.893225
9.90665
160
