0.104425
0.4303
0.470425
0.491325
0.494625
0.50075
0.50435
0.505075
0.505425
0.517425
0.529825
0.532175
0.54405
0.548025
0.548575
0.559175
0.56045
0.560925
0.575975
0.57805
0.579525
0.592275
0.593825
0.627175
0.6292
0.635
0.6351
0.6498
0.681625
0.69925
0.717025
0.78115
0.81115
0.813375
0.8168
0.8252
0.83775
0.84285
0.844475
0.845475
0.868275
0.875425
0.894375
0.904925
0.924525
0.927525
0.9343
0.934975
0.946025
0.958175
0.974325
0.97995
0.993975
1.03545
1.131875
1.135375
1.16365
1.168
1.1766
1.202575
1.270825
1.39375
1.39405
1.409
1.418075
1.4351
1.50025
1.5051
1.586875
1.61485
1.71335
1.803625
1.821675
2.0182
2.02865
2.043375
2.084975
2.221475
2.22365
2.399375
2.528825
2.59685
2.65485
2.7058
2.878075
2.88015
2.956875
3.182125
3.26605
3.288775
3.42485
3.45505
3.496175
3.502675
3.67835
3.6979
3.78505
3.809825
3.93055
3.9919
3.992525
4.036225
4.060475
4.069775
4.22275
4.286575
4.30565
4.3428
4.478025
4.4916
4.54135
4.552725
4.572125
4.644175
4.653575
4.6606
4.666125
4.762275
4.788075
4.882225
4.8942
5.0337
5.24145
5.438675
5.487475
5.5647
5.614425
5.634
5.639325
5.751775
5.81435
5.929525
6.07775
6.307875
6.441675
6.47395
6.54305
6.810025
6.810875
6.902575
7.080425
7.091675
7.112575
7.126175
7.269075
7.280825
7.33295
7.362725
7.588225
7.642025
7.64345
7.6576
7.7789
7.81825
7.82645
7.853925
7.877375
7.9248
7.931
8.086425
8.286825
8.3031
8.453725
8.4796
8.49075
8.5039
8.6701
8.7675
9.175825
9.526275
9.607875
9.681175
9.729675
9.9005
9.982175
175
