0.306475
0.41405
0.455675
0.488625
0.489275
0.4898
0.49205
0.5129
0.5439
0.54665
0.5514
0.5616
0.619575
0.62065
0.6305
0.644525
0.662375
0.671025
0.6738
0.679575
0.72055
0.731125
0.7331
0.73785
0.7547
0.760625
0.760725
0.76275
0.764425
0.768
0.8139
0.819675
0.821775
0.832575
0.86
0.88355
0.9735
0.9748
0.981125
0.982525
0.996075
0.99965
1.0058
1.0084
1.062525
1.07235
1.072575
1.075825
1.098775
1.112225
1.1463
1.160425
1.201825
1.20235
1.23235
1.234725
1.26065
1.2882
1.292175
1.34395
1.358875
1.395225
1.49065
1.49315
1.618375
1.6404
1.672875
1.722925
1.74545
1.745975
1.7736
1.8001
1.80185
1.8814
1.8971
2.08265
2.125925
2.1887
2.3206
2.38275
2.39635
2.555775
2.55775
2.7284
2.78995
2.7904
2.807325
2.818975
2.876775
2.9372
2.938425
2.9798
2.9867
3.0262
3.040875
3.0445
3.1065
3.152275
3.15685
3.346475
3.366575
3.540375
3.7281
3.809925
3.838525
3.894225
3.907925
3.913225
4.037625
4.16365
4.221625
4.308225
4.406025
4.454275
4.577475
4.605275
4.614675
4.724625
4.75775
4.814175
4.81815
4.8318
4.884625
5.12975
5.1411
5.14335
5.15705
5.1826
5.202725
5.303325
5.469275
5.5113
5.62095
5.643625
5.684225
5.731425
5.7609
5.898925
5.9283
6.088025
6.182775
6.3607
6.6667
7.097025
7.129725
7.1325
7.31215
7.3233
7.328
7.57075
7.720575
7.870875
8.126125
8.197225
8.3678
8.53235
8.628175
8.6506
8.7593
8.792625
8.80555
8.9282
9.02385
9.22895
9.300675
9.311675
9.3759
9.615
9.7309
9.751025
9.93675
9.946075
172
