0.247175
0.40925
0.465325
0.46775
0.477625
0.5099
0.514075
0.5206
0.53035
0.537325
0.553475
0.55355
0.569525
0.576525
0.594525
0.6003
0.6072
0.6249
0.64325
0.66665
0.682325
0.6917
0.69305
0.7064
0.7343
0.749775
0.76595
0.784
0.789525
0.795075
0.801625
0.8337
0.834525
0.84495
0.89055
0.920525
0.950625
0.967675
0.972975
1.044625
1.059125
1.0649
1.09525
1.0953
1.103675
1.107925
1.135525
1.1622
1.2099
1.225
1.2262
1.31075
1.367975
1.37325
1.4011
1.415425
1.435225
1.4448
1.47255
1.47435
1.503925
1.5753
1.61125
1.818525
1.917475
1.925475
1.97475
1.983225
2.012525
2.228225
2.238275
2.283125
2.2943
2.394525
2.587175
2.61665
2.638425
2.7579
2.8095
3.060975
3.083925
3.154725
3.21275
3.240225
3.269025
3.26995
3.30145
3.334225
3.362625
3.37295
3.466
3.515325
3.58255
3.635425
3.674475
3.799025
3.80765
3.80875
3.885375
4.115175
4.15985
4.177425
4.240475
4.25615
4.357275
4.38455
4.651925
4.680025
4.949075
5.117075
5.32515
5.3636
5.378325
5.5348
5.5407
5.646425
5.785575
5.8797
5.961125
6.057375
6.08755
6.124725
6.15105
6.29375
6.509725
6.586325
6.7028
6.7351
6.889125
6.9806
7.019575
7.021675
7.0751
7.1615
7.290275
7.370775
7.39285
7.437325
7.454275
7.609125
7.6151
7.727675
7.80015
8.117425
8.149225
8.27565
8.48265
8.67135
9.034575
9.59015
9.73125
9.75985
9.795775
9.8212
9.95135
155
