0.037075
0.21035
0.35955
0.4383
0.47505
0.4803
0.4823
0.495
0.508475
0.577625
0.617125
0.620475
0.634575
0.642775
0.666075
0.67635
0.692725
0.701875
0.702075
0.70445
0.7147
0.715475
0.7349
0.74075
0.756675
0.766275
0.76885
0.770725
0.775925
0.7948
0.808575
0.8158
0.824825
0.8317
0.90085
0.90855
0.918375
0.942175
0.945825
0.96415
0.9679
0.976425
1.007425
1.015425
1.026475
1.0545
1.05615
1.089
1.13255
1.133225
1.1944
1.20005
1.2393
1.244275
1.353525
1.373175
1.381175
1.40145
1.401575
1.4861
1.488075
1.49065
1.520625
1.5326
1.692275
1.7089
1.73375
1.76745
1.8625
1.922275
1.944525
2.000625
2.05885
2.070925
2.076725
2.0896
2.1745
2.1915
2.264125
2.46865
2.474725
2.55395
2.603475
2.659825
2.670625
2.706825
2.924925
2.9313
2.94185
2.9795
3.261275
3.27445
3.365475
3.473825
3.491175
3.4936
3.540875
3.634075
3.786875
3.809525
3.92305
3.947025
4.07015
4.163175
4.193675
4.344125
4.43545
4.4584
4.566975
4.603025
4.6376
4.6687
4.740375
4.98665
5.02375
5.06175
5.0894
5.089975
5.1205
5.13295
5.17545
5.2314
5.337675
5.458025
5.560425
5.607675
5.7238
5.78265
5.808875
5.8948
5.98355
6.195575
6.22135
6.2536
6.384325
6.5137
6.565775
6.601425
6.6311
6.818125
6.926625
7.161425
7.1945
7.344725
7.49645
7.5787
7.60725
7.620425
7.624525
7.9528
8.226025
8.250025
8.3282
8.493375
8.5202
8.7131
8.8361
9.0996
9.1796
9.188975
9.280525
9.62255
9.758325
9.7626
164
