0.301275
0.426475
0.463725
0.474825
0.47995
0.48205
0.491925
0.503475
0.5062
0.513775
0.51975
0.528825
0.531725
0.533525
0.559425
0.5623
0.5817
0.585925
0.590475
0.59725
0.613925
0.623175
0.6303
0.63415
0.63505
0.648075
0.648375
0.669125
0.6733
0.6813
0.681975
0.69175
0.700275
0.73495
0.7599
0.78965
0.834075
0.90485
0.922325
0.9359
0.9477
0.96225
0.966625
0.9741
0.983675
1.01165
1.06215
1.068075
1.070575
1.093275
1.0941
1.095
1.103875
1.1734
1.17375
1.178425
1.192225
1.2222
1.241375
1.246575
1.27605
1.282925
1.2842
1.29155
1.2959
1.345925
1.383625
1.3862
1.4191
1.431075
1.466925
1.5149
1.540175
1.541625
1.549825
1.58535
1.7021
1.7205
1.806925
1.836725
1.905575
1.941525
1.99755
2.000575
2.02365
2.025925
2.166675
2.220525
2.221975
2.250025
2.2674
2.33405
2.4182
2.4278
2.50105
2.511775
2.578375
2.5805
2.630375
2.661975
2.7697
2.7708
2.78305
2.9086
2.950075
3.0652
3.1316
3.139325
3.207725
3.389625
3.47115
3.5355
3.550025
3.59085
3.670275
3.692825
3.7234
3.813
3.935825
4.03535
4.101225
4.1906
4.499375
4.58195
4.677125
4.76735
4.96225
5.146525
5.1836
5.20205
5.218425
5.3004
5.373425
5.41135
5.437075
5.594725
5.753875
5.7791
5.7849
5.79555
5.81825
5.949525
6.09885
6.121275
6.26875
6.4024
6.405725
6.4585
6.492825
6.498975
6.66835
6.76835
6.919675
7.172325
7.36705
7.54975
7.580125
7.700525
7.78285
7.993625
8.01885
8.06085
8.229375
8.2317
8.2481
8.30715
8.6334
8.7263
8.751575
8.796025
8.87145
8.920025
9.079
9.2035
9.35185
9.6307
9.744025
177
