0.080175
0.4519
0.493975
0.502425
0.506725
0.525825
0.566575
0.570225
0.572675
0.5804
0.58245
0.584275
0.607575
0.613325
0.6206
0.64695
0.64795
0.67105
0.684975
0.693325
0.701225
0.735575
0.79145
0.810425
0.879675
0.92215
0.936575
0.990825
0.993375
1.042875
1.08225
1.08705
1.14025
1.150575
1.21015
1.21765
1.2336
1.243225
1.25425
1.32035
1.431225
1.43445
1.4986
1.5509
1.5837
1.604725
1.6432
1.66325
1.664225
1.7018
1.7279
1.740725
1.7522
1.76875
1.7956
1.804575
1.8835
1.936975
1.954825
2.0212
2.199875
2.2921
2.31895
2.324
2.361325
2.376375
2.4023
2.47325
2.47405
2.501375
2.52885
2.5325
2.557475
2.560825
2.57625
2.625475
2.67415
2.7104
2.73465
2.784025
2.809325
2.8311
2.853825
2.94715
2.9835
2.986525
3.029125
3.03245
3.065
3.125175
3.175525
3.177475
3.23295
3.277125
3.32845
3.37415
3.38675
3.39615
3.4101
3.434475
3.4538
3.601725
3.676725
3.71715
3.767725
3.813075
3.974525
4.04815
4.057475
4.140725
4.179
4.2313
4.24865
4.266675
4.34345
4.345325
4.35975
4.37125
4.514525
4.51715
4.586625
4.724275
4.7895
4.8386
5.06855
5.2022
5.461725
5.5688
5.651425
5.6734
5.83215
5.838175
5.884425
5.9314
6.048675
6.245925
6.3086
6.39285
6.494075
6.5831
6.616825
6.6273
6.678975
6.723575
6.825625
6.83755
6.9331
6.965775
7.080675
7.220825
7.5128
7.580825
7.62335
7.67185
7.846125
7.9661
7.99215
8.161825
8.2157
8.40185
8.7985
9.029525
9.084125
9.109775
9.1531
9.30025
9.3298
9.37035
9.458775
9.47815
9.6736
9.735775
9.758925
9.769375
9.792225
175
