0.02425
0.1336
0.23675
0.2842
0.4094
0.4548
0.464275
0.4946
0.5214
0.5391
0.544525
0.551
0.551025
0.5511
0.56745
0.575375
0.587925
0.5985
0.605525
0.624725
0.62965
0.63895
0.651575
0.65265
0.658125
0.659075
0.66025
0.6694
0.674775
0.6791
0.6836
0.69035
0.7757
0.776425
0.791775
0.8355
0.836225
0.8525
0.900975
0.92915
0.952975
0.9646
0.98485
0.987825
0.992125
0.99645
1.0068
1.044975
1.0661
1.0748
1.07925
1.09255
1.121075
1.1349
1.15045
1.1671
1.17845
1.191725
1.2494
1.260125
1.291275
1.30075
1.3131
1.3213
1.343275
1.357775
1.439425
1.470575
1.477725
1.48715
1.489775
1.532975
1.572075
1.5912
1.692
1.757675
1.763625
1.789
1.804975
1.923325
1.9403
1.957
2.03085
2.0401
2.124625
2.177425
2.22165
2.26035
2.35785
2.492275
2.50115
2.62205
2.635
2.73845
2.78685
2.938
2.94465
2.948225
2.994575
2.996925
3.1224
3.131275
3.2006
3.558125
3.655875
3.91385
3.9367
3.947525
4.04695
4.0919
4.09885
4.101
4.238975
4.254375
4.3403
4.6606
4.68595
4.7486
4.78515
4.86555
4.88
4.91775
4.960525
5.206875
5.430225
5.7091
5.975075
6.209425
6.553125
6.6228
6.659275
6.877125
6.993275
7.003375
7.18255
7.25635
7.364375
7.86295
8.050125
8.099675
8.1716
8.24175
8.27285
8.325825
8.367175
8.523575
8.63105
8.866825
9.174425
9.33525
9.4157
9.47855
9.565175
9.65865
9.666525
9.751375
9.78905
9.9377
158
