0.13785
0.156075
0.31335
0.397025
0.404375
0.469425
0.48455
0.501
0.50275
0.5129
0.5252
0.5453
0.575475
0.596175
0.596425
0.603725
0.6039
0.60465
0.621975
0.6245
0.628625
0.667425
0.6699
0.6776
0.6852
0.687675
0.6906
0.6918
0.7081
0.718075
0.752725
0.7664
0.834425
0.8749
0.91155
0.913025
0.97665
0.979975
1.006
1.010175
1.068725
1.09375
1.1212
1.152325
1.16425
1.18165
1.2378
1.313475
1.325475
1.3967
1.401875
1.41905
1.42855
1.449925
1.45825
1.4833
1.605725
1.650375
1.671125
1.74395
1.780975
1.792825
1.8373
1.8382
2.038725
2.12965
2.1607
2.161825
2.187625
2.245725
2.2692
2.317575
2.336675
2.343325
2.379175
2.3914
2.4397
2.4819
2.489475
2.542025
2.5513
2.620525
2.627
2.685925
2.714225
2.8002
2.900825
3.12245
3.36595
3.383875
3.4425
3.539325
3.614075
3.6148
3.6524
3.768025
3.8676
3.870225
3.88595
4.0283
4.1416
4.14595
4.181225
4.2602
4.2736
4.3426
4.485175
4.496075
4.730875
4.7776
4.95365
5.013875
5.06285
5.0686
5.0907
5.190475
5.3231
5.3532
5.520875
5.545
5.656775
5.7981
5.8216
5.853975
5.950825
5.9713
6.121825
6.20615
6.484525
6.580975
6.64835
6.6812
6.8484
6.861375
6.923575
7.009075
7.2613
7.264925
7.32405
7.472675
7.57385
7.663675
7.7049
7.7878
7.9742
8.1333
8.200975
8.3744
8.615975
8.710425
9.07785
9.214325
9.22055
9.359525
9.472875
9.98035
156
