0.094925
0.3851
0.4956
0.499725
0.5049
0.520375
0.5207
0.5343
0.540325
0.54945
0.55845
0.571375
0.57325
0.5812
0.582675
0.5959
0.59825
0.60555
0.609975
0.613875
0.633925
0.640325
0.644325
0.6497
0.653725
0.668825
0.6851
0.732875
0.759275
0.762725
0.766775
0.814675
0.84185
0.8423
0.86185
0.87375
0.87945
0.913525
0.9434
0.953275
1.04625
1.0532
1.056025
1.130975
1.16195
1.173
1.2201
1.29065
1.296025
1.31415
1.324225
1.3679
1.37135
1.408875
1.456475
1.48275
1.51625
1.548725
1.64075
1.707875
1.708125
1.809625
1.8151
1.8376
1.849175
1.85385
1.90325
1.966875
1.9856
2.09465
2.13695
2.23085
2.353925
2.5779
2.620775
2.6818
2.802925
2.813625
2.888525
2.893925
2.916175
2.956625
2.9798
2.988
3.03615
3.037
3.081375
3.09935
3.1266
3.258975
3.40425
3.497625
3.558325
3.75395
3.82655
3.89595
4.052175
4.199975
4.281475
4.28635
4.35725
4.504225
4.534575
4.72505
4.835825
5.044075
5.1619
5.286
5.318475
5.326625
5.50525
5.531575
5.5502
5.768525
5.82365
5.95205
6.130375
6.157875
6.188
6.321725
6.40045
6.410225
6.496225
7.09585
7.096625
7.162825
7.192975
7.2677
7.3039
7.334275
7.351875
7.5001
7.503975
7.539625
7.590325
7.6378
7.64975
7.901225
8.33355
8.339775
8.4824
8.5445
8.556475
8.562175
8.80905
9.187475
9.19155
9.22375
9.61975
149
