0.268125
0.477875
0.47985
0.490625
0.495925
0.5007
0.510125
0.51095
0.51745
0.517475
0.54825
0.549925
0.5545
0.56815
0.568325
0.579375
0.59095
0.595325
0.602175
0.6097
0.61505
0.6347
0.667425
0.6887
0.69135
0.693025
0.701875
0.731475
0.733425
0.73595
0.766675
0.77815
0.778475
0.785675
0.824675
0.8413
0.842275
0.844325
0.864475
0.879575
0.89735
0.90225
0.945675
0.946875
0.95625
0.96755
0.989
1.02755
1.032175
1.066425
1.083875
1.11675
1.123675
1.135325
1.143025
1.1457
1.1514
1.188525
1.207525
1.22055
1.2373
1.272625
1.288775
1.29165
1.341825
1.359625
1.380175
1.384575
1.434625
1.47015
1.472225
1.484225
1.487175
1.52785
1.529
1.5457
1.5678
1.6729
1.70535
1.712625
1.74765
2.054
2.05795
2.0715
2.0908
2.16045
2.183975
2.308525
2.324175
2.33785
2.390275
2.426475
2.476125
2.488375
2.540875
2.659975
2.8427
2.850825
2.8877
2.8989
3.128075
3.13055
3.24185
3.39835
3.418725
3.508425
3.509375
3.60005
3.673325
3.702425
4.099
4.101075
4.312875
4.32585
4.345125
4.346525
4.3807
4.42105
4.50225
4.53245
4.60845
4.904875
5.082125
5.093975
5.146825
5.2349
5.274675
5.51785
5.529775
5.6261
5.6322
5.675375
5.706625
5.86565
5.940975
6.0273
6.042375
6.072425
6.10975
6.305825
6.340425
6.748675
6.9017
6.996775
7.0204
7.115125
7.29455
7.431525
7.610525
7.64115
7.6768
7.8306
7.884225
8.044825
8.107575
8.28385
8.34335
8.76405
8.770325
8.837025
8.89435
9.252425
9.945775
9.996075
164
