0.15425
0.272325
0.35075
0.38715
0.42235
0.452725
0.479075
0.4808
0.516475
0.5182
0.52235
0.531925
0.533725
0.54075
0.555375
0.5604
0.5633
0.56725
0.580075
0.587875
0.6114
0.612625
0.6307
0.6496
0.663975
0.6702
0.6705
0.67505
0.68095
0.682925
0.68565
0.698475
0.72215
0.722425
0.728875
0.7333
0.7578
0.768325
0.812675
0.81715
0.82005
0.821625
0.838675
0.84185
0.871225
0.876425
0.88295
0.891
0.899875
0.93465
0.9454
0.969275
0.987
0.989275
1.025575
1.074675
1.076675
1.07915
1.09895
1.10315
1.12545
1.1745
1.19345
1.24125
1.250125
1.296025
1.29715
1.315175
1.324175
1.339525
1.35385
1.359075
1.364875
1.3945
1.41725
1.43255
1.446175
1.44895
1.621475
1.6563
1.6896
1.7984
1.80995
1.845275
1.94295
1.965675
1.966125
1.967225
1.98385
2.00755
2.025025
2.028325
2.0915
2.124275
2.198475
2.23165
2.261675
2.4006
2.40305
2.453125
2.57515
2.601875
2.693475
2.780175
2.915375
2.981025
3.02775
3.092675
3.10355
3.17015
3.173875
3.349125
3.52075
3.535975
3.59555
3.6416
3.659375
3.68295
3.7466
3.889825
3.920525
4.01515
4.03915
4.092075
4.149425
4.155125
4.19155
4.227975
4.449975
4.489675
4.546075
4.78245
4.80785
4.929725
4.935675
4.996525
5.01335
5.064625
5.087075
5.094475
5.1715
5.17415
5.251625
5.256375
5.38245
5.40785
5.55845
5.66545
5.7619
5.92375
6.003775
6.045175
6.13055
6.6722
6.92355
6.975925
6.980625
6.998775
7.001175
7.2719
7.3511
7.439325
7.470325
7.6391
7.668475
7.87955
8.104525
8.332875
8.775675
8.80455
8.94155
9.307
9.64615
9.6803
9.857325
9.924425
176
