0.016925
0.035825
0.2445
0.28985
0.298825
0.469325
0.47625
0.4937
0.505475
0.505925
0.5107
0.521775
0.546625
0.548825
0.54895
0.5558
0.55705
0.56255
0.57185
0.57575
0.5778
0.608875
0.61055
0.621
0.623025
0.628875
0.653325
0.673325
0.701775
0.7099
0.7366
0.765275
0.7672
0.78165
0.8191
0.82235
0.8238
0.830775
0.837375
0.883275
0.9051
0.90905
0.92125
0.9656
0.97855
1.024775
1.0309
1.052
1.058425
1.05875
1.0606
1.08425
1.096
1.133975
1.152925
1.154625
1.17495
1.212125
1.2441
1.270375
1.287625
1.30655
1.3149
1.3735
1.48015
1.48595
1.5744
1.582375
1.593925
1.620925
1.62255
1.946825
1.988775
2.037925
2.095475
2.143525
2.190875
2.19585
2.206075
2.2114
2.228125
2.288175
2.374975
2.388575
2.403125
2.446675
2.565525
2.8085
2.867125
2.899175
3.02745
3.041775
3.0545
3.21885
3.258475
3.26445
3.308025
3.380025
3.515675
3.622075
3.67105
3.701825
3.790125
3.841975
4.06015
4.200525
4.22775
4.27695
4.402225
4.660375
4.721875
4.722025
4.798325
4.8704
5.466225
5.528225
5.56155
5.735525
6.041175
6.080275
6.135475
6.201275
6.220375
6.4925
6.709675
6.81655
6.83115
6.9228
6.96695
7.24965
7.443925
7.483925
7.716675
7.79825
7.84435
7.923275
7.95865
8.0123
8.078275
8.314525
8.424525
8.4874
8.5066
8.73465
8.849025
9.03415
9.062575
9.76535
9.771175
9.77575
150
