0.122325
0.212625
0.475375
0.484025
0.488825
0.498675
0.507175
0.5117
0.5165
0.533525
0.54225
0.564575
0.56575
0.579875
0.589325
0.5939
0.6216
0.637275
0.6384
0.64095
0.6455
0.65975
0.6636
0.665725
0.66725
0.671925
0.687775
0.695975
0.7412
0.74145
0.7726
0.8082
0.82535
0.852125
0.892875
0.89385
0.940975
0.944075
0.9448
0.97675
0.9925
1.010775
1.038225
1.06515
1.07915
1.097575
1.122975
1.1295
1.167775
1.197875
1.208625
1.21285
1.226525
1.253475
1.2587
1.330675
1.369375
1.383125
1.38555
1.4244
1.46765
1.4846
1.489175
1.498625
1.513725
1.52845
1.59825
1.6306
1.65725
1.676725
1.6904
1.75185
1.7838
1.8265
1.9332
1.9661
2.0826
2.09955
2.191775
2.196125
2.199625
2.3057
2.33395
2.383925
2.39755
2.42435
2.4422
2.547525
2.60365
2.723725
2.81715
2.948225
3.061175
3.28555
3.389275
3.599175
3.659025
3.680475
3.69275
3.727
3.80495
3.93055
4.0548
4.1222
4.1688
4.2444
4.3674
4.37325
4.640175
4.64505
4.746875
4.90865
4.981875
5.117225
5.176425
5.198125
5.2262
5.278975
5.32515
5.339575
5.35945
5.496025
5.543325
5.569125
5.614425
5.6774
5.995775
6.018325
6.043025
6.235325
6.578475
6.7565
6.8483
6.923775
6.998275
7.15045
7.161825
7.24145
7.309425
7.4874
7.55705
7.57745
7.632875
7.687925
8.0288
8.0332
8.0437
8.232275
8.2794
8.321525
8.378125
8.586075
8.622175
8.70725
8.7903
8.794
8.948225
8.990675
9.067475
9.25195
9.428475
9.5196
9.58575
9.6793
9.872725
165
