0.10925
0.241
0.283175
0.41625
0.4924
0.499425
0.49945
0.5225
0.5227
0.528525
0.53
0.53405
0.5492
0.551275
0.557825
0.579325
0.619725
0.623975
0.626925
0.63465
0.637025
0.6471
0.65605
0.657425
0.6644
0.665475
0.67885
0.6873
0.68745
0.71755
0.7185
0.727125
0.766275
0.7941
0.7999
0.8006
0.803625
0.838
0.84105
0.847
0.881125
0.920975
0.930325
0.94925
0.982375
0.9934
0.997775
1.017375
1.06055
1.064975
1.1312
1.198375
1.223325
1.4367
1.467175
1.4798
1.4803
1.508075
1.527475
1.533575
1.562025
1.562975
1.583625
1.59335
1.68365
1.7551
1.8684
1.871575
1.9182
1.96975
2.118225
2.1653
2.189
2.196375
2.32865
2.371325
2.376175
2.425775
2.46515
2.535975
2.601775
2.63135
2.64715
2.66745
2.704375
2.750325
2.76635
2.7669
2.7725
3.1174
3.188875
3.2602
3.36285
3.48805
3.5124
3.532275
3.589375
3.64615
3.7242
3.7521
3.772675
3.877725
4.0394
4.063525
4.06865
4.194375
4.194525
4.218975
4.225925
4.266825
4.33535
4.417525
4.48185
4.570725
4.648275
4.807425
5.025675
5.180075
5.3089
5.3454
5.603575
5.634275
5.86355
5.9298
5.931575
5.9873
6.1132
6.18125
6.37745
6.672275
6.7509
6.760925
6.7988
6.8757
6.951975
7.056275
7.119825
7.167775
7.26525
7.289125
7.431875
7.578925
7.581225
7.592175
7.8156
7.905575
7.9288
8.026175
8.136725
8.191325
8.44435
8.576275
8.673425
8.77215
8.811925
8.822325
8.86315
9.13985
9.163725
9.335075
9.41285
9.698425
9.7025
9.80095
9.814075
165
