0.17605
0.3179
0.491625
0.495275
0.499225
0.503125
0.509725
0.525
0.531425
0.53645
0.5374
0.552775
0.5616
0.6043
0.6217
0.648075
0.695175
0.708775
0.7091
0.739675
0.7453
0.7578
0.75815
0.765325
0.7669
0.77065
0.793075
0.8032
0.8071
0.8101
0.8313
0.844075
0.85515
0.865575
0.8755
0.879775
0.8801
0.8967
0.9066
0.93275
0.94905
0.951475
0.961375
0.97675
0.980425
0.9903
1.0128
1.0585
1.0761
1.078475
1.090375
1.215475
1.2263
1.2304
1.310075
1.37615
1.44725
1.576075
1.5844
1.6193
1.6984
1.70205
1.7361
1.746025
1.81255
1.8284
1.8639
2.15185
2.202175
2.2788
2.306725
2.33625
2.39125
2.425975
2.47405
2.5051
2.66485
2.73105
2.75355
3.072875
3.1285
3.23875
3.241575
3.391425
3.449825
3.5113
3.51365
3.64195
3.7313
3.7811
3.809375
3.9541
3.96145
4.018225
4.0195
4.0196
4.0242
4.042275
4.055975
4.092425
4.113475
4.12175
4.197275
4.41475
4.459475
4.471225
4.5101
4.658525
4.70995
4.73035
4.7615
4.771425
4.786925
4.7897
4.817025
4.85235
4.868275
5.29535
5.371475
5.466525
5.530425
5.59365
5.6983
5.7983
5.89365
6.0014
6.044725
6.119925
6.18995
6.32395
6.533425
6.5901
6.618275
6.891775
6.9501
6.9762
7.0744
7.0861
7.162525
7.274475
7.31495
7.3322
7.426225
7.85555
8.2073
8.509325
8.5356
8.556225
8.614425
8.6399
8.7843
8.89405
8.986625
8.989975
9.102225
9.23775
9.369475
9.51655
9.619825
9.703225
9.84815
161
