0.089825
0.41755
0.46505
0.4855
0.497375
0.51345
0.516175
0.5162
0.529475
0.545675
0.571425
0.581125
0.6042
0.612075
0.64445
0.673
0.678725
0.67995
0.689075
0.68935
0.7229
0.7323
0.74015
0.747475
0.767025
0.782425
0.790275
0.796975
0.8122
0.8189
0.827275
0.90685
0.91585
0.92335
0.93995
0.949325
0.971275
0.97665
0.980475
1.036525
1.03915
1.04085
1.04635
1.074
1.108175
1.22725
1.256125
1.26365
1.2736
1.347075
1.409225
1.44955
1.454475
1.51585
1.5449
1.56445
1.64265
1.7564
1.82025
1.828075
1.86795
1.90405
1.904375
1.96985
2.064175
2.182725
2.267275
2.3227
2.345175
2.3535
2.42575
2.4608
2.4789
2.4877
2.5926
2.593625
2.866725
2.945925
2.974275
2.975575
3.015575
3.034425
3.239275
3.28045
3.445175
3.457975
3.56695
3.578425
3.6745
3.740075
3.85695
3.921125
3.93
3.9423
3.953775
4.027375
4.16
4.163725
4.24035
4.267275
4.419975
4.441
4.553375
4.6465
4.6785
4.726725
4.938425
4.9669
5.020675
5.078575
5.1445
5.161975
5.22905
5.36275
5.44415
5.5092
5.56085
5.61105
5.85815
6.0443
6.078625
6.1065
6.3612
6.428275
6.5865
6.669425
7.35495
7.39935
7.431525
7.574375
7.697925
7.747575
7.7482
7.8183
7.976975
8.102925
8.16005
8.3833
8.392925
8.4627
8.6381
8.65375
8.6638
8.687225
9.166575
9.20055
9.35695
9.41125
9.51425
149
