0.25045
0.4267
0.43865
0.4619
0.49205
0.519275
0.52075
0.524525
0.52595
0.5267
0.5348
0.53555
0.537075
0.55635
0.566125
0.568475
0.5709
0.576325
0.5792
0.583975
0.586875
0.59885
0.60165
0.610175
0.62085
0.628225
0.630175
0.63775
0.640925
0.6551
0.67065
0.676725
0.6799
0.691475
0.694325
0.69905
0.7001
0.70305
0.70505
0.706525
0.784375
0.800025
0.845375
0.852125
0.878825
0.890075
0.89085
0.892025
0.926825
0.93105
0.979425
0.9908
0.992525
1.00355
1.027775
1.07935
1.0982
1.10045
1.12855
1.129325
1.1443
1.155475
1.160075
1.234325
1.2407
1.24885
1.2738
1.338125
1.398825
1.458675
1.472775
1.485375
1.496825
1.5173
1.560475
1.657575
1.704325
1.7144
1.741375
1.746
1.798325
1.8106
1.95295
1.96585
1.99635
2.123425
2.35275
2.435475
2.653175
2.745225
2.812925
2.848725
2.912575
2.929125
2.9792
3.02995
3.03225
3.032725
3.165425
3.211
3.260475
3.32285
3.380375
3.393275
3.39655
3.4048
3.563175
3.5804
3.6829
3.71905
3.819075
3.870725
3.89815
3.9288
3.98475
4.1106
4.124175
4.12455
4.149375
4.23455
4.264125
4.28795
4.33915
4.522
4.73
4.772075
4.89225
4.909275
5.057525
5.1072
5.114675
5.1346
5.199925
5.401825
5.47585
5.633275
5.717425
5.76485
5.882975
6.03655
6.051475
6.052175
6.114575
6.2704
6.27305
6.377225
6.378275
6.39445
6.513075
6.8799
6.91515
7.08545
7.1049
7.452
7.504325
7.56685
7.707175
7.8805
7.9233
8.0877
8.21925
8.307425
8.3438
8.557625
8.570325
8.806375
9.134475
9.468625
9.5004
9.730075
170
