0.085425
0.0871
0.3254
0.4346
0.5034
0.506325
0.512275
0.518475
0.53495
0.5362
0.558025
0.57205
0.590125
0.605275
0.615025
0.635275
0.66835
0.69205
0.70665
0.710675
0.725425
0.72975
0.7448
0.745575
0.765
0.772675
0.791425
0.823525
0.8273
0.82795
0.84885
0.85315
0.867375
0.878525
0.88465
0.897125
0.9065
0.9444
0.956675
0.976225
1.054925
1.056325
1.06395
1.09615
1.103175
1.17155
1.19765
1.19875
1.204525
1.260975
1.274325
1.286175
1.291875
1.329575
1.35565
1.3993
1.4063
1.41045
1.463925
1.467
1.469875
1.483425
1.491275
1.54615
1.5817
1.657025
1.66435
1.6827
1.69085
1.877025
1.884375
1.89935
2.112075
2.11885
2.14655
2.24365
2.33065
2.352925
2.357025
2.36365
2.3681
2.472075
2.47385
2.516275
2.580575
2.6348
2.730075
2.772625
2.8714
2.88175
2.8923
3.0004
3.0344
3.085325
3.27815
3.344625
3.344925
3.36045
3.383775
3.40665
3.419625
3.4676
3.534575
3.6048
3.618025
3.655575
3.71835
3.727
3.84465
3.874575
3.949225
3.972125
4.01805
4.100425
4.141375
4.1448
4.185875
4.20675
4.221525
4.30715
4.4019
4.426075
4.535275
4.539025
4.828525
4.951175
5.072375
5.162025
5.263275
5.294775
5.337375
5.346825
5.491625
5.5758
5.63085
5.691625
5.767725
5.7793
5.843375
5.877075
5.89665
5.952525
6.198925
6.216475
6.2787
6.5523
6.806425
6.855525
6.900525
6.970975
7.09515
7.428325
7.528575
7.6128
7.61695
7.6203
7.688575
7.861125
7.965225
8.1039
8.212075
8.266075
8.327125
8.6385
8.66305
8.712675
8.837925
8.89045
8.9578
9.0402
9.164725
9.2095
9.216725
9.491525
9.7861
9.92775
9.96485
9.967075
178
