0.1998
0.475825
0.476925
0.48395
0.4909
0.493425
0.506625
0.5134
0.524225
0.54005
0.5478
0.580375
0.59265
0.59935
0.6052
0.61085
0.633825
0.635825
0.6598
0.66405
0.66545
0.674575
0.67895
0.723375
0.728
0.7292
0.730075
0.7329
0.738
0.752475
0.758125
0.75875
0.7607
0.769375
0.771975
0.775375
0.7941
0.799575
0.802225
0.81505
0.82265
0.8349
0.835325
0.839025
0.86385
0.8641
0.869
0.879375
0.925525
0.936425
0.938575
0.96035
1.035575
1.058275
1.0688
1.116125
1.126475
1.154925
1.15725
1.178825
1.18615
1.289475
1.290325
1.29855
1.334175
1.384525
1.3973
1.403
1.417375
1.431875
1.53535
1.582525
1.599025
1.640825
1.71005
1.72045
1.72455
1.79235
1.840325
1.8522
1.85445
1.874075
2.0539
2.102375
2.111675
2.141425
2.161225
2.2078
2.218025
2.2311
2.249175
2.29995
2.35305
2.3762
2.38535
2.398825
2.4928
2.522225
2.55085
2.554675
2.6331
2.63875
2.68295
2.8105
2.844575
2.89355
2.907675
2.9359
3.228675
3.277025
3.295075
3.313675
3.34335
3.452325
3.566775
3.71295
3.7329
3.805275
3.90495
4.02725
4.027525
4.061175
4.194775
4.2006
4.503975
4.5119
4.5903
4.814925
4.829325
4.96285
4.96645
5.0279
5.12065
5.23155
5.2623
5.4646
5.4857
5.48675
5.489625
5.50375
5.768
5.787425
6.18415
6.5352
6.584925
6.62875
6.684
6.859875
6.998075
7.040125
7.048425
7.352325
7.429575
7.652525
7.79905
7.82665
7.899225
7.9141
7.9343
7.978625
7.97975
8.0282
8.129125
8.154375
8.3464
8.4826
8.583425
8.62175
8.905725
8.97635
9.0862
9.093875
9.1282
9.326125
9.422475
9.5046
9.505175
9.53525
9.79175
9.81605
9.85145
181
