0.043175
0.0855
0.4433
0.502925
0.5079
0.512725
0.517875
0.519725
0.5352
0.5498
0.567
0.5734
0.5899
0.597175
0.598175
0.60245
0.6065
0.637225
0.666775
0.667675
0.66805
0.6953
0.716225
0.719075
0.725975
0.732325
0.74845
0.755
0.76415
0.76635
0.774625
0.779525
0.826925
0.829775
0.8316
0.85865
0.86315
0.8707
0.9266
0.936875
0.9408
0.94375
0.956775
0.9796
1.0004
1.01155
1.03085
1.055275
1.058225
1.083325
1.12275
1.163325
1.188875
1.2415
1.24225
1.244725
1.24855
1.253525
1.2786
1.307975
1.315
1.3671
1.435225
1.458575
1.4694
1.469825
1.4735
1.475075
1.48025
1.542575
1.551225
1.564275
1.578825
1.611475
1.6453
1.660225
1.71455
1.719475
1.761825
1.8195
1.82945
1.936975
1.978225
1.9979
2.0044
2.140775
2.146325
2.192225
2.240975
2.244075
2.266375
2.428575
2.4591
2.535675
2.561925
2.5896
2.61885
2.619475
2.633
2.641175
2.705
2.762675
2.7784
2.7956
2.83585
2.894475
2.983225
3.144275
3.18395
3.299925
3.343425
3.359225
3.446775
3.46505
3.4929
3.576125
3.646575
3.68915
3.789875
3.82755
4.014525
4.08515
4.23385
4.241525
4.4158
4.43415
4.503025
4.550075
4.6058
4.62975
4.640075
4.6409
4.692825
4.75075
4.89145
4.931275
4.944625
5.1346
5.145
5.220825
5.59855
5.712175
5.9202
6.03745
6.084125
6.2061
6.307025
6.4114
6.577625
6.75765
6.80275
6.878025
6.9971
7.074625
7.127625
7.26185
7.386325
7.51025
7.637475
7.822425
8.177075
8.21335
8.36065
8.48955
8.49135
8.50015
8.558975
8.799575
9.2532
9.645125
9.9993
171
