0.0896
0.453975
0.47795
0.492975
0.500125
0.50295
0.508175
0.513875
0.523075
0.531375
0.532025
0.533675
0.5346
0.53845
0.5411
0.541225
0.569725
0.578
0.5828
0.5852
0.592525
0.59485
0.597
0.61635
0.616575
0.6431
0.643525
0.659275
0.659975
0.663375
0.66405
0.665075
0.6797
0.693775
0.706025
0.735325
0.738725
0.74205
0.7519
0.764525
0.78275
0.7865
0.787125
0.797275
0.8065
0.819
0.828475
0.833
0.864475
0.866425
0.889825
0.929225
0.934425
0.940625
0.9738
0.99335
1.050625
1.055125
1.0563
1.12655
1.139875
1.162425
1.181425
1.19885
1.257175
1.3472
1.41645
1.42265
1.4238
1.44685
1.458525
1.46755
1.47475
1.480525
1.48805
1.4906
1.5621
1.562325
1.57405
1.636475
1.643575
1.706075
1.7233
1.730925
1.77965
1.7984
1.81155
1.85175
1.86445
1.940825
1.997575
2.015025
2.137875
2.154025
2.192025
2.3189
2.3792
2.455325
2.526225
2.66445
2.73055
2.86645
2.930725
2.96445
3.040525
3.103325
3.123825
3.144775
3.18545
3.23465
3.31405
3.3854
3.39805
3.461175
3.46805
3.518325
3.762625
3.764575
3.804275
3.865625
3.9316
3.9906
4.2616
4.2742
4.39225
4.490325
4.5836
4.62945
4.837725
4.883825
4.967
5.130225
5.2795
5.2836
5.31265
5.584725
5.6933
5.74475
5.80365
6.18545
6.3188
6.4753
6.6295
6.645025
6.662025
6.67565
6.835625
6.924775
6.9811
7.3684
7.4289
7.81275
7.8626
7.885475
8.06025
8.157
8.259825
8.364775
8.3799
8.507625
8.730275
8.78935
8.8195
9.0051
9.22395
9.280625
9.297775
9.657825
9.74865
9.9261
9.99665
171
