0.0379
0.12155
0.3551
0.4021
0.432925
0.51405
0.532475
0.54125
0.54755
0.5544
0.555475
0.580325
0.59655
0.5993
0.5995
0.6227
0.634575
0.635425
0.640075
0.641025
0.64795
0.6544
0.65685
0.6618
0.67245
0.6772
0.698425
0.73665
0.752725
0.783275
0.7872
0.7899
0.797225
0.84175
0.8545
0.891
0.908925
0.910475
0.9266
0.9346
0.94675
0.948575
0.948725
1.03485
1.05635
1.058875
1.099475
1.10365
1.112875
1.200825
1.20215
1.265525
1.2716
1.29395
1.3025
1.3057
1.349175
1.37555
1.389675
1.3923
1.4055
1.456425
1.4809
1.496475
1.551425
1.571175
1.5797
1.618025
1.656725
1.70735
1.711725
1.7282
1.763025
1.84435
1.891725
1.90645
2.01625
2.0215
2.08275
2.097925
2.212975
2.2748
2.331825
2.335925
2.4358
2.461775
2.469575
2.635125
2.68045
2.756775
2.788975
2.824675
2.847425
3.089125
3.114275
3.1277
3.13485
3.209
3.3216
3.49235
3.612875
3.6222
3.636625
3.68275
3.82385
3.85905
3.940475
4.008225
4.0466
4.129775
4.153675
4.162825
4.196
4.347325
4.477575
4.641875
4.6768
4.690625
4.778725
4.817275
4.89905
4.9647
4.978925
5.2743
5.328075
5.33175
5.363375
5.372075
5.487575
5.594975
5.6143
5.775525
5.8998
6.110875
6.177225
6.23805
6.516325
6.801175
6.8102
6.880075
6.895875
6.9405
7.082875
7.206475
7.767975
8.092175
8.1354
8.3975
8.572775
8.857175
8.9389
9.073475
9.28405
9.3864
154
