0.041025
0.153025
0.1932
0.42735
0.477775
0.481125
0.494725
0.499525
0.503575
0.521575
0.530975
0.5312
0.534575
0.5523
0.55315
0.55355
0.5916
0.607275
0.6147
0.626275
0.6367
0.6464
0.658275
0.687375
0.69175
0.69305
0.693775
0.700875
0.702675
0.716275
0.732525
0.73795
0.7472
0.7515
0.762275
0.776125
0.776475
0.826
0.8406
0.861975
0.8657
0.87475
0.89
0.897725
0.902775
0.917325
0.93965
0.9417
0.9566
0.996875
1.0271
1.036525
1.09405
1.094125
1.098425
1.11095
1.1409
1.1538
1.17025
1.182375
1.254475
1.3154
1.356075
1.40835
1.456975
1.45985
1.513225
1.54305
1.580475
1.593125
1.64675
1.67125
1.68265
1.826275
1.924925
1.948675
1.9614
1.9986
2.036975
2.1356
2.173475
2.186725
2.1943
2.272675
2.292925
2.333425
2.3591
2.384025
2.40145
2.407375
2.50225
2.58415
2.595525
2.62615
2.811025
2.824525
2.867525
2.8708
2.8914
2.9306
2.935425
2.93675
2.993875
3.0594
3.10225
3.14595
3.274875
3.283
3.3951
3.4894
3.552275
3.557075
3.624625
3.6681
3.8138
3.919925
4.138025
4.21735
4.22675
4.3123
4.325325
4.3589
4.36685
4.4261
4.430925
4.588425
4.59685
4.684775
4.836775
5.02285
5.086725
5.27825
5.3709
5.379
5.51585
5.668975
5.71665
5.730275
5.7471
5.8603
5.9312
5.934425
5.984575
6.022
6.028675
6.133325
6.19325
6.221225
6.317975
6.427625
6.524925
6.53565
6.5904
6.74735
6.819175
6.880875
6.980075
6.993875
7.0089
7.01395
7.338275
7.634175
7.703325
7.782525
7.882525
7.928425
8.03135
8.100575
8.139525
8.50385
8.704775
8.715225
8.8204
8.924625
8.9354
9.0069
9.045125
9.08005
9.2974
9.366525
9.392
9.6213
9.655025
9.782275
9.794375
185
