0.36395
0.4646
0.4724
0.484975
0.493025
0.525675
0.54435
0.550225
0.555
0.56625
0.6068
0.63875
0.649325
0.66035
0.665775
0.6795
0.68
0.6851
0.688875
0.6967
0.70465
0.712825
0.7136
0.71655
0.718975
0.780425
0.807775
0.8141
0.823925
0.841825
0.842775
0.8433
0.846025
0.8794
0.89865
0.901925
0.93745
0.94185
0.95135
0.977625
0.98375
0.999425
1.010675
1.019625
1.115775
1.1337
1.1607
1.18185
1.190275
1.214375
1.2229
1.231325
1.24525
1.2465
1.28985
1.378925
1.389425
1.40475
1.43875
1.43925
1.454975
1.460275
1.6225
1.79965
1.871575
1.88975
1.971975
1.976625
1.98115
2.016925
2.1064
2.1402
2.2055
2.2162
2.24375
2.257775
2.279
2.312525
2.31615
2.378525
2.406275
2.40775
2.428025
2.444375
2.540775
2.60545
2.614875
2.652575
2.672425
2.67695
2.68715
2.696575
2.7673
2.842
2.85805
2.87015
2.872
3.012375
3.044725
3.10905
3.140625
3.1531
3.20335
3.22745
3.26775
3.3128
3.4199
3.594175
3.7012
3.7014
3.96445
3.98865
4.102725
4.132975
4.140675
4.210675
4.2977
4.416575
4.4495
4.5101
4.6919
4.7024
4.74565
4.810325
4.86
4.931325
5.088175
5.6021
5.62545
5.665225
5.743125
5.79235
5.944975
5.9711
5.98675
5.98965
6.02695
6.10325
6.2164
6.284675
6.3315
6.371275
6.537675
6.625475
6.715525
6.73575
6.821125
6.8397
6.864275
6.99455
7.0806
7.082125
7.21265
7.256375
7.25725
7.352575
7.430675
7.5194
7.56845
7.6141
7.6285
8.157425
8.290925
8.47045
8.636975
8.8511
8.972775
9.04245
9.06595
9.07425
9.1006
9.23415
9.364175
9.59685
9.668925
9.7768
9.8644
177
