0.026625
0.071975
0.093275
0.1218
0.16545
0.23
0.285325
0.29965
0.453975
0.46625
0.518125
0.522475
0.52285
0.536825
0.55125
0.565775
0.5781
0.588625
0.615625
0.616675
0.62265
0.631025
0.632275
0.6324
0.63385
0.6373
0.638375
0.64115
0.6679
0.671525
0.675525
0.678175
0.683725
0.690125
0.696875
0.717325
0.72275
0.762225
0.764975
0.8052
0.830375
0.83555
0.848475
0.855225
0.894925
0.908975
0.944
0.968325
0.9698
0.973175
0.984525
0.997775
1.0141
1.016525
1.034925
1.0613
1.07915
1.0802
1.093625
1.10315
1.106225
1.137525
1.147625
1.17395
1.19905
1.243025
1.317925
1.3269
1.3352
1.33785
1.346125
1.371425
1.390725
1.3922
1.414175
1.4934
1.509675
1.528975
1.686775
1.756175
1.769525
1.81435
1.862375
1.9015
2.0123
2.0167
2.05935
2.179675
2.24415
2.330475
2.349725
2.40555
2.534925
2.535075
2.5854
2.657
2.67925
2.707325
3.1138
3.132625
3.22385
3.2635
3.28205
3.357225
3.37215
3.420225
3.440625
3.6917
3.761675
3.842025
3.852
3.877925
3.906275
3.948625
4.054925
4.1734
4.242275
4.2509
4.373325
4.4323
4.507675
4.510025
4.63585
4.65415
4.69055
4.712625
4.7155
4.9116
5.077775
5.109025
5.118025
5.2936
5.4087
5.565775
5.6748
5.84805
6.12055
6.179975
6.4678
6.72545
6.73905
6.8938
7.573025
7.69395
7.733425
7.783
7.88265
7.9143
7.983275
8.016175
8.1692
8.313225
8.3159
8.36065
8.421725
8.423
8.69295
8.760425
8.764875
8.88015
8.922625
9.080575
9.156425
9.240325
9.329525
9.481275
9.562625
9.631125
9.707075
9.781925
9.8142
9.938425
9.945825
173
