0.396875
0.4359
0.45645
0.482025
0.502025
0.53575
0.53965
0.55765
0.56955
0.579025
0.61095
0.6142
0.634775
0.646375
0.655525
0.690525
0.70445
0.7052
0.726725
0.72745
0.72945
0.750675
0.804
0.80565
0.83095
0.88915
0.907525
0.923475
0.932775
0.93675
0.97145
0.98015
1.04755
1.07185
1.0852
1.08605
1.152275
1.154075
1.178325
1.259375
1.263925
1.2878
1.2986
1.316075
1.325875
1.344525
1.3939
1.448525
1.45855
1.4677
1.507125
1.568875
1.583625
1.6264
1.6347
1.6566
1.6966
1.7449
1.7624
1.7966
1.82215
2.023325
2.04695
2.0663
2.12455
2.247425
2.319475
2.336575
2.404275
2.416225
2.47035
2.701825
2.7267
2.762825
3.128275
3.1477
3.371475
3.375225
3.438475
3.542975
3.667275
3.6909
3.813475
3.854475
3.98965
4.0211
4.1192
4.1719
4.17655
4.204775
4.45215
4.45455
4.744375
4.8167
4.82355
4.854425
4.957075
5.038325
5.213975
5.281525
5.319225
5.378875
5.507475
5.5265
5.5999
5.8427
5.928175
5.97025
6.05685
6.09785
6.17065
6.20875
6.232125
6.3535
6.43775
6.5461
6.557175
6.598975
6.889175
6.949975
7.229475
7.235725
7.572575
7.8244
7.91035
8.0632
8.095625
8.387525
8.417425
8.4676
8.6174
8.685425
8.8632
8.9279
9.5209
9.55435
9.5866
9.595675
9.604325
9.880675
9.8815
141
