0.103275
0.223625
0.229525
0.337
0.359475
0.422025
0.437875
0.4878
0.499525
0.51035
0.51265
0.5345
0.5405
0.557625
0.56035
0.585075
0.613175
0.6204
0.703325
0.73995
0.7423
0.746575
0.776775
0.783
0.7927
0.80535
0.831575
0.863025
0.8772
0.878775
0.888
0.898025
0.8996
0.914275
0.948275
0.95595
0.99975
1.038175
1.0913
1.103225
1.17225
1.27285
1.300575
1.32985
1.439675
1.442775
1.476675
1.485
1.5294
1.5672
1.638325
1.64975
1.66105
1.7237
1.740925
1.749775
1.8026
1.81985
1.828775
1.91445
1.93675
1.955375
1.964225
1.985725
2.08065
2.120825
2.1488
2.14945
2.170675
2.2108
2.2264
2.2508
2.2575
2.389075
2.475
2.550225
2.5573
2.57295
2.634
2.7541
2.77015
2.8055
2.83365
2.89685
2.9714
2.995125
3.02695
3.102875
3.140625
3.182875
3.262675
3.30795
3.3081
3.3328
3.348225
3.409075
3.470425
3.6567
3.807575
3.81955
3.85815
3.8991
3.9018
4.0766
4.089575
4.090775
4.12495
4.143775
4.212025
4.591325
4.6602
4.779175
5.003725
5.012425
5.037925
5.096125
5.209675
5.21505
5.217125
5.2862
5.33975
5.42345
5.453125
5.4736
5.491875
5.598025
5.670275
5.821425
5.8218
5.877575
5.995125
6.022425
6.0988
6.20335
6.2456
6.2527
6.32995
6.56525
6.7403
6.916925
6.9406
7.1004
7.304175
7.39725
7.46275
7.526525
7.636525
8.0795
8.106025
8.149775
8.41935
8.590475
8.79525
8.83085
8.86435
8.8674
8.941975
8.987225
9.10265
9.359325
9.404625
9.665225
9.7255
9.831875
9.8935
9.99245
166
