0.08675
0.096625
0.098425
0.1598
0.160425
0.29025
0.416475
0.4206
0.455875
0.46655
0.478275
0.5116
0.52295
0.52865
0.534325
0.5355
0.542575
0.557125
0.562275
0.57395
0.574275
0.578
0.57885
0.58365
0.590025
0.592225
0.600175
0.607925
0.612075
0.616375
0.62845
0.64375
0.659275
0.67235
0.69475
0.7061
0.70695
0.717625
0.729975
0.747225
0.7482
0.780875
0.7986
0.819525
0.839125
0.892375
0.8975
0.905875
0.9138
0.922275
0.93615
0.943725
0.9494
0.9628
0.994625
1.022425
1.0226
1.023525
1.08495
1.0894
1.090525
1.120575
1.136325
1.141075
1.155575
1.168675
1.19575
1.219975
1.231775
1.234225
1.234875
1.239525
1.267875
1.269025
1.3162
1.33275
1.381625
1.405075
1.417325
1.42885
1.50245
1.50695
1.53945
1.54995
1.550075
1.61895
1.6593
1.724825
1.756875
1.794675
1.806025
1.9522
1.97315
1.975525
2.079975
2.1182
2.208325
2.261825
2.2836
2.43425
2.4832
2.50675
2.55475
2.59765
2.6063
2.757175
2.80145
2.8518
2.85635
2.869975
2.892175
2.971175
2.9739
3.122575
3.27255
3.272975
3.424975
3.52245
3.64915
3.6599
3.73815
3.74535
3.7547
3.792425
3.849475
3.868675
4.02415
4.0653
4.084175
4.0941
4.3331
4.367975
4.590325
4.702975
4.74305
4.770475
4.7823
4.964525
4.9904
5.170025
5.247975
5.3258
5.3339
5.33995
5.40595
5.582875
5.783525
5.976475
6.1315
6.1464
6.157525
6.2286
6.44665
6.4921
6.5694
6.7778
6.80005
6.877775
6.94105
7.376625
7.41895
7.4288
7.614175
7.66745
7.8835
7.88935
7.91085
8.0469
8.133275
8.142325
8.23385
8.331275
8.5303
8.605175
8.94705
9.0574
9.1013
9.11365
9.3289
9.42325
9.42465
9.5296
9.5395
9.576925
9.57975
9.739
186
