0.2714
0.459175
0.474775
0.48065
0.49355
0.5046
0.51715
0.531875
0.5552
0.55925
0.56695
0.56795
0.57335
0.57395
0.57705
0.5836
0.593525
0.59635
0.602225
0.615
0.6176
0.619125
0.656075
0.674725
0.684
0.700325
0.722125
0.739275
0.758
0.76535
0.778525
0.8142
0.82115
0.82855
0.84765
0.856275
0.916825
0.96505
0.9774
0.994725
1.036175
1.043025
1.085975
1.101725
1.137725
1.173575
1.2343
1.25225
1.26215
1.29045
1.3835
1.4484
1.45215
1.459825
1.4829
1.48655
1.63545
1.642275
1.719025
1.731575
1.74425
1.7821
1.7917
1.81605
1.8465
1.855125
1.87265
1.874075
1.907925
1.9099
1.922625
2.009225
2.1257
2.220625
2.368475
2.397925
2.400925
2.447925
2.463625
2.489225
2.566325
2.70405
3.047475
3.048675
3.277175
3.3033
3.324125
3.32725
3.353
3.552975
3.58485
3.632275
3.63865
3.8563
3.884575
3.9573
4.029725
4.0359
4.0366
4.1117
4.116625
4.319725
4.4635
4.538125
4.604025
4.813525
4.922425
5.01545
5.204025
5.216975
5.236875
5.513725
5.6901
5.995575
6.131575
6.5749
6.58775
6.598775
6.805375
6.8774
6.905325
7.004075
7.135975
7.40445
7.804475
7.818625
7.9103
7.959125
8.04125
8.6437
8.8645
8.89565
8.933525
9.149625
9.216675
9.242825
9.366675
9.82595
9.902875
139
