0.110375
0.31625
0.3245
0.334075
0.434375
0.456275
0.466725
0.4907
0.49215
0.5045
0.5062
0.510575
0.5122
0.516625
0.527025
0.55945
0.56435
0.577775
0.583575
0.58415
0.58805
0.60985
0.611325
0.618225
0.6463
0.687525
0.6935
0.7034
0.71695
0.749525
0.7497
0.75155
0.762925
0.77505
0.784275
0.784725
0.791775
0.8047
0.807775
0.819375
0.8259
0.8586
0.8866
0.9016
0.911825
0.919975
0.922675
0.95595
0.965425
0.995625
1.01685
1.01705
1.063275
1.064325
1.1024
1.152025
1.162125
1.17295
1.1847
1.192075
1.24035
1.2564
1.2615
1.28415
1.320325
1.3297
1.40695
1.4262
1.443325
1.455975
1.4597
1.465325
1.4773
1.48595
1.544975
1.561775
1.610625
1.717625
1.7341
1.757375
1.789375
1.87415
1.908175
2.121575
2.148675
2.188375
2.2526
2.3294
2.436275
2.500325
2.61165
2.793175
2.94105
2.943925
2.95265
2.956125
2.97805
2.9835
3.09435
3.149925
3.1902
3.326325
3.530675
3.53385
3.70605
3.8182
4.143925
4.204925
4.269675
4.311
4.318675
4.37705
4.60805
4.652825
4.666175
4.67965
4.722975
4.723225
4.842025
4.86385
4.904875
5.0358
5.061875
5.0676
5.120375
5.199725
5.393525
5.42535
5.512825
5.52435
5.533
5.584125
5.61665
5.623475
5.7546
5.781725
5.8184
5.867125
5.880825
6.054725
6.0973
6.15825
6.250725
6.25715
6.28715
6.507775
6.56315
6.665075
6.676425
6.7329
6.836325
6.89465
6.9146
7.0527
7.134
7.14755
7.266425
7.267625
7.28965
7.289675
7.2941
7.30955
7.368325
7.4038
7.52695
7.59735
7.647475
7.746875
7.750975
7.940675
8.1085
8.196
8.252275
8.74145
8.795375
8.86425
8.8789
9.11625
9.16465
9.1789
9.409225
9.472625
9.520725
9.716325
9.782875
185
