0.019225
0.12515
0.40535
0.46705
0.494225
0.4957
0.4994
0.501125
0.51785
0.523075
0.526825
0.527975
0.53115
0.535825
0.558225
0.57175
0.5741
0.5913
0.59215
0.592975
0.5992
0.608475
0.617875
0.62
0.6312
0.64405
0.6458
0.647725
0.65055
0.651275
0.656775
0.6866
0.68955
0.6964
0.7034
0.70725
0.738375
0.739125
0.74525
0.78015
0.824625
0.832875
0.8365
0.8846
0.896025
0.897625
0.925175
0.93145
0.935675
0.939925
0.94735
1.080925
1.08615
1.088275
1.1384
1.145025
1.225575
1.293625
1.3389
1.34705
1.350125
1.458325
1.494275
1.51575
1.5597
1.602
1.6413
1.651925
1.6616
1.69935
1.7853
1.917925
1.959425
1.987825
2.032175
2.0685
2.133025
2.13915
2.25405
2.284625
2.304825
2.3247
2.4182
2.496775
2.5074
2.58705
2.650325
2.657875
2.666075
2.725775
2.774125
2.776225
2.79815
2.922075
2.971175
3.000825
3.019475
3.06905
3.092525
3.10175
3.16255
3.17305
3.284675
3.3406
3.39365
3.40285
3.6572
3.6836
3.832225
3.967375
4.089425
4.128875
4.22295
4.33785
4.4918
4.64105
4.784025
4.81655
4.832125
4.854825
5.255125
5.593725
5.60775
5.607775
5.678925
5.688375
5.71895
5.76095
5.76735
5.7818
5.82045
5.904225
6.143725
6.27565
6.3361
6.443925
6.566375
6.70535
6.731
6.776675
6.780125
7.009875
7.1144
7.17315
7.22535
7.3838
7.4221
7.5038
7.50395
7.5112
7.5947
7.770175
7.784325
7.804375
7.83555
7.9026
7.908075
7.911675
7.9907
8.263675
8.2891
8.37875
8.47185
8.58195
8.7828
8.8025
8.826525
8.837675
8.9153
8.9587
9.03285
9.0582
9.1715
9.235225
9.268075
9.286125
9.355
9.571675
9.641475
9.91455
9.974725
181
