0.0923
0.271825
0.466225
0.5057
0.517075
0.562275
0.5664
0.58935
0.59455
0.6018
0.61945
0.6422
0.6878
0.713
0.72545
0.7997
0.8226
0.838475
0.849975
0.85405
0.8949
0.90195
0.914325
1.00015
1.005725
1.02615
1.031975
1.033475
1.0346
1.0715
1.08725
1.1087
1.1533
1.1687
1.27205
1.304075
1.392
1.407275
1.41745
1.4194
1.4409
1.467175
1.47385
1.65135
1.662625
1.760875
1.768025
1.807875
1.951325
2.0758
2.0864
2.136725
2.1442
2.197825
2.276675
2.329675
2.3465
2.3538
2.356875
2.408275
2.414125
2.431625
2.459475
2.516625
2.621975
2.6324
2.64955
2.652875
2.660325
2.693675
2.695425
2.7689
2.825375
2.876125
2.911375
2.912425
3.044025
3.1332
3.146
3.171025
3.240725
3.26465
3.2807
3.488775
3.51965
3.548625
3.55645
3.77635
3.833375
3.84265
3.858575
3.8923
3.897125
3.94845
4.085125
4.1145
4.169425
4.2697
4.291925
4.331725
4.3608
4.363225
4.592575
4.60295
4.757875
4.855275
4.863125
4.890725
4.9839
5.014275
5.10905
5.17025
5.20385
5.2297
5.263725
5.46095
5.7408
5.77345
5.853875
5.885275
5.9303
5.961275
5.96315
6.005425
6.027475
6.031275
6.037625
6.176975
6.249275
6.3112
6.335075
6.791975
6.980425
7.290075
7.3121
7.48905
7.67315
7.748475
7.775625
7.964725
8.004025
8.0065
8.1011
8.308525
8.3657
8.370575
8.658075
8.689375
8.724525
8.7321
8.959475
8.96385
8.99185
9.030525
9.22775
9.24555
9.275425
9.3865
9.457075
9.485525
9.56685
9.5912
9.593775
9.6635
9.719225
9.76215
9.88135
167
