0.006875
0.28805
0.4639
0.480625
0.480975
0.509875
0.525475
0.541825
0.549725
0.554075
0.5719
0.58115
0.59195
0.59405
0.615325
0.61715
0.622475
0.62825
0.629625
0.62965
0.635375
0.6572
0.65895
0.66755
0.69795
0.752975
0.75955
0.76595
0.776275
0.8055
0.806825
0.81325
0.821375
0.843825
0.855525
0.857675
0.861575
0.87025
0.870425
0.8725
0.876975
0.8819
0.8927
0.92
0.945225
0.97795
1.058225
1.0846
1.08475
1.094425
1.110875
1.1396
1.231275
1.2349
1.276775
1.31165
1.378
1.38965
1.524225
1.56955
1.689575
1.696925
1.72795
1.819125
1.8367
1.848125
2.05885
2.102525
2.24835
2.3089
2.315475
2.33245
2.3713
2.548075
2.68055
2.691375
2.74525
2.7565
2.8714
2.889225
2.915125
2.956125
2.96645
3.03105
3.0557
3.24125
3.36065
3.369175
3.394925
3.403125
3.436
3.4791
3.55295
3.70055
3.7168
3.9253
4.004525
4.01335
4.073675
4.1664
4.221125
4.38655
4.513425
4.53035
4.54695
4.561075
4.5755
4.57735
4.65
4.901725
5.0466
5.102425
5.140675
5.188025
5.28425
5.325125
5.359575
5.513475
5.5515
5.6745
5.715925
5.812475
5.879875
5.88965
5.913825
5.9176
5.983425
6.064675
6.1672
6.260175
6.310025
6.31325
6.46255
6.619225
6.750725
6.826475
7.007125
7.317725
7.4938
7.5174
7.7735
8.041875
8.222125
8.44495
8.666775
8.8008
8.952175
9.043425
9.209725
9.383925
9.460075
9.474925
9.522825
9.56325
9.764175
9.826125
9.9698
157
