0.483175
0.484925
0.4857
0.48835
0.5035
0.50555
0.51285
0.51875
0.526625
0.52935
0.533425
0.538875
0.554025
0.57515
0.5807
0.6179
0.623875
0.655325
0.658625
0.661775
0.664975
0.66525
0.6821
0.696825
0.6977
0.72145
0.724875
0.7349
0.746275
0.751375
0.76175
0.793925
0.812925
0.84285
0.845725
0.89145
0.969625
0.971275
1.03265
1.0752
1.127625
1.172875
1.199775
1.20485
1.21035
1.2883
1.313325
1.328825
1.35245
1.4229
1.537175
1.544375
1.592325
1.60695
1.6888
1.713875
1.775425
1.86095
1.888475
1.92055
1.92215
2.012625
2.085525
2.128
2.129525
2.20255
2.31065
2.3472
2.3699
2.3745
2.427025
2.4986
2.547
2.559375
2.59205
2.661725
2.69615
2.72925
2.736175
2.752075
2.82185
2.87225
2.95015
2.988925
3.0308
3.048075
3.0722
3.177075
3.1791
3.21495
3.602825
3.73865
3.7417
3.752425
3.7557
3.77745
3.778975
3.79465
4.1007
4.149275
4.292725
4.405525
4.477325
4.6562
4.66925
4.991375
5.122225
5.244925
5.362275
5.4795
5.719625
5.745675
5.8293
5.939925
6.05075
6.1203
6.1353
6.251975
6.34765
6.349075
6.503175
7.136
7.1962
7.31245
7.319525
7.369075
7.454025
7.824775
7.8337
7.8429
7.863275
8.089125
8.353125
8.59745
8.679625
8.7133
8.805825
9.0911
9.41445
9.63295
9.670675
9.6844
142
