0.29775
0.30325
0.375
0.45315
0.467525
0.478125
0.481875
0.4856
0.4981
0.500375
0.5042
0.513675
0.527525
0.537175
0.5415
0.55275
0.5579
0.563275
0.5666
0.5908
0.6023
0.602375
0.6202
0.62235
0.624125
0.630575
0.632775
0.64955
0.6524
0.68095
0.7023
0.70775
0.7178
0.74805
0.74965
0.7553
0.7636
0.776925
0.77745
0.793075
0.804425
0.807025
0.8082
0.82145
0.87
0.895475
0.922525
0.93635
0.953725
0.956225
0.972825
0.997125
1.018025
1.029725
1.04185
1.060775
1.06775
1.070175
1.072225
1.08475
1.127775
1.176875
1.202225
1.2339
1.238725
1.2509
1.25935
1.278775
1.313575
1.351375
1.3888
1.469175
1.525475
1.591925
1.611425
1.786275
1.86505
1.87995
1.947775
1.97065
1.9838
1.987125
2.0068
2.07915
2.237825
2.248575
2.376725
2.394175
2.417625
2.447675
2.622525
2.71705
2.72135
2.758725
2.814975
2.816425
2.81935
2.8525
2.9008
2.9849
2.99385
3.094175
3.177875
3.216575
3.313475
3.3157
3.386475
3.50075
3.5353
3.582175
3.789875
3.821175
3.83785
3.934175
3.955225
3.987075
4.031575
4.0375
4.12505
4.222
4.265875
4.2708
4.276925
4.300075
4.35605
4.464675
4.555575
4.592475
4.611425
4.7194
4.759075
4.80095
4.851125
5.13095
5.26465
5.338675
5.39
5.4402
5.73885
5.84645
5.8864
6.084875
6.13755
6.247125
6.355075
6.355875
6.405625
6.4147
6.4557
6.477375
6.569975
6.817775
6.838825
6.910425
7.113475
7.13385
7.35245
7.495375
7.57975
7.59495
7.63155
7.658
7.8515
8.18575
8.282425
8.414925
8.6139
8.648125
9.057575
9.058625
9.2392
9.262575
9.346825
9.418525
9.621925
9.7482
9.9757
177
