0.0227
0.1981
0.3209
0.462325
0.4642
0.47845
0.481975
0.4915
0.493875
0.516775
0.5271
0.530425
0.5397
0.55415
0.560425
0.5617
0.5951
0.598675
0.600825
0.604375
0.64455
0.659875
0.65995
0.66125
0.664075
0.664775
0.6786
0.680325
0.689175
0.69735
0.707525
0.726575
0.726675
0.72995
0.73415
0.810275
0.843175
0.8529
0.907325
0.924525
0.929875
0.989925
1.0014
1.0286
1.0582
1.0752
1.085425
1.120525
1.13515
1.156025
1.160925
1.195375
1.198275
1.216475
1.22465
1.235025
1.2484
1.2621
1.264925
1.34455
1.40315
1.4345
1.478625
1.499675
1.513375
1.51345
1.53785
1.583575
1.6231
1.639875
1.68735
1.780275
1.81915
1.84165
1.902925
1.992675
2.045775
2.08745
2.105525
2.12005
2.123025
2.214825
2.23815
2.273575
2.311075
2.327375
2.337975
2.340175
2.34795
2.500325
2.509
2.551875
2.568625
2.58395
2.644425
2.647575
2.6949
2.736175
2.8179
3.0033
3.164625
3.20535
3.222925
3.23925
3.248625
3.427975
3.4334
3.491225
3.55235
3.588075
3.590425
3.6173
3.738375
3.87865
3.905975
4.02195
4.028375
4.127875
4.14405
4.191725
4.222975
4.230375
4.234725
4.3252
4.43955
4.5515
4.64995
4.651875
4.7812
4.958975
5.0634
5.14675
5.25945
5.3586
5.465325
5.4803
5.66405
5.67675
5.73245
5.816575
5.827375
6.04405
6.120275
6.301625
6.3891
6.454925
6.787875
6.9422
6.951625
7.124425
7.344825
7.4183
7.450125
7.466875
7.499125
7.755975
7.8127
7.9814
8.0817
8.3218
8.529025
8.644525
8.646175
8.6832
8.78415
8.7986
9.047825
9.1684
9.300875
9.462825
9.47545
171
