0.189725
0.3524
0.3678
0.45875
0.460025
0.4616
0.4673
0.472225
0.477875
0.480825
0.489575
0.512275
0.526325
0.527375
0.53295
0.542825
0.550225
0.555
0.56805
0.589125
0.594125
0.596225
0.613825
0.6173
0.635625
0.648375
0.6611
0.6977
0.701525
0.7139
0.714975
0.7169
0.752475
0.767125
0.770625
0.780725
0.7861
0.8289
0.832175
0.8634
0.868875
0.884575
0.909225
0.90945
0.91425
0.9367
1.011775
1.02445
1.134
1.148075
1.21075
1.214125
1.244175
1.274225
1.3141
1.373025
1.3981
1.4149
1.460375
1.479875
1.481425
1.49455
1.495925
1.61205
1.6206
1.77565
1.824975
1.847225
1.85425
2.0397
2.057375
2.1025
2.129475
2.184125
2.200125
2.21765
2.395925
2.40595
2.410925
2.4323
2.4539
2.5174
2.559975
2.588825
2.68985
2.9037
3.133725
3.5085
3.6031
3.670125
3.7797
3.786975
3.82555
3.9427
4.008975
4.0429
4.13205
4.1503
4.154325
4.176525
4.312725
4.48725
4.500625
4.53875
5.126975
5.152225
5.3578
5.416775
5.4173
5.51
5.5146
5.631425
5.712275
5.732425
5.8016
5.9263
6.004425
6.07495
6.4578
6.512575
6.663725
6.719125
6.722475
7.004425
7.0788
7.13685
7.199075
7.209475
7.40005
7.480275
7.6098
7.6571
7.86875
7.949325
7.978875
8.0034
8.012225
8.52985
8.54435
8.68565
8.735275
8.7767
8.79475
8.8294
8.973525
9.009425
9.027175
9.040225
9.089775
9.16405
9.181525
9.31815
9.471
9.619775
9.753725
9.775875
9.862925
9.87965
158
