0.02855
0.05245
0.136275
0.1979
0.31365
0.4237
0.462775
0.4668
0.480075
0.494075
0.49895
0.507475
0.5094
0.511175
0.5169
0.51965
0.5211
0.5261
0.529925
0.53335
0.5351
0.53935
0.5743
0.574625
0.602325
0.61195
0.616875
0.66665
0.69665
0.698475
0.710525
0.71565
0.717875
0.7203
0.74015
0.757725
0.7609
0.788825
0.7983
0.824875
0.83465
0.838525
0.859675
0.865175
0.868425
0.870825
0.88055
0.9442
0.950825
0.97635
0.98595
0.996575
1.0425
1.070425
1.074675
1.0924
1.120875
1.160275
1.23215
1.234
1.243575
1.25425
1.254575
1.2905
1.333625
1.33995
1.40135
1.554025
1.8722
1.9608
1.961325
1.966825
1.983325
1.9934
2.057075
2.080325
2.128825
2.192175
2.213
2.32765
2.37745
2.3822
2.40505
2.434075
2.4696
2.480975
2.490525
2.546025
2.580425
2.5879
2.5923
2.6007
2.7097
2.722775
2.78045
2.80845
3.024725
3.041225
3.201475
3.2687
3.315625
3.328875
3.391675
3.453225
3.492475
3.607225
3.6165
3.623075
3.687625
3.7643
3.9267
3.943075
4.036225
4.228775
4.339475
4.36065
4.40365
4.4564
5.05645
5.072925
5.157
5.158725
5.1765
5.22275
5.297525
5.3334
5.368875
5.4355
5.441475
5.46995
5.53685
5.612075
5.902925
6.07645
6.292175
6.3261
6.617625
6.70885
6.793225
6.926075
7.11275
7.136675
7.30725
7.34305
7.41225
7.435075
7.752925
8.04155
8.114
8.281175
8.49145
8.565625
8.80065
9.007275
9.1368
9.420175
9.649175
9.859275
158
