0.060375
0.065775
0.124925
0.4641
0.498525
0.50185
0.502325
0.50805
0.510625
0.524875
0.5289
0.5382
0.538325
0.563375
0.595
0.60345
0.60545
0.611175
0.6127
0.616125
0.627975
0.631375
0.665525
0.692375
0.696875
0.72215
0.7299
0.7423
0.7506
0.76205
0.786075
0.799375
0.802375
0.806225
0.808325
0.8251
0.893475
0.9006
0.9157
0.93835
0.93875
0.94075
0.961975
0.99095
1.011275
1.0262
1.02675
1.028025
1.161775
1.1657
1.198475
1.2586
1.297
1.308775
1.344575
1.450225
1.46105
1.4944
1.552775
1.6445
1.7405
1.744275
1.746775
1.757325
1.760625
1.780325
1.78115
1.804475
1.8092
1.84745
1.898175
1.9069
1.919125
1.959275
1.989525
1.992175
2.030275
2.084875
2.10625
2.1627
2.20555
2.207075
2.215175
2.260725
2.2665
2.435
2.44995
2.4567
2.5023
2.546325
2.55445
2.56055
2.57285
2.6886
2.9616
3.026525
3.139325
3.171725
3.20315
3.47725
3.509625
3.5686
3.586825
3.7719
3.85235
3.932425
3.96145
4.071525
4.2641
4.287675
4.473075
4.646675
5.005225
5.04105
5.161475
5.1738
5.295375
5.328025
5.40615
5.4137
5.55605
5.6786
5.695275
5.954975
5.956575
6.051575
6.124875
6.219375
6.290925
6.529875
6.8142
6.948625
6.9975
7.0349
7.14355
7.3497
7.631425
7.70215
7.82825
8.05545
8.138125
8.328825
8.503425
8.516475
8.745775
8.766275
8.824025
8.848125
8.9451
8.9806
9.087125
9.100425
9.50255
9.513875
9.85225
9.92415
9.928875
157
