0.41465
0.429475
0.435575
0.466075
0.494825
0.498775
0.510325
0.513175
0.5254
0.53965
0.547475
0.54955
0.5647
0.57885
0.5823
0.5871
0.59775
0.60285
0.612475
0.61265
0.645725
0.662875
0.673525
0.680225
0.682125
0.683725
0.6886
0.705425
0.721075
0.731225
0.751275
0.752125
0.7621
0.770425
0.837
0.871425
0.8965
0.906475
0.9117
0.948225
0.9552
0.964675
0.9784
0.9852
1.0016
1.04125
1.084275
1.091075
1.093825
1.096925
1.129475
1.13375
1.140375
1.16425
1.1692
1.238
1.238275
1.2391
1.245375
1.254575
1.316975
1.400825
1.40705
1.54115
1.554825
1.57505
1.645625
1.663575
1.736975
1.8489
1.9056
1.93695
1.9661
2.0646
2.086275
2.097725
2.210625
2.21305
2.23155
2.252375
2.26835
2.274275
2.426225
2.5656
2.7083
2.7408
2.81235
3.084425
3.190975
3.30785
3.34545
3.349075
3.353725
3.36455
3.660475
3.9314
3.968075
3.97215
4.046125
4.154375
4.200225
4.222075
4.226825
4.3003
4.31635
4.348075
4.350375
4.44715
4.454425
4.6691
4.8531
4.9645
5.000925
5.17975
5.226875
5.268825
5.271075
5.2986
5.3173
5.373075
5.461625
5.515225
5.557275
5.5744
5.64215
6.17335
6.194275
6.40635
6.4696
6.478975
6.56605
6.651525
6.699325
6.8958
7.027425
7.04605
7.049875
7.093475
7.14545
7.241475
7.377575
7.4539
7.68435
7.7474
7.7492
7.952
7.96225
8.027325
8.0465
8.052625
8.079075
8.094525
8.112475
8.230425
8.251475
8.662325
8.871375
8.884775
8.940425
8.97965
9.2347
9.256025
9.309325
9.370975
9.737725
9.9311
9.947175
167
