0.04755
0.067825
0.133125
0.170225
0.415825
0.437125
0.4582
0.4761
0.481675
0.56285
0.570575
0.5792
0.590425
0.606525
0.6382
0.638975
0.6417
0.64255
0.665
0.665025
0.673
0.67615
0.6989
0.703825
0.71105
0.721875
0.721925
0.762275
0.775325
0.81655
0.8379
0.846975
0.9337
0.9352
0.947425
0.949175
0.95875
0.96045
1.018275
1.081175
1.131425
1.13855
1.162825
1.1852
1.19505
1.217625
1.2568
1.25705
1.25975
1.305075
1.350625
1.379975
1.381275
1.3893
1.4222
1.4619
1.466875
1.4804
1.503575
1.596525
1.6016
1.702175
1.702675
1.735325
1.744675
1.7522
1.76115
1.8373
1.904475
1.99235
2.0587
2.1567
2.158275
2.178675
2.1899
2.288925
2.315275
2.4103
2.5021
2.563675
2.574325
2.57645
2.617725
2.6415
2.652725
2.6966
2.73405
2.787325
2.818025
2.835575
2.839125
2.8678
3.0034
3.0979
3.099125
3.116675
3.12535
3.1507
3.155275
3.1739
3.17845
3.217575
3.239175
3.40775
3.454075
3.464625
3.562875
3.567375
3.59985
3.687125
3.780425
3.822925
3.906425
4.00705
4.0247
4.091075
4.105675
4.110075
4.3067
4.476925
4.499325
4.52425
4.69665
4.8216
4.879125
4.92025
5.138275
5.173525
5.342725
5.375175
5.5296
5.566425
5.580425
5.6206
5.7075
5.75825
5.774825
5.811075
5.899725
5.91665
5.937525
5.976575
6.00775
6.289025
6.47235
6.494025
6.548925
7.337775
7.524825
7.5652
7.642125
7.6539
7.671325
7.9112
8.02395
8.035175
8.055675
8.088725
8.16415
8.175125
8.21765
8.396775
8.401325
8.8581
9.161425
9.269775
9.35905
9.427025
9.80495
9.8201
9.919575
9.934675
9.98265
173
