0.233775
0.402925
0.43395
0.47775
0.491825
0.4965
0.521675
0.524775
0.53545
0.5439
0.545425
0.549825
0.562575
0.595125
0.6081
0.618075
0.6203
0.629225
0.63865
0.642425
0.643775
0.651
0.6572
0.670475
0.673575
0.6866
0.68955
0.721825
0.722475
0.76015
0.7874
0.8012
0.80655
0.8089
0.80905
0.832375
0.871725
0.87775
0.9114
0.923375
0.93145
0.9671
0.97085
0.98385
1.052175
1.124175
1.153675
1.15765
1.165875
1.30385
1.3109
1.311875
1.33645
1.3731
1.417425
1.4183
1.42145
1.423725
1.44075
1.444225
1.4912
1.495025
1.51915
1.53135
1.5387
1.57055
1.583275
1.583425
1.6114
1.700425
1.809925
1.881
1.916875
1.923675
2.0106
2.021125
2.0996
2.169525
2.1963
2.200675
2.2587
2.313125
2.342875
2.438025
2.445225
2.521025
2.561325
2.594075
2.60055
2.75505
2.7798
2.7935
2.8122
2.83445
2.869975
2.886125
2.8873
2.918425
3.07465
3.16145
3.224
3.2957
3.332075
3.43945
3.579525
3.856925
3.8844
3.9524
3.97565
4.001775
4.00925
4.0171
4.0268
4.14665
4.19955
4.43365
4.523375
4.701925
4.78625
4.790175
4.923025
4.944025
5.0361
5.081875
5.09445
5.157825
5.197825
5.256875
5.3682
5.430725
5.4409
5.637575
5.638825
5.829925
5.892825
5.942225
5.97505
5.992825
6.1971
6.27075
6.3275
6.378975
6.49185
6.559775
6.603875
6.68905
6.733075
6.8474
6.92495
7.040975
7.180975
7.4653
7.6616
7.7947
7.797825
8.27625
8.309725
8.383575
8.718
8.74775
8.944975
9.11455
9.192375
9.21495
9.32195
9.472925
9.52485
9.5898
9.594525
9.602775
9.717925
9.9519
172
