0.219125
0.357
0.400375
0.416
0.442975
0.465925
0.467725
0.47835
0.4806
0.494625
0.5132
0.513725
0.518225
0.562225
0.563
0.594625
0.604575
0.6083
0.626575
0.628975
0.639875
0.651325
0.687575
0.702975
0.7081
0.710375
0.7236
0.74965
0.751525
0.762875
0.770325
0.7728
0.775325
0.793425
0.799275
0.83165
0.8319
0.84675
0.961325
0.984075
0.9854
1.028125
1.050275
1.07655
1.0825
1.0869
1.102425
1.186625
1.19045
1.21145
1.21375
1.245675
1.25305
1.27235
1.325225
1.429925
1.43875
1.47495
1.500625
1.5384
1.659025
1.680225
1.72395
1.724475
1.73495
1.801975
1.960825
2.01025
2.016225
2.045125
2.168325
2.171025
2.18815
2.242725
2.285875
2.335975
2.4149
2.443425
2.44785
2.4509
2.48905
2.56695
2.623775
2.663125
2.709375
2.78825
2.78865
2.83765
2.84485
2.878325
2.9961
3.076775
3.09325
3.10395
3.2253
3.2272
3.23735
3.314575
3.4742
3.5676
3.570775
3.572625
3.6877
3.694625
3.722375
3.7644
3.809675
3.9849
3.999775
4.054275
4.062125
4.265475
4.27695
4.338075
4.3913
4.449025
4.514225
4.5228
4.587775
4.599875
4.63595
4.7028
4.726
4.818375
5.003
5.472475
5.568025
5.6585
5.72895
5.733225
5.881925
5.935125
6.13755
6.164775
6.2258
6.3188
6.320725
6.55835
6.56525
6.56965
6.75165
7.0364
7.03785
7.2221
7.3924
7.4854
7.68505
7.73675
7.80785
7.849175
7.9343
7.985425
8.009125
8.380475
8.404675
8.515325
8.633675
8.67565
8.7297
8.863125
8.9352
8.955
8.95755
9.3233
9.40585
9.4732
9.506125
9.51985
9.81345
9.845075
170
