0.044675
0.1413
0.267975
0.447825
0.470925
0.47445
0.488175
0.503
0.5092
0.533125
0.537925
0.558075
0.564725
0.566725
0.5777
0.588525
0.619075
0.6449
0.6553
0.693375
0.703225
0.7109
0.72515
0.727725
0.7385
0.7716
0.789575
0.794475
0.823375
0.862375
0.866525
0.875925
0.88885
0.899975
0.9118
0.91875
0.939575
0.940925
0.9783
1.00245
1.010575
1.01665
1.076825
1.122825
1.13635
1.138325
1.14285
1.148775
1.15785
1.15895
1.1931
1.21145
1.23705
1.237975
1.2427
1.259375
1.271025
1.31145
1.317625
1.341075
1.42965
1.430975
1.512525
1.539825
1.5472
1.55005
1.58145
1.72415
1.735
1.747625
1.884775
1.905225
1.970675
1.988875
2.04035
2.0416
2.066675
2.135375
2.19965
2.2099
2.24845
2.332
2.424075
2.581975
2.598475
2.599725
2.616275
2.6345
2.638175
2.698575
2.710775
2.721675
2.76875
2.81225
2.840375
2.915375
3.214575
3.33805
3.363675
3.58355
3.589175
3.660825
3.98035
4.063825
4.126775
4.159375
4.33075
4.38415
4.4129
4.451225
4.639475
4.671725
4.7929
4.8021
4.8289
4.848375
4.88705
4.9734
5.0227
5.115425
5.24415
5.2807
5.437425
5.464325
5.58775
5.66295
5.727975
5.893325
6.0856
6.102125
6.2158
6.253075
6.627825
6.691375
7.061875
7.10625
7.147425
7.15695
7.225075
7.22795
7.26945
7.427375
7.56465
7.78265
7.82975
7.8351
7.8494
7.907225
7.95635
8.027825
8.474275
8.525225
8.61635
8.910875
9.0559
9.258375
9.3878
9.570825
9.67705
9.70385
9.93045
9.947775
162
