0.200325
0.29685
0.418775
0.4617
0.47185
0.473125
0.475675
0.493875
0.496675
0.50035
0.50295
0.50985
0.510325
0.5112
0.528175
0.53615
0.5397
0.54125
0.54705
0.549075
0.553825
0.554575
0.5638
0.570975
0.594775
0.600675
0.60435
0.6091
0.627075
0.63965
0.651
0.668
0.679875
0.684175
0.7029
0.706725
0.716825
0.718125
0.7183
0.726175
0.728525
0.730825
0.736525
0.7461
0.790875
0.796
0.8062
0.855675
0.85675
0.857225
0.857725
0.90555
0.90815
0.91585
0.9186
0.951925
0.970225
0.97245
1.009625
1.0542
1.056825
1.124525
1.136425
1.160975
1.175775
1.219775
1.260625
1.2697
1.281925
1.295125
1.33715
1.364775
1.37535
1.38085
1.3824
1.416225
1.461825
1.501325
1.5178
1.559925
1.594575
1.603175
1.6312
1.6544
1.746925
1.809425
1.874825
1.911275
1.918675
1.935575
1.96955
2.098625
2.286275
2.306
2.346
2.4374
2.4533
2.648925
2.711625
2.748875
2.770775
2.8422
2.84855
2.9232
3.0524
3.1174
3.144625
3.214375
3.23925
3.2967
3.37845
3.410775
3.43075
3.488325
3.67785
3.69305
3.721675
3.75555
3.83645
3.8831
3.898325
3.95375
4.046225
4.09365
4.1927
4.1967
4.206475
4.2835
4.3481
4.4617
4.782975
4.804375
4.815025
4.8452
4.855275
4.99055
5.21785
5.2399
5.319625
5.43425
5.516475
5.670475
5.7804
5.845125
5.927575
5.9851
6.054225
6.065575
6.12115
6.140175
6.170975
6.352475
6.39085
6.391175
6.4916
6.579325
6.733725
6.751125
6.758275
7.03015
7.311525
7.3826
7.4129
7.5764
7.8643
8.315425
8.359025
8.420525
8.43845
8.83085
8.941175
9.05885
9.115125
9.34005
9.825675
9.871475
9.8877
9.92485
9.9376
179
