0.0433
0.37635
0.427675
0.433575
0.47365
0.481575
0.486
0.49405
0.49965
0.499725
0.503975
0.50605
0.528825
0.532675
0.5438
0.555725
0.571975
0.5847
0.593975
0.595
0.607875
0.61875
0.666575
0.6714
0.671925
0.678375
0.679425
0.701375
0.733425
0.73925
0.753425
0.763275
0.766875
0.769475
0.779775
0.827475
0.853075
0.86405
0.90555
0.911025
0.911475
0.93685
0.942575
0.95445
0.995225
0.99715
1.012175
1.0226
1.07005
1.07415
1.1338
1.13765
1.1591
1.16755
1.18875
1.20315
1.27195
1.28705
1.314875
1.3315
1.353775
1.3875
1.393775
1.4702
1.51505
1.6147
1.62145
1.645925
1.688975
1.732475
1.76955
1.800075
1.86425
1.97305
1.98235
2.0401
2.0766
2.078725
2.089325
2.100975
2.2373
2.3687
2.47175
2.62855
2.745
2.760625
2.789075
2.8323
2.841
2.93055
3.004
3.05505
3.093175
3.1422
3.196325
3.273225
3.5242
3.596625
3.6499
3.7029
3.808375
3.9296
4.3385
4.444675
4.44785
4.564925
5.13315
5.14775
5.15775
5.324325
5.53175
5.856
5.893475
6.0856
6.2541
6.5744
6.666275
6.735175
6.747675
6.7994
6.802675
6.86435
7.034175
7.147
7.1671
7.34155
7.4255
7.5946
7.714375
7.792875
8.075625
8.09655
8.30135
8.509125
8.5278
8.556725
8.651425
8.7245
8.810925
8.975125
9.4108
9.4814
9.7563
9.790375
9.884375
9.972225
146
