0.001475
0.314375
0.3386
0.442
0.4864
0.489
0.491425
0.49315
0.4971
0.5028
0.505175
0.5061
0.516825
0.51715
0.534075
0.547125
0.55015
0.55525
0.58195
0.593125
0.593875
0.594875
0.605925
0.628525
0.635675
0.64425
0.64515
0.68035
0.6957
0.703975
0.72005
0.729775
0.736775
0.73695
0.748075
0.75945
0.77135
0.785575
0.80265
0.8086
0.81855
0.895325
0.9192
0.969225
0.974175
0.98755
1.012475
1.019275
1.02845
1.037625
1.05415
1.06475
1.084525
1.087775
1.093325
1.095625
1.101125
1.104225
1.111425
1.166375
1.190625
1.229575
1.26175
1.277625
1.31835
1.3799
1.404925
1.443975
1.48185
1.4919
1.55835
1.598325
1.604875
1.6795
1.69095
1.712625
1.7206
1.79325
1.844475
1.933475
1.96445
1.980275
2.056475
2.06905
2.184325
2.247075
2.26475
2.341325
2.477825
2.4895
2.509125
2.5572
2.66925
2.711425
2.7947
2.862625
3.04295
3.0594
3.066275
3.1096
3.171975
3.37755
3.441175
3.462925
3.603925
3.65655
3.68375
3.77095
3.8004
3.86685
3.867575
3.88495
3.994875
4.00935
4.06165
4.0644
4.173625
4.5053
4.5163
4.539975
4.582525
4.682325
4.696175
4.741225
4.755525
4.9912
5.023525
5.0716
5.086825
5.10985
5.160125
5.1796
5.302125
5.351525
5.646
5.69805
5.71725
5.831475
5.930125
5.956875
6.00765
6.02615
6.1353
6.3832
6.6155
6.73845
6.797025
6.929925
6.96605
7.1144
7.5514
7.628475
7.643825
7.656575
7.80185
7.884325
8.369275
8.4001
8.530075
8.596025
8.7155
8.7618
8.916575
9.02565
9.288475
9.34025
9.436625
9.471325
9.51965
9.720475
9.73035
171
