0.121925
0.262025
0.431375
0.465625
0.49005
0.497425
0.5226
0.52275
0.535425
0.539325
0.551825
0.5581
0.560425
0.57275
0.604825
0.604925
0.63495
0.635475
0.649125
0.67335
0.679425
0.6816
0.68345
0.686775
0.6893
0.696825
0.73135
0.740775
0.74115
0.7499
0.770325
0.851275
0.86145
0.869675
0.885575
0.901575
0.9148
0.939275
0.94045
0.972575
0.9817
0.981725
0.982125
0.9928
1.04015
1.0522
1.078525
1.08755
1.1115
1.169025
1.19765
1.20425
1.20775
1.229125
1.240725
1.276925
1.28195
1.308275
1.3159
1.368275
1.372675
1.37865
1.544925
1.716125
1.73605
1.8108
1.85775
1.8796
1.8922
1.89365
1.9817
1.9993
2.002825
2.00395
2.09065
2.13355
2.13575
2.190225
2.267
2.299175
2.3678
2.36785
2.3745
2.377625
2.47125
2.56325
2.67495
2.709275
2.73315
2.857725
2.9231
2.959525
3.179225
3.203075
3.2937
3.308025
3.309875
3.354925
3.3646
3.4337
3.447325
3.542525
3.58895
3.61035
3.658525
3.7054
3.759125
3.8503
3.910275
3.93945
3.960375
4.087375
4.17975
4.189625
4.294775
4.327475
4.4067
4.544575
4.599675
4.6193
4.6404
4.711425
4.745575
4.9239
5.0505
5.056425
5.3772
5.474975
5.68295
5.99665
6.043275
6.451375
6.60675
6.803025
6.81505
6.93085
6.936425
6.954025
7.127225
7.3168
7.325275
7.35885
7.45165
7.57665
7.579725
7.65185
7.8126
7.89555
7.914025
7.980275
8.07115
8.319625
8.389325
8.4583
8.4969
8.58385
8.617525
8.678875
8.944525
9.00645
9.0552
9.169425
9.333675
9.43555
9.43615
9.475125
9.532
9.594075
9.70405
9.83625
170
