0.08135
0.128175
0.438825
0.44345
0.45225
0.46865
0.47315
0.47995
0.479975
0.48405
0.48695
0.495
0.497725
0.498775
0.505925
0.52815
0.543275
0.555225
0.593175
0.60605
0.6101
0.61325
0.620575
0.621625
0.642525
0.646225
0.648675
0.652475
0.654575
0.704275
0.711725
0.72225
0.7245
0.7366
0.7475
0.773675
0.77995
0.785775
0.808575
0.82995
0.864575
0.8803
0.8977
0.899275
0.900175
0.902625
0.9762
0.9902
1.02315
1.028325
1.04435
1.0506
1.06105
1.0957
1.1029
1.135925
1.14115
1.15275
1.157825
1.159075
1.2062
1.2095
1.249175
1.28415
1.289475
1.32625
1.417075
1.427625
1.4434
1.472975
1.487825
1.604175
1.704075
1.707175
1.708875
1.717475
1.80845
1.857125
1.896225
1.8978
1.90385
2.03725
2.0933
2.142175
2.2169
2.267
2.288125
2.363675
2.376825
2.41035
2.435775
2.447125
2.4782
2.51455
2.6258
2.684775
2.7353
2.756575
2.780925
2.7902
2.82775
2.927775
2.930625
2.967725
2.9883
3.069975
3.135825
3.2302
3.289075
3.38545
3.448525
3.470375
3.54075
3.57105
3.63515
3.68295
3.77355
3.823675
3.842025
3.858625
3.991925
4.2057
4.336625
4.352
4.59055
4.811475
4.93115
4.995875
5.025025
5.140475
5.192625
5.317875
5.34655
5.6897
5.7992
5.95765
6.051375
6.12105
6.259925
6.32255
6.32925
6.354725
6.3736
6.3781
6.39475
6.744675
6.90105
6.9556
6.9933
7.057275
7.060725
7.1744
7.291325
7.708925
7.720625
7.921
7.928125
7.95535
8.0302
8.110675
8.47005
8.486275
8.512975
8.573725
8.683675
8.768725
8.783525
8.856475
8.914775
8.974775
9.065825
9.2619
9.477075
9.525275
9.529525
9.534225
9.584175
9.707
9.82875
9.845725
9.989475
181
