0.31715
0.411375
0.43915
0.44925
0.451675
0.452925
0.485475
0.49165
0.501425
0.5441
0.575975
0.586175
0.5866
0.623625
0.65295
0.67725
0.68085
0.6937
0.7016
0.709475
0.714075
0.763825
0.764975
0.7663
0.771925
0.7819
0.793025
0.801075
0.8127
0.816275
0.8293
0.829625
0.833625
0.836075
0.87105
0.900275
0.9414
0.94175
0.9589
0.969775
0.98485
0.9993
1.01485
1.054
1.0616
1.067
1.0816
1.12645
1.145625
1.149225
1.17735
1.193525
1.220175
1.2304
1.23685
1.277475
1.334675
1.366825
1.416825
1.619125
1.69415
1.732725
1.74435
1.815425
1.843
1.91255
1.9139
1.995625
2.033675
2.078
2.168325
2.172475
2.182325
2.217725
2.21885
2.245525
2.302125
2.307175
2.324525
2.442875
2.510975
2.552175
2.5566
2.703825
2.71475
2.722675
2.742375
2.743625
2.754125
2.77425
2.843525
2.9338
3.00505
3.063275
3.091225
3.180025
3.19865
3.302625
3.3053
3.318
3.3483
3.365225
3.412425
3.506425
3.52555
3.54095
3.617325
3.721325
3.826775
3.89735
3.939625
4.147
4.4297
4.60355
4.78355
4.79675
4.944
5.16445
5.17285
5.232525
5.259575
5.285475
5.4237
5.4331
5.488225
5.49825
5.501475
5.5484
5.816425
5.91315
5.9414
5.951925
5.9642
6.060725
6.284475
6.338725
6.3929
6.48045
6.482325
6.52605
6.554
6.5765
6.59195
6.948925
6.98035
7.2323
7.24445
7.81185
7.899175
7.959725
7.977575
8.23845
8.33255
8.5088
8.622575
8.6335
8.6538
8.732125
8.733175
8.795325
8.967225
8.99965
9.19395
9.2632
9.26615
9.305075
9.536625
9.858
168
