0.013025
0.111725
0.11875
0.3895
0.4419
0.4509
0.46185
0.5091
0.5168
0.5307
0.5337
0.54495
0.545025
0.546825
0.55705
0.59475
0.594925
0.6111
0.61945
0.62225
0.6273
0.6347
0.690425
0.698425
0.7002
0.701175
0.71265
0.739925
0.741125
0.74995
0.750025
0.79445
0.80615
0.8465
0.8581
0.8803
0.888325
0.949775
0.95925
0.98765
0.99765
1.002375
1.0287
1.069225
1.082175
1.17835
1.181175
1.20345
1.233375
1.262925
1.266075
1.28225
1.289875
1.316425
1.3381
1.3457
1.357725
1.365275
1.384975
1.3927
1.433175
1.507875
1.52945
1.5458
1.582775
1.65805
1.8511
1.9217
1.934
1.9566
2.03075
2.0753
2.1136
2.238925
2.305025
2.33175
2.348875
2.5105
2.603975
2.622425
2.6583
2.69165
2.698925
2.707225
2.823775
2.829625
3.0302
3.031875
3.051225
3.109525
3.10995
3.3677
3.408025
3.43735
3.5202
3.5336
3.603525
3.618725
3.698
3.864075
3.945975
4.025875
4.043075
4.533075
4.69945
4.78985
4.838225
4.9114
4.912775
4.954175
4.965125
5.00395
5.137575
5.15225
5.1617
5.29745
5.31585
5.4068
5.43125
5.4956
5.51035
5.832075
5.8361
5.83815
5.94175
5.942175
5.995525
6.10775
6.172125
6.298275
6.327025
6.3686
6.430725
6.461675
6.54905
6.895025
6.929075
6.97825
7.04735
7.050975
7.13385
7.138675
7.325525
7.46165
7.525525
7.57335
7.7638
7.77945
7.819575
7.878825
8.017625
8.032375
8.06895
8.241975
8.55345
8.56815
8.580175
8.6098
9.030875
9.07605
9.11815
9.15135
9.303725
9.48625
9.749875
9.8188
9.952725
167
