0.237525
0.402375
0.4696
0.474625
0.50045
0.502525
0.51105
0.51565
0.522325
0.528075
0.53535
0.539
0.54295
0.544975
0.55235
0.567225
0.56825
0.575875
0.585875
0.59625
0.602625
0.60615
0.637725
0.638775
0.6434
0.666175
0.719975
0.7322
0.740575
0.742875
0.751525
0.76535
0.8076
0.810925
0.81335
0.850975
0.8555
0.8631
0.866975
0.8725
0.90995
0.928625
0.93445
0.9395
0.94175
0.95585
0.983
0.987925
0.98925
1.017325
1.025175
1.05345
1.061225
1.068425
1.08345
1.09805
1.10695
1.122575
1.1426
1.20805
1.228875
1.2993
1.392725
1.430475
1.464725
1.484425
1.492075
1.548625
1.58795
1.608975
1.609725
1.640375
1.677925
1.710825
1.72045
1.76595
1.769525
1.7949
1.904075
1.928725
2.057125
2.084
2.13595
2.14445
2.173725
2.341225
2.34855
2.431575
2.4396
2.475225
2.5092
2.51855
2.76735
2.79845
2.82525
2.859775
2.888125
2.974875
2.976575
2.985875
3.034575
3.29445
3.29875
3.353625
3.3705
3.4372
3.568075
3.5862
3.674625
3.723025
3.75885
3.78855
3.9009
3.96125
4.088925
4.09875
4.315575
4.354475
4.46235
4.621725
4.639
4.73315
4.7393
4.74195
4.775325
4.853575
4.941275
5.02525
5.03045
5.218925
5.356275
5.40565
5.431675
5.572725
5.6344
5.848425
5.927
6.0785
6.138525
6.220275
6.251975
6.380575
6.6258
6.841125
7.087875
7.100175
7.1085
7.160575
7.4526
7.45945
7.588025
7.618225
7.62095
7.69185
7.6989
7.8601
7.868675
7.931675
8.031225
8.135025
8.1915
8.363975
8.389
8.528775
8.756675
8.990675
9.3417
9.841325
9.90855
9.932225
170
