0.1543
0.37715
0.418925
0.425825
0.437875
0.443375
0.44955
0.4922
0.51035
0.528125
0.540025
0.5433
0.552
0.553075
0.553475
0.5766
0.587325
0.589275
0.592475
0.59825
0.599675
0.625775
0.6649
0.681475
0.69825
0.702125
0.704825
0.7164
0.71825
0.730075
0.7688
0.780625
0.783225
0.79615
0.79875
0.81105
0.873575
0.874475
0.887975
0.904075
0.908875
0.911975
0.925125
0.95365
1.01225
1.012575
1.01605
1.045925
1.046275
1.055625
1.117175
1.129825
1.149
1.166875
1.20145
1.221075
1.224375
1.233875
1.23835
1.247325
1.2704
1.27285
1.28445
1.302225
1.321175
1.347925
1.349175
1.396975
1.424575
1.4382
1.472925
1.515325
1.53905
1.558225
1.57095
1.76905
1.855625
1.8691
1.917425
1.964075
2.018175
2.098675
2.21785
2.2206
2.261425
2.26205
2.27455
2.29655
2.298425
2.3213
2.3683
2.385675
2.42055
2.5196
2.78525
2.83225
2.925575
2.976425
3.15215
3.15425
3.37935
3.581325
3.703975
3.822375
4.09605
4.106075
4.138275
4.139625
4.384325
4.407375
4.470375
4.540175
4.5539
4.60165
4.73595
4.765075
4.982075
5.000225
5.0078
5.0238
5.03465
5.075425
5.231025
5.282225
5.3264
5.38035
5.387025
5.412375
5.452575
5.556625
5.631375
5.685875
5.6909
5.73265
5.90705
5.914425
6.38645
6.66155
6.79145
6.831025
6.984775
7.047275
7.0821
7.08685
7.1772
7.268025
7.50545
7.533125
7.68345
7.941375
8.395625
8.4295
8.583425
8.657625
8.70465
9.060625
9.0809
9.255075
9.275575
9.286675
9.509425
9.881125
9.974525
163
