0.004775
0.021975
0.026725
0.368975
0.468225
0.490925
0.524525
0.539975
0.54295
0.549525
0.55605
0.56265
0.5642
0.573175
0.582575
0.590925
0.5932
0.59605
0.5984
0.598975
0.6113
0.640275
0.64545
0.655175
0.667225
0.693675
0.7045
0.705425
0.724125
0.740575
0.7411
0.748875
0.774
0.776325
0.778325
0.781925
0.787775
0.831675
0.886275
0.9449
0.946675
0.949575
0.959575
0.971025
0.987675
1.010025
1.049975
1.050825
1.071125
1.072925
1.099925
1.106525
1.152575
1.157025
1.228375
1.268875
1.273175
1.2827
1.31305
1.32665
1.355275
1.439275
1.451375
1.460725
1.49555
1.53695
1.555725
1.567525
1.64185
1.644475
1.69345
1.72925
1.764025
1.772225
1.824175
1.8302
1.951125
1.953775
2.0753
2.14255
2.212175
2.268425
2.363425
2.592125
2.64715
2.736625
2.797925
2.9846
3.0563
3.0727
3.1356
3.169
3.1872
3.4352
3.59475
3.618675
3.637675
3.6799
3.780075
3.79815
3.839375
3.890475
3.90965
3.9137
4.00725
4.181925
4.2133
4.24185
4.263325
4.3825
4.392525
4.4406
4.469225
4.50545
4.705
4.713775
4.861075
4.879275
5.08525
5.19205
5.418325
5.513675
5.703925
5.73695
5.8542
6.15585
6.26855
6.2825
6.318225
6.3639
6.47435
6.6409
6.8905
7.106025
7.134575
7.152525
7.216725
7.24065
7.241325
7.3299
7.3865
7.4281
7.47225
7.576475
7.79115
7.966375
8.14125
8.173075
8.323825
8.337625
8.34785
8.373575
8.424625
8.47155
8.528825
8.692125
8.8219
8.92495
8.9382
8.96855
8.997675
9.064225
9.1806
9.345025
9.71395
9.8394
166
