0.349975
0.3716
0.49355
0.494875
0.497575
0.51795
0.52605
0.526125
0.536675
0.5431
0.55295
0.554825
0.57155
0.571675
0.577025
0.57725
0.62045
0.638675
0.65905
0.66215
0.6623
0.66825
0.669125
0.672675
0.673275
0.70055
0.707725
0.7377
0.74875
0.752125
0.75775
0.7856
0.78825
0.807925
0.8236
0.824575
0.82615
0.833075
0.884975
0.8899
0.892425
0.896575
0.908525
0.9217
0.93025
0.946475
0.958325
0.96175
0.9674
0.98655
1.029875
1.063575
1.0788
1.1505
1.176475
1.21075
1.21735
1.2339
1.240325
1.256025
1.306575
1.32765
1.33425
1.347075
1.3564
1.387475
1.398175
1.412275
1.480025
1.486675
1.655275
1.68855
1.6933
1.694125
1.7584
1.805275
1.844425
1.890675
1.92735
2.048775
2.216125
2.261775
2.2902
2.389
2.669475
2.9141
3.01265
3.01935
3.041725
3.418425
3.494875
3.593775
3.647375
3.67175
3.8865
4.011625
4.165225
4.411375
4.615175
4.647225
4.6555
4.719425
4.731775
4.781375
4.8138
4.929175
5.26025
5.300075
5.517575
5.524325
5.5393
5.639825
5.69405
5.83565
5.91155
5.9767
6.15425
6.233725
6.501975
6.60445
6.611075
6.719425
6.725
6.9809
7.167475
7.34675
7.4277
7.510525
7.5125
7.70545
7.8077
7.813225
8.456925
8.458025
8.482575
8.489925
8.5238
8.731575
8.839775
9.054025
9.066925
9.322525
9.571725
9.9686
9.9808
145
