0.12125
0.4946
0.4954
0.50005
0.50775
0.519325
0.5222
0.543225
0.551975
0.55415
0.556425
0.565525
0.571425
0.5758
0.580225
0.584525
0.59445
0.5979
0.61175
0.6137
0.632675
0.6365
0.659325
0.67665
0.69505
0.6999
0.709725
0.709875
0.71125
0.71485
0.721125
0.769325
0.785075
0.821075
0.831225
0.875775
0.90885
0.9246
0.927075
0.946825
0.952825
0.97025
0.97445
1.01715
1.021075
1.025625
1.051125
1.0758
1.076
1.15305
1.169175
1.173775
1.23265
1.245925
1.31125
1.39555
1.447075
1.455975
1.46155
1.518925
1.536875
1.6177
1.716875
1.7323
1.7333
1.81675
1.8256
1.885175
1.927575
2.080575
2.090325
2.093825
2.14305
2.15945
2.1726
2.19695
2.2765
2.310875
2.32115
2.402475
2.437025
2.455375
2.609325
2.662825
2.728425
2.747425
2.7994
2.8195
2.896525
2.921625
2.9539
3.0349
3.06915
3.117425
3.150375
3.271975
3.3606
3.574425
3.645125
3.733875
3.797475
3.8759
3.915625
3.946175
3.959325
4.08365
4.18345
4.380775
4.44355
4.65545
4.838775
5.004
5.046925
5.052325
5.200025
5.274625
5.6234
5.784925
5.802525
5.86805
6.012075
6.149825
6.2293
6.306625
6.446425
6.462775
6.601625
6.79315
6.802125
6.825575
6.9325
6.9563
6.958775
7.32265
7.377725
7.474525
7.5233
7.71195
7.7638
7.807625
8.004925
8.206725
8.2415
8.245575
8.273275
8.32635
8.677525
8.687075
8.715525
8.877475
9.004125
9.09145
9.25725
9.287025
9.303825
9.31565
9.392625
9.4103
9.689375
9.996625
160
