0.07495
0.109125
0.178325
0.20585
0.279025
0.4002
0.4408
0.4473
0.4503
0.45595
0.481575
0.507175
0.521825
0.52315
0.525525
0.526125
0.54235
0.5505
0.555075
0.570375
0.57565
0.585275
0.61
0.618025
0.63975
0.658575
0.661025
0.662425
0.668175
0.700675
0.701975
0.7113
0.730225
0.73565
0.7382
0.772975
0.816125
0.85
0.873675
0.87485
0.885175
0.9254
0.9309
0.955775
0.962125
0.990525
0.991925
1.00205
1.003175
1.00925
1.03685
1.057325
1.05755
1.0584
1.08015
1.083575
1.09845
1.105225
1.107
1.1262
1.1357
1.1876
1.199075
1.223975
1.254925
1.28905
1.328
1.368
1.379125
1.423625
1.42815
1.48005
1.5177
1.54755
1.562575
1.5772
1.707875
1.732525
1.778875
1.79125
1.983475
2.003
2.291775
2.302825
2.491775
2.4991
2.50735
2.51405
2.7426
2.755925
2.76465
2.768425
2.7887
2.7921
2.898175
2.9626
2.978625
3.087725
3.1733
3.2043
3.2733
3.323275
3.372375
3.44825
3.593325
3.6098
3.625875
3.64725
3.6859
3.710825
3.83705
3.8549
3.90325
3.928075
3.985775
4.318225
4.578375
4.623875
4.71285
4.7675
4.811725
4.8865
5.1879
5.32765
5.528825
5.59355
5.60635
5.62865
5.685625
5.7868
5.852125
6.034275
6.269975
6.427875
6.6743
6.9538
7.03535
7.10735
7.166725
7.3061
7.450575
7.54345
7.743525
7.748
7.817375
7.87595
8.1447
8.16725
8.394525
8.46395
8.465225
8.55505
8.848475
8.8498
8.86865
8.87805
8.920375
8.983625
9.10535
9.17415
9.212925
9.2177
9.5843
9.6165
9.626475
9.640475
9.71175
9.713425
9.83235
9.9133
9.990925
9.99215
9.997975
173
