0.0298
0.1809
0.3402
0.343125
0.4343
0.441975
0.49925
0.4999
0.51035
0.511275
0.518
0.5187
0.527875
0.528675
0.5511
0.574075
0.57475
0.574875
0.580675
0.5836
0.592025
0.601875
0.602675
0.6061
0.609875
0.630025
0.630475
0.6395
0.648525
0.689575
0.690125
0.7092
0.721275
0.729075
0.73175
0.750525
0.758125
0.761075
0.761225
0.785725
0.7887
0.79635
0.8098
0.839175
0.8428
0.863875
0.89645
0.9023
0.954025
0.963225
0.96445
0.991725
1.020825
1.058025
1.122675
1.131575
1.2065
1.21885
1.320625
1.340775
1.360975
1.376675
1.3914
1.410725
1.4595
1.469575
1.4922
1.4958
1.4962
1.5345
1.553775
1.5842
1.6264
1.72205
1.746475
1.78015
1.839075
1.857
1.919625
1.928525
2.07615
2.095775
2.198725
2.2731
2.3739
2.3827
2.45805
2.57805
2.6044
2.63675
2.6569
2.6749
2.70295
2.784425
3.1069
3.129825
3.235475
3.274775
3.37865
3.4455
3.5167
3.62815
3.7675
3.793875
3.8075
3.853525
4.05115
4.15975
4.2242
4.24925
4.279075
4.297475
4.3456
4.46375
4.5714
4.5733
4.5895
4.59355
4.7676
4.783575
4.868225
4.96455
4.9737
5.29835
5.5668
5.574525
5.7015
5.748725
5.91265
6.38725
6.445975
6.458975
6.615475
6.6371
6.8543
7.02455
7.27215
7.3427
7.5193
7.560375
7.58345
7.597075
7.63575
7.681875
7.703475
7.73085
7.746975
7.75575
7.806175
7.9043
8.191925
8.38955
8.476125
8.61975
8.6943
8.732575
9.104975
9.185925
9.3989
9.4277
9.72455
9.814
9.8144
9.857625
9.9697
165
