0.265675
0.331125
0.47525
0.479
0.485425
0.5015
0.518425
0.530775
0.54325
0.5518
0.555175
0.57525
0.581725
0.590425
0.600425
0.604025
0.60785
0.627475
0.639275
0.657225
0.6703
0.675025
0.6803
0.6888
0.708575
0.721375
0.73105
0.73505
0.73845
0.773825
0.775
0.778775
0.8026
0.827725
0.8338
0.909025
0.937625
0.96825
1.019525
1.1362
1.16985
1.194725
1.20155
1.22185
1.233625
1.246325
1.2597
1.29485
1.30995
1.4148
1.43555
1.439225
1.494825
1.49545
1.496875
1.5671
1.672075
1.727875
1.7353
1.8934
1.926325
1.981775
2.209075
2.395475
2.404675
2.441475
2.516425
2.53185
2.612025
2.6298
2.64155
2.6589
2.8946
3.0994
3.395425
3.465775
3.50785
3.531175
3.537725
3.581675
3.9476
4.0589
4.303125
4.46345
4.53365
4.62995
4.739575
4.91855
5.0279
5.0771
5.1173
5.13145
5.1585
5.2249
5.328825
5.336725
5.421975
5.462775
5.6975
6.0364
6.107175
6.3386
6.344925
6.4067
6.5526
6.563875
6.632875
6.7282
6.89635
6.9096
7.034225
7.14065
7.1956
7.462375
7.479975
7.73885
8.02965
8.0801
8.084625
8.181525
8.2876
8.380225
8.48795
8.516875
8.984975
8.994075
9.003875
9.40785
9.41185
9.426325
9.56585
9.69725
9.84405
9.9353
134
