0.1739
0.226425
0.40925
0.440625
0.49285
0.52025
0.538225
0.540275
0.5431
0.546475
0.554575
0.554875
0.555
0.569125
0.584225
0.592125
0.603275
0.60715
0.613775
0.6144
0.61785
0.628075
0.629175
0.629375
0.665875
0.673825
0.675025
0.6756
0.680725
0.707575
0.767275
0.804275
0.80805
0.830625
0.8307
0.8415
0.8761
0.891025
0.91285
0.9443
0.997425
1.015325
1.06115
1.08335
1.088175
1.145925
1.2036
1.2122
1.229075
1.27735
1.3403
1.37835
1.4381
1.44885
1.597125
1.675725
1.683775
1.74865
1.767025
1.7901
1.7961
1.883825
2.03055
2.04435
2.14025
2.1568
2.1918
2.223225
2.22615
2.22675
2.2314
2.275225
2.327025
2.488625
2.49935
2.747625
2.759
2.7862
2.8463
2.8477
2.8922
2.9032
3.010125
3.025025
3.130175
3.13345
3.154825
3.18095
3.2405
3.465325
3.4871
3.55065
3.585975
3.589075
3.59625
3.631975
3.66625
3.751775
3.7567
3.75825
3.788025
3.931675
3.933775
4.0993
4.150475
4.157625
4.341975
4.399225
4.506925
4.565975
4.678425
4.89315
4.9873
5.009675
5.117725
5.120075
5.188425
5.426275
5.737925
5.777025
5.99345
6.146725
6.1837
6.250525
6.42725
6.60515
6.74405
6.963275
7.05585
7.18835
7.246625
7.295675
7.56375
7.60535
7.7688
7.976825
8.1031
8.11405
8.1256
8.251725
8.2876
8.811375
8.8332
8.959525
9.026725
9.1807
9.46225
9.509725
9.558825
9.6578
9.766825
9.904075
152
