0.127325
0.44195
0.46425
0.465325
0.4852
0.4915
0.505725
0.5245
0.5269
0.52785
0.53035
0.5368
0.539525
0.55525
0.56315
0.577125
0.58195
0.58435
0.6182
0.623575
0.631875
0.641075
0.6796
0.685875
0.729675
0.777375
0.7965
0.797725
0.8258
0.8471
0.854225
0.868025
0.87175
0.88945
0.898225
0.899025
0.9244
0.95645
0.972375
1.0311
1.0547
1.058725
1.1112
1.121325
1.12365
1.13745
1.1704
1.1771
1.214125
1.22605
1.2262
1.311025
1.33195
1.358075
1.378525
1.468925
1.525675
1.537175
1.777225
1.99265
2.03725
2.073175
2.16765
2.181175
2.197825
2.208625
2.2133
2.25105
2.3015
2.473125
2.553925
2.573575
2.648025
2.729675
2.8118
2.90175
2.93025
3.061575
3.06415
3.07425
3.10525
3.127575
3.142575
3.143375
3.3592
3.40105
3.401575
3.4622
3.493375
3.5992
3.711725
3.763275
3.804825
3.815525
3.8431
3.84965
3.912525
3.9484
4.256025
4.3075
4.41235
4.4373
4.45635
4.4655
4.59885
4.624025
4.656425
4.665875
4.675275
4.675425
4.6945
4.70515
5.265975
5.317625
5.3363
5.3624
5.585375
5.663925
5.762775
5.78045
5.8958
6.1539
6.1784
6.390475
6.4578
6.486075
6.6865
6.9085
7.1019
7.13965
7.2649
7.3229
7.392175
7.5471
7.76695
7.8017
8.063
8.0749
8.097675
8.17435
8.197175
8.19895
8.223775
8.32425
8.327025
8.513975
8.651225
8.715275
8.71895
8.934075
9.257375
9.810975
9.9828
153
