0.0681
0.164425
0.2009
0.282825
0.491375
0.49525
0.497075
0.516775
0.51965
0.5303
0.542425
0.547325
0.5516
0.56515
0.569925
0.572475
0.591575
0.594225
0.6123
0.619475
0.625125
0.651975
0.659925
0.66465
0.70405
0.713525
0.7331
0.7481
0.7744
0.785475
0.810375
0.811
0.822175
0.842825
0.851875
0.87965
0.887275
0.925125
0.99015
1.0036
1.007225
1.024475
1.0326
1.04515
1.07275
1.07545
1.097925
1.11765
1.17965
1.20095
1.24225
1.249525
1.259
1.264575
1.2719
1.27935
1.2809
1.2837
1.317475
1.33265
1.357275
1.3717
1.3898
1.4085
1.4605
1.46095
1.529
1.567625
1.5905
1.638275
1.740825
1.770425
1.79425
1.836925
1.861475
1.903725
1.9583
1.9745
1.97615
2.047075
2.05395
2.1394
2.17385
2.194425
2.31275
2.375725
2.404425
2.43975
2.456375
2.58005
2.599725
2.6698
2.747675
2.795575
3.041175
3.079775
3.091475
3.106825
3.14405
3.151875
3.2702
3.37335
3.413475
3.45555
3.481525
3.619475
3.6561
3.778975
3.8519
3.8919
3.9015
3.978425
4.1587
4.2232
4.28025
4.43835
4.483675
4.62785
4.71145
4.801125
4.86195
4.96065
5.208675
5.36575
5.378275
5.433825
5.7145
6.0144
6.036425
6.088725
6.1663
6.19515
6.267175
6.317625
6.336325
6.4799
6.528625
6.544275
6.5607
6.608825
6.762725
6.76475
6.805325
6.834525
6.997125
7.0512
7.122975
7.124925
7.22425
7.250175
7.45125
7.56825
7.58335
7.75125
7.77725
7.82375
7.871375
7.88485
7.988325
8.022675
8.116025
8.141075
8.17505
8.222825
8.46685
8.595775
8.6834
8.817625
8.87645
8.914925
9.065575
9.144225
9.26015
9.3144
9.39145
9.554275
9.613225
9.7295
9.764675
9.81995
9.8505
9.963775
9.988775
183
