0.0012
0.0976
0.365325
0.4317
0.464675
0.471175
0.4763
0.512475
0.537225
0.5435
0.5637
0.579375
0.609275
0.6143
0.66775
0.675925
0.67995
0.6815
0.702275
0.70445
0.71155
0.723375
0.7301
0.741225
0.7841
0.800225
0.8044
0.819875
0.825925
0.85845
0.8622
0.8704
0.892075
0.899725
0.90775
0.913925
0.96145
0.9867
0.9877
0.9915
1.00845
1.02315
1.047675
1.058075
1.069975
1.097025
1.10205
1.163375
1.3019
1.308375
1.332575
1.349725
1.36395
1.480075
1.54365
1.55615
1.5979
1.718325
1.80385
1.817675
1.894925
1.898525
1.9423
1.979725
1.9878
1.992325
2.01715
2.076875
2.114725
2.263825
2.3023
2.354575
2.44125
2.462225
2.604925
2.79655
2.9855
3.089975
3.112775
3.1748
3.198575
3.3076
3.31565
3.321975
3.34555
3.376875
3.47745
3.56345
3.6028
3.682575
3.782925
3.85
3.991875
4.0601
4.0857
4.207
4.222225
4.3985
4.430825
4.452
4.49695
4.592525
4.788975
4.838625
4.93445
5.076775
5.1113
5.149525
5.150525
5.186275
5.2962
5.46325
5.49225
5.49405
5.766675
5.810075
5.8902
6.07635
6.1044
6.18065
6.25265
6.3151
6.32
6.324075
6.56705
6.59705
6.599775
6.60785
6.61295
6.61535
6.888175
6.90375
6.9255
7.0816
7.19665
7.28925
7.33675
7.35085
7.6026
8.081375
8.191325
8.219125
8.260625
8.3016
8.5866
8.79655
8.873675
9.140725
9.153875
9.612625
9.916
9.95995
9.9667
153
