0.064775
0.265375
0.27845
0.335675
0.451075
0.4614
0.467725
0.48545
0.5325
0.55705
0.57415
0.5779
0.588275
0.590875
0.62915
0.661075
0.6683
0.67065
0.6739
0.689625
0.701675
0.735425
0.760725
0.78185
0.8023
0.80375
0.817775
0.855325
0.855475
0.88615
0.9072
0.9181
0.9231
0.928275
0.9346
0.943975
0.9573
0.981175
0.98465
1.0194
1.054375
1.063425
1.06465
1.084725
1.099375
1.135625
1.138275
1.13845
1.143375
1.25235
1.296775
1.33825
1.350125
1.450825
1.4624
1.487475
1.502125
1.53405
1.5374
1.5496
1.5661
1.589225
1.67535
1.698175
1.821325
1.877625
1.91695
1.930175
1.942825
1.945125
1.96815
2.0504
2.06755
2.087225
2.12275
2.139575
2.23645
2.289925
2.4557
2.468975
2.492975
2.495
2.5369
2.566125
2.584825
2.604525
2.644625
2.6837
2.886125
3.00645
3.017975
3.0318
3.06395
3.136275
3.16665
3.31605
3.443575
3.44925
3.523275
3.692875
3.766925
3.776175
3.88105
4.0106
4.113475
4.150125
4.1926
4.34325
4.42525
4.577025
4.5909
4.63115
4.857575
4.92825
5.14095
5.304275
5.473425
5.543525
5.554875
5.672025
5.67435
5.766275
5.965475
6.221575
6.32465
6.671425
6.6897
6.849
7.13335
7.137025
7.13915
7.2483
7.4534
7.527625
7.612875
7.91915
8.058625
8.075475
8.2868
8.36065
8.645275
8.765025
9.077975
9.1108
9.18225
9.272225
9.479525
9.48495
9.505025
9.6099
9.640225
151
