0.21465
0.4789
0.487025
0.494425
0.504425
0.507175
0.5096
0.532
0.607775
0.6141
0.618475
0.6276
0.63085
0.6412
0.65925
0.687375
0.693625
0.697975
0.706425
0.7211
0.732675
0.740775
0.7467
0.7774
0.78375
0.79785
0.804325
0.80765
0.81285
0.8234
0.8271
0.827925
0.831725
0.83355
0.84855
0.86335
0.8844
0.936825
0.93905
0.969725
0.989025
0.9911
1.01425
1.069625
1.07615
1.081025
1.10055
1.119425
1.1271
1.14975
1.16245
1.178025
1.198925
1.22475
1.2594
1.261175
1.289625
1.293275
1.30155
1.3903
1.398775
1.5152
1.55015
1.6233
1.62895
1.646875
1.669725
1.706625
1.72055
1.764975
1.767525
1.76815
1.810625
1.855425
1.85685
2.0447
2.046375
2.21
2.2724
2.44075
2.483775
2.51555
2.5661
2.593625
2.770225
2.78945
2.816025
2.977775
2.979375
3.0307
3.061
3.1132
3.119325
3.139075
3.1712
3.2206
3.2338
3.33205
3.4622
3.687225
3.7163
3.724875
3.7794
3.794725
3.857825
3.97045
3.994375
4.14345
4.20025
4.470275
4.593
4.6094
4.610275
4.63765
4.657375
4.727925
4.730275
4.848975
4.8624
4.91615
4.98555
5.01625
5.02245
5.07265
5.185125
5.252
5.33685
5.40285
5.433675
5.529925
5.5358
5.54085
5.56455
5.618275
5.634825
5.81685
5.94825
6.025675
6.37755
6.467025
6.520275
6.56305
6.6484
6.73355
6.7755
6.863225
6.933475
7.0651
7.0731
7.08885
7.140725
7.17425
7.1917
7.24425
7.2566
7.434125
7.469025
7.529925
7.580975
7.655525
7.869
7.97405
8.041975
8.2245
8.405875
8.585225
8.93335
9.013275
9.072125
9.16365
9.4451
9.549775
9.745125
9.9262
9.9709
175
