0.069275
0.105175
0.457475
0.47735
0.4786
0.487625
0.496775
0.515725
0.520625
0.5369
0.54125
0.541375
0.543525
0.54515
0.552125
0.5739
0.57915
0.604075
0.611425
0.62155
0.623025
0.628425
0.649875
0.653725
0.655925
0.65755
0.667725
0.669375
0.671375
0.67195
0.674775
0.67745
0.722975
0.7367
0.751625
0.7614
0.791675
0.807025
0.814475
0.850975
0.891325
0.9139
0.925775
0.9362
0.94465
0.9819
0.986
0.988225
0.9907
1.023275
1.06005
1.0625
1.105875
1.120075
1.15475
1.189825
1.203875
1.2086
1.265875
1.359925
1.3714
1.37245
1.3889
1.39195
1.399425
1.462275
1.467225
1.474925
1.48905
1.629475
1.707875
1.7285
1.7751
1.800175
1.829725
1.836775
1.8888
1.89755
1.94915
1.9496
1.9678
2.023475
2.1175
2.14195
2.1688
2.172825
2.2141
2.220825
2.252775
2.330425
2.357525
2.37865
2.391675
2.505575
2.51685
2.668075
2.700175
2.8025
2.825575
2.8261
2.8317
2.8665
3.053975
3.09375
3.133325
3.1413
3.18895
3.418425
3.45495
3.47755
3.53205
3.54655
3.54985
3.662025
3.755075
3.7921
3.842225
3.9054
4.057125
4.17265
4.180875
4.4351
4.606275
4.7154
4.7199
4.772475
4.7754
4.779425
4.8997
4.90625
4.94325
5.00045
5.0067
5.070875
5.107375
5.11015
5.24515
5.374375
5.38915
5.548975
5.60705
5.654075
5.70895
5.731325
5.74135
5.7679
5.773375
5.9268
5.935525
6.037025
6.05405
6.132075
6.2238
6.2322
6.399775
6.406375
6.432225
6.702275
6.89115
7.061675
7.150975
7.27245
7.33995
7.388675
7.560125
7.81115
7.909475
8.071525
8.11005
8.259025
8.2819
8.3604
8.725625
8.72725
8.81445
8.8958
8.9656
9.02645
9.5697
9.58655
9.615825
9.6338
9.75555
9.9412
184
