0.226975
0.2625
0.506375
0.50785
0.51915
0.5265
0.531025
0.536075
0.53805
0.559125
0.56325
0.586475
0.59245
0.60155
0.608425
0.610725
0.623075
0.628175
0.64775
0.6558
0.657125
0.6601
0.679475
0.685525
0.6946
0.706275
0.7093
0.71855
0.7381
0.758975
0.770875
0.78455
0.78605
0.796925
0.81875
0.8654
0.902475
0.91485
0.956575
0.96835
1.00265
1.008425
1.038375
1.072425
1.105975
1.130875
1.16095
1.188525
1.204175
1.224075
1.243825
1.26625
1.315
1.327025
1.33245
1.351225
1.3959
1.449675
1.463275
1.529225
1.656275
1.7043
1.86
1.951825
2.0217
2.0502
2.102325
2.1466
2.182175
2.185325
2.266125
2.330175
2.3485
2.519575
2.6438
2.661425
2.7085
2.786475
2.8115
2.820575
2.825375
3.009625
3.0715
3.080325
3.09785
3.104775
3.160225
3.213275
3.27055
3.3117
3.352675
3.7783
3.886575
3.889725
3.9137
3.917625
3.97605
4.097225
4.11515
4.18355
4.21805
4.26275
4.37805
4.379625
4.3834
4.5361
4.645925
4.72415
4.902125
4.937925
5.01915
5.058625
5.198375
5.238175
5.521825
5.549475
5.636925
5.669475
5.85055
5.958375
5.969125
6.348125
6.47645
6.565825
6.6679
7.0554
7.1228
7.125325
7.188525
7.32785
7.34545
7.512425
7.645125
7.650175
7.880275
7.922325
8.11075
8.3007
8.356975
8.4607
8.656925
8.9249
8.996
9.063975
9.438375
9.443725
9.510325
9.592425
9.6001
9.736525
150
