0.0745
0.241175
0.26295
0.35365
0.419775
0.482825
0.4965
0.506825
0.51915
0.52685
0.527
0.53325
0.53935
0.545775
0.55085
0.567025
0.590375
0.5919
0.598925
0.608575
0.64765
0.651075
0.688075
0.69975
0.703825
0.710575
0.714275
0.718975
0.767025
0.783375
0.7884
0.813875
0.82085
0.823325
0.844275
0.861025
0.893175
0.89795
0.903725
0.91985
0.92535
0.933525
1.01275
1.07165
1.078225
1.09145
1.101675
1.136475
1.19135
1.199175
1.203925
1.209825
1.21045
1.26475
1.3288
1.350675
1.353425
1.3849
1.417975
1.436425
1.449125
1.48745
1.559075
1.60365
1.64605
1.675525
1.69175
1.73865
1.807
1.8756
1.932975
1.993275
2.02895
2.03655
2.0431
2.1018
2.1062
2.1102
2.1205
2.241825
2.267925
2.348625
2.378875
2.387475
2.46335
2.538175
2.54005
2.5831
2.59575
2.613975
2.636675
2.688925
2.7055
3.0346
3.06955
3.128825
3.13055
3.137575
3.3544
3.40595
3.4846
3.505725
3.566
3.770175
3.77865
3.785275
3.83955
3.885925
3.9137
4.096075
4.170375
4.394025
4.450525
4.477825
4.56365
4.640525
4.702375
4.9446
5.2106
5.29395
5.3329
5.5322
5.575125
5.575475
5.822525
5.999575
6.250325
6.266775
6.5066
6.5981
6.791175
6.917
6.9603
7.00625
7.100725
7.454825
7.769275
8.368425
8.687625
8.96825
8.99045
9.232375
9.372575
9.422
9.433275
9.553925
9.660875
9.765825
9.7945
9.8032
9.9342
9.95565
152
