0.419125
0.47475
0.476525
0.495625
0.503825
0.5157
0.532375
0.553175
0.5533
0.559525
0.5683
0.587275
0.595525
0.6009
0.604225
0.6138
0.615125
0.628225
0.6295
0.6486
0.6827
0.687175
0.6925
0.6926
0.694725
0.69965
0.7054
0.72585
0.7287
0.7312
0.804925
0.835075
0.8381
0.84175
0.896275
0.8986
0.919525
0.922625
0.9281
0.936375
0.9519
0.952025
0.976975
0.9867
0.991525
1.01965
1.020975
1.044025
1.057375
1.09505
1.13465
1.156425
1.157075
1.158025
1.1703
1.17715
1.202875
1.2715
1.278
1.292425
1.2936
1.312425
1.314425
1.334825
1.341875
1.36795
1.45155
1.5226
1.537325
1.55895
1.610175
1.679475
1.68535
1.77345
1.857625
1.95055
2.12265
2.1253
2.13355
2.2395
2.27285
2.280475
2.321175
2.336725
2.4555
2.472625
2.4738
2.538925
2.652375
2.6992
2.70685
2.778575
2.810075
2.903825
2.9257
2.980975
3.003625
3.1175
3.3185
3.417175
3.54185
3.770825
3.823675
3.89135
3.895375
3.969375
4.0122
4.0433
4.081525
4.09305
4.0971
4.11725
4.28665
4.3047
4.326125
4.466775
4.52025
4.52115
4.539625
4.783775
4.910575
5.05435
5.10315
5.184125
5.272425
5.291925
5.33215
5.373625
5.377975
5.4794
5.504425
5.60605
5.650125
5.7641
5.767475
5.869475
6.252175
6.26655
6.319675
6.346125
6.41025
6.471875
6.53695
6.619425
7.088225
7.227925
7.3881
7.435875
7.4678
7.5184
7.6518
7.7236
7.806525
8.194225
8.31435
8.3323
8.38635
8.59565
8.657025
8.89315
9.047825
9.24555
9.30005
9.311975
9.361475
9.38855
9.465675
9.61915
9.677625
9.70535
9.841
9.98925
172
