0.1378
0.238625
0.36335
0.460525
0.468525
0.4773
0.49715
0.504875
0.509425
0.51885
0.529225
0.53665
0.537075
0.54445
0.549475
0.5537
0.577175
0.59885
0.605275
0.6079
0.624625
0.628475
0.6398
0.665775
0.670575
0.687725
0.693275
0.71075
0.71365
0.71875
0.739575
0.740025
0.7418
0.74585
0.753275
0.784375
0.797325
0.819475
0.8244
0.851125
0.868675
0.946775
0.97525
0.977225
0.999075
1.006025
1.0146
1.0196
1.023275
1.095375
1.194525
1.245875
1.2541
1.279375
1.33225
1.3829
1.39355
1.4504
1.45795
1.460225
1.5061
1.51745
1.585275
1.58675
1.6502
1.655025
1.658675
1.698625
1.726325
1.79845
1.8065
1.822475
1.85375
1.874475
1.93565
1.96885
1.98945
2.01635
2.030975
2.0507
2.0675
2.1589
2.163425
2.230325
2.2518
2.32065
2.382775
2.416
2.4329
2.4402
2.534675
2.6602
2.66035
2.6624
2.694525
2.769125
2.781475
2.787775
2.842775
2.88735
2.991975
3.078025
3.2123
3.2196
3.252025
3.3789
3.404925
3.51575
3.6909
3.761475
3.775775
3.832575
3.8669
3.9849
4.09845
4.1338
4.176
4.219525
4.367375
4.5329
4.546475
4.617825
4.7236
4.84795
4.8909
5.107675
5.1131
5.118275
5.1362
5.1492
5.179675
5.735625
5.928025
6.076225
6.501225
6.596375
6.676875
6.68725
6.733425
6.75415
6.89385
6.89705
6.996975
7.08475
7.138125
7.6249
7.6615
7.797325
8.033225
8.2032
8.3127
8.325325
8.36825
8.374525
8.448875
8.52135
8.96975
9.0349
9.0739
9.28745
9.4278
9.7342
9.73885
9.739375
9.7752
9.946575
166
