0.357625
0.402425
0.460225
0.487375
0.496425
0.5064
0.5201
0.53275
0.5331
0.58155
0.59245
0.645775
0.661525
0.6779
0.685725
0.690275
0.75
0.778925
0.780075
0.806025
0.83765
0.887025
0.90775
0.9219
0.938675
0.965775
1.008925
1.041325
1.08725
1.11805
1.168975
1.1865
1.24395
1.247325
1.25135
1.3813
1.4382
1.516925
1.5303
1.53205
1.5682
1.60035
1.623475
1.624
1.634275
1.6786
1.711025
1.726875
1.76365
1.770375
1.7886
1.8495
1.955825
1.959225
2.0218
2.037525
2.03995
2.092
2.1626
2.169725
2.2965
2.36635
2.40595
2.43465
2.486075
2.60255
2.612075
2.621375
2.629175
2.67255
2.707425
2.722775
2.73495
2.786375
2.786925
2.81355
2.84565
2.846775
2.86365
2.90965
3.005525
3.0187
3.037525
3.084925
3.085325
3.10545
3.3442
3.379275
3.52175
3.578175
3.594275
3.61105
3.6127
3.786075
3.80225
3.849275
4.1494
4.2532
4.638525
4.731075
5.02285
5.13975
5.166975
5.172975
5.211875
5.22645
5.41255
5.493625
5.509475
5.61155
5.735275
5.776825
5.8499
5.901225
5.903775
5.926
6.1005
6.115125
6.1272
6.27925
6.352325
6.399475
6.5189
6.6071
6.64335
6.7955
6.892025
7.011525
7.0873
7.0905
7.0924
7.310675
7.31965
7.3617
7.46485
7.5812
7.71745
7.771075
8.021475
8.02805
8.2571
8.457125
8.476625
8.5706
8.608225
8.6305
8.6887
8.709075
8.716475
9.0169
9.326725
9.33865
9.7268
9.903875
9.94215
9.950625
156
