0.1287
0.34395
0.41575
0.421875
0.42505
0.426425
0.446575
0.45425
0.493875
0.500725
0.509775
0.527975
0.5334
0.541725
0.55195
0.55335
0.556625
0.561475
0.5723
0.58125
0.5937
0.60275
0.6122
0.6144
0.637375
0.656175
0.66685
0.6816
0.698375
0.719875
0.7202
0.742
0.7431
0.74445
0.75265
0.772425
0.79385
0.801525
0.8354
0.841275
0.84255
0.85455
0.8578
0.879375
0.88355
0.915275
0.982625
1.005325
1.036675
1.07645
1.077025
1.103025
1.12265
1.146975
1.162525
1.170225
1.1822
1.20865
1.33425
1.34575
1.35835
1.407275
1.46115
1.56155
1.63925
1.75215
1.780975
1.897925
1.913725
1.9652
2.004375
2.043625
2.119525
2.142475
2.1767
2.201725
2.34365
2.436525
2.442175
2.469725
2.475
2.59365
2.64455
2.838925
2.874225
3.036625
3.15015
3.307675
3.3244
3.32485
3.328525
3.455125
3.477225
3.51435
3.553275
3.668125
3.6721
3.769875
3.98725
4.0164
4.0427
4.09285
4.182925
4.38905
4.419775
4.42465
4.432175
4.47155
4.5046
4.7383
4.9026
5.020025
5.18325
5.234925
5.320525
5.3623
5.365425
5.42865
5.443875
5.54565
5.5743
5.70945
5.76765
5.80475
5.881675
6.0813
6.084575
6.161
6.216325
6.281575
6.2858
6.415525
6.52185
6.641425
6.98105
7.5462
7.745925
7.858525
7.968975
7.98065
8.1131
8.124
8.17245
8.24345
8.26815
8.34045
8.361775
8.444575
8.63905
8.710925
8.871725
9.022975
9.093125
9.219125
9.456975
155
