0.067375
0.075025
0.137775
0.15565
0.2005
0.2787
0.41955
0.470525
0.47645
0.48145
0.485775
0.49935
0.511175
0.51335
0.51395
0.517875
0.5262
0.528675
0.536375
0.5431
0.592225
0.5933
0.59655
0.6163
0.6168
0.67575
0.7163
0.723575
0.74245
0.75615
0.7895
0.790325
0.80215
0.82875
0.84205
0.8451
0.86695
0.870875
0.897475
0.897975
0.90225
0.903625
0.910075
0.95455
0.9562
1.0232
1.02825
1.039475
1.1077
1.134675
1.154325
1.191975
1.3173
1.336875
1.366425
1.374975
1.380725
1.4538
1.498575
1.541875
1.549125
1.6133
1.6228
1.648825
1.65085
1.652525
1.6963
1.7004
1.7069
1.710275
1.719075
1.837
1.850275
1.885925
2.02575
2.0395
2.0729
2.0738
2.08505
2.096175
2.180425
2.1937
2.211325
2.370825
2.373925
2.41105
2.462075
2.479675
2.48355
2.588725
2.63775
2.720675
2.735575
2.756175
2.77035
2.810675
2.829825
2.833
2.85155
2.85255
2.857775
2.880975
2.883825
2.899925
2.95585
3.06815
3.084375
3.29095
3.292825
3.34295
3.35765
3.617375
3.693
3.715
3.74355
3.8449
3.990025
3.99765
3.99935
4.089775
4.0983
4.12775
4.252625
4.2719
4.278325
4.31695
4.346825
4.377325
4.509675
4.72875
4.966
5.04435
5.143725
5.168125
5.362675
5.381125
5.4468
5.45255
5.64095
5.891375
6.1328
6.158975
6.166575
6.2181
6.272075
6.314325
6.519675
6.614325
6.7376
6.737925
6.808425
6.817625
7.03015
7.206975
7.347725
7.377525
7.385325
7.481175
7.56495
7.8688
7.96955
8.1034
8.25765
8.264625
8.305575
8.40595
8.526875
8.580975
8.7143
8.782125
8.901275
8.9036
9.45865
9.460975
9.465075
9.7905
9.88375
9.94515
178
