0.05665
0.057325
0.25075
0.365225
0.42825
0.447025
0.47865
0.48985
0.50825
0.51605
0.5334
0.550725
0.580625
0.584825
0.59065
0.601175
0.611
0.6256
0.626375
0.628975
0.63655
0.65595
0.658375
0.67015
0.682325
0.684725
0.7121
0.7123
0.7215
0.728975
0.792725
0.793475
0.7996
0.823025
0.8404
0.8519
0.853025
0.866525
0.86975
0.875725
0.90295
0.910075
0.97145
0.978975
0.979025
1.0468
1.047525
1.069025
1.123875
1.180125
1.19225
1.200975
1.217275
1.2208
1.229775
1.252125
1.25245
1.2554
1.258275
1.2805
1.282225
1.287125
1.353225
1.39765
1.416775
1.420375
1.445975
1.4694
1.491725
1.492875
1.5507
1.55385
1.570925
1.6161
1.676775
1.7957
1.8606
1.8839
1.914375
1.94955
2.008925
2.031225
2.03195
2.043175
2.049875
2.054375
2.14715
2.149375
2.2083
2.21375
2.213925
2.2973
2.298825
2.31805
2.3184
2.35985
2.404175
2.428175
2.447425
2.50515
2.5839
2.6284
2.721275
2.75205
2.8218
2.878025
3.03125
3.190375
3.250475
3.250625
3.31015
3.310725
3.35165
3.421525
3.4831
3.546325
3.5558
3.620075
3.646625
3.684325
3.796625
3.804225
3.857625
3.87905
3.97795
3.987375
4.13415
4.171725
4.227525
4.536875
4.57645
4.590575
4.6047
4.71675
4.753525
5.2266
5.235225
5.284625
5.361125
5.37245
5.456725
5.46975
5.601525
5.626975
5.83595
5.868125
5.90105
6.011925
6.45655
6.491725
6.58895
6.622825
6.648575
6.903625
7.156
7.3198
7.4362
7.461525
7.8357
7.92145
8.060325
8.132725
8.140425
8.270375
8.364025
8.54055
8.598575
8.7526
8.77735
8.807175
8.9734
9.20295
9.311275
9.352625
9.4411
9.473175
176
