0.22005
0.256375
0.4352
0.464125
0.4709
0.488475
0.49445
0.51625
0.51675
0.518025
0.519325
0.5198
0.522175
0.5406
0.549275
0.55485
0.56405
0.5652
0.572525
0.58305
0.585725
0.595325
0.6024
0.6205
0.63275
0.633325
0.648525
0.648575
0.6973
0.701525
0.7219
0.721925
0.72605
0.7264
0.730125
0.736475
0.73845
0.739275
0.758775
0.785625
0.79495
0.85815
0.8621
0.9027
0.90695
0.936575
0.9389
0.943
0.9908
0.99555
1.000025
1.001975
1.008575
1.0269
1.047625
1.10715
1.1135
1.17235
1.184775
1.222825
1.24415
1.26185
1.2632
1.382125
1.395075
1.4055
1.40815
1.42705
1.502225
1.554875
1.586325
1.64035
1.680525
1.771275
1.8208
1.898325
1.92335
2.027375
2.037075
2.058975
2.157125
2.221425
2.2239
2.226275
2.240925
2.33985
2.366125
2.4237
2.438875
2.46385
2.47145
2.471725
2.489075
2.502675
2.568375
2.5947
2.6073
2.691425
3.011125
3.050325
3.0768
3.0931
3.098775
3.11535
3.14815
3.251
3.25865
3.393375
3.4283
3.4535
3.6486
3.68325
3.715875
3.73485
3.738425
3.89345
3.940875
4.228375
4.342875
4.561175
4.597725
4.867525
4.88505
5.038625
5.1833
5.1876
5.2342
5.237075
5.283775
5.2952
5.315425
5.400175
5.656975
5.717275
5.721975
5.7545
5.76435
5.803075
5.81855
5.90545
5.96345
5.9857
5.989375
6.006275
6.10265
6.234425
6.245825
6.25965
6.308025
6.352675
6.410125
6.58225
6.884225
6.9919
7.0535
7.079625
7.097175
7.167775
7.19135
7.248925
7.416825
7.42185
7.459925
7.679775
7.815925
8.247725
8.353075
8.509575
8.52335
8.560025
8.828225
9.0511
9.204675
9.322825
9.3823
9.4227
9.76365
9.842
9.8732
9.9403
180
