0.257025
0.4345
0.4519
0.452975
0.463575
0.493575
0.514475
0.5228
0.528875
0.540125
0.544675
0.5555
0.565475
0.56685
0.5709
0.578675
0.59055
0.59615
0.60075
0.64185
0.6547
0.676875
0.692725
0.702825
0.754075
0.766875
0.800725
0.806875
0.80695
0.86625
0.917425
0.940225
0.950175
0.964025
0.99485
1.0231
1.1104
1.14575
1.17765
1.206275
1.253825
1.28895
1.31335
1.3922
1.403275
1.4321
1.4329
1.440375
1.513675
1.6313
1.6601
1.7311
1.736375
1.73785
1.7545
1.78655
1.8141
1.828725
1.89175
2.00475
2.03805
2.072175
2.1107
2.1544
2.189475
2.21105
2.238675
2.325775
2.350375
2.378475
2.3908
2.422475
2.48535
2.562625
2.692425
2.734975
2.7503
2.7827
2.798675
2.851675
2.91185
3.1238
3.1289
3.154175
3.18995
3.211975
3.281075
3.3152
3.407625
3.522
3.6771
3.697425
3.79305
3.7998
3.992075
4.01185
4.026475
4.199525
4.218725
4.28395
4.377875
4.59555
4.677125
4.71945
4.853825
4.930425
5.0113
5.071025
5.111475
5.21345
5.5172
5.53465
5.6513
5.81275
5.823775
5.871275
5.908275
6.09375
6.111675
6.216425
6.302925
6.38615
6.388125
6.464425
6.486
6.9044
6.98455
7.1808
7.2083
7.271175
7.387575
7.392525
7.4291
7.44245
7.57115
7.6538
7.66225
7.7424
7.970925
8.088825
8.193075
8.2493
8.268225
8.363875
8.46905
8.5713
8.5984
8.614275
8.810325
8.848425
8.86985
9.40845
9.413275
9.439375
9.477875
9.49345
9.55
9.56115
158
