0.105525
0.114825
0.245675
0.31405
0.47665
0.482875
0.494425
0.49605
0.504725
0.510925
0.521675
0.527275
0.536
0.5418
0.5686
0.58455
0.58785
0.5925
0.604975
0.614025
0.6142
0.61545
0.63345
0.638275
0.639425
0.649425
0.6523
0.66225
0.66545
0.6847
0.68635
0.709875
0.749
0.75645
0.766625
0.76925
0.771575
0.7907
0.8123
0.823075
0.827125
0.839925
0.865075
0.86605
0.874475
0.89905
0.93255
0.933475
0.936825
0.9448
0.946975
0.972025
1.03435
1.050875
1.06785
1.095175
1.11905
1.13625
1.150775
1.18435
1.234025
1.26975
1.28305
1.3426
1.383875
1.433275
1.454725
1.4816
1.54525
1.5558
1.5585
1.562475
1.5792
1.647575
1.66645
1.70595
1.7864
1.805975
1.8289
1.8296
1.836175
2.015175
2.112675
2.116025
2.151075
2.227975
2.32345
2.32405
2.32745
2.45385
2.477675
2.4796
2.488475
2.5561
2.607575
2.61595
2.6225
2.648275
2.658775
2.746475
2.751775
2.8099
2.846375
2.93025
2.93425
2.9407
3.0369
3.045575
3.053925
3.088975
3.117875
3.14175
3.209175
3.21465
3.218975
3.353125
3.361675
3.3703
3.4761
3.502675
3.536875
3.584425
3.7698
3.90625
3.9892
3.9936
4.038575
4.126625
4.206875
4.30245
4.328075
4.5189
4.8203
4.89765
5.363725
5.623475
5.6619
5.811975
5.88495
6.08925
6.192675
6.25795
6.308725
6.3194
6.336025
6.430825
6.431675
6.46125
6.474125
6.7194
6.751
6.839475
7.19285
7.2413
7.299775
7.3655
7.477525
7.657325
8.11845
8.442275
8.491975
8.591
8.592075
8.83885
8.851425
8.93415
9.06965
9.080225
9.213525
9.225075
9.3794
9.486025
172
