0.119125
0.289725
0.442275
0.449475
0.453025
0.478525
0.48255
0.49625
0.497075
0.50655
0.529
0.5474
0.557475
0.557975
0.572525
0.5868
0.6026
0.625675
0.627075
0.62815
0.6374
0.657025
0.683375
0.7299
0.7503
0.753875
0.759125
0.762225
0.765075
0.769875
0.771375
0.781325
0.7819
0.7863
0.811125
0.822475
0.823575
0.863775
0.8703
0.874475
0.9258
0.9263
0.93435
0.960925
0.970125
0.9735
0.9747
0.992525
0.997325
1.016775
1.01815
1.095125
1.127975
1.14625
1.158625
1.249275
1.2682
1.269025
1.271475
1.27685
1.28455
1.294025
1.3081
1.329875
1.341325
1.351525
1.3705
1.371425
1.376125
1.412425
1.426675
1.4331
1.552175
1.620225
1.632175
1.642775
1.66985
1.6903
1.716
1.8326
1.904825
1.943125
2.014925
2.078125
2.08145
2.154775
2.166025
2.1741
2.191025
2.1929
2.220025
2.23855
2.261
2.267775
2.3247
2.473925
2.510425
2.5112
2.5952
2.648
2.682425
2.688275
2.769275
2.783225
2.92215
2.935275
2.94855
3.0013
3.027225
3.121425
3.18205
3.18935
3.213625
3.24895
3.35585
3.405675
3.41825
3.506325
3.578075
3.62895
3.674225
3.687
3.978075
4.01535
4.1721
4.252625
4.272825
4.372975
4.39325
4.40405
4.56715
4.657
4.66655
4.980125
4.98085
5.04675
5.050575
5.08835
5.306375
5.356825
5.507625
5.53665
5.545375
5.778425
6.066575
6.29935
6.310225
6.64945
6.779325
6.8523
6.8648
6.88645
6.89365
6.90975
7.0477
7.069575
7.19255
7.32845
7.571825
7.6153
7.6418
7.855625
8.091275
8.207825
8.319325
8.380875
8.39285
8.43205
8.463
8.586
8.81895
8.845325
8.88595
8.89475
8.9635
8.98675
9.1367
9.16035
9.2752
9.38075
9.5291
9.541025
9.753275
9.91975
184
