0.031725
0.35895
0.4577
0.4721
0.4741
0.4832
0.488375
0.4993
0.502675
0.5028
0.51205
0.512875
0.517975
0.534475
0.5377
0.542
0.5474
0.556325
0.556725
0.568225
0.626925
0.629325
0.6343
0.660425
0.675675
0.68195
0.70045
0.711825
0.72225
0.739375
0.7411
0.742425
0.753225
0.763475
0.77545
0.792
0.79925
0.8197
0.8748
0.883575
0.900125
0.926225
0.984325
1.01635
1.0218
1.042625
1.0438
1.05015
1.09325
1.126625
1.147725
1.1659
1.17295
1.19695
1.204225
1.222175
1.247025
1.251025
1.256425
1.272425
1.27915
1.287825
1.336775
1.3441
1.3467
1.349475
1.3532
1.4553
1.5977
1.63325
1.697475
1.7084
1.74655
1.793875
1.83455
1.899775
1.973475
2.032775
2.056325
2.0752
2.09295
2.09345
2.111775
2.14955
2.2693
2.303025
2.314775
2.327025
2.380525
2.410725
2.419575
2.4336
2.465225
2.579175
2.586
2.59905
2.617475
2.734325
2.784525
2.890575
2.9509
2.955925
3.0292
3.0551
3.109025
3.135075
3.2127
3.24145
3.36865
3.39705
3.428775
3.542925
3.931825
3.957825
3.992625
4.0152
4.062175
4.08115
4.2019
4.20595
4.284025
4.35615
4.474625
4.55875
4.617875
4.684375
4.744175
4.904725
4.96185
5.021275
5.038825
5.14775
5.293325
5.321475
5.41885
5.436325
5.43975
5.47275
5.78865
5.908825
5.917025
5.97085
5.992875
6.006
6.049425
6.1544
6.1638
6.18215
6.217775
6.42995
6.441
6.67085
6.734375
6.810225
7.014375
7.30995
7.6996
7.87005
7.9205
7.986825
8.050225
8.4795
8.543525
8.6588
8.79125
8.825025
8.874625
9.364575
9.479375
9.604975
9.620175
9.968875
172
