0.1296
0.3143
0.33855
0.3962
0.453975
0.46485
0.481025
0.505725
0.528025
0.5371
0.5422
0.549875
0.566325
0.570925
0.5779
0.58865
0.595825
0.59755
0.598
0.6006
0.611575
0.62365
0.640225
0.6425
0.644
0.65975
0.67705
0.681425
0.692
0.70145
0.7047
0.714425
0.726625
0.72955
0.758275
0.7641
0.77255
0.784625
0.801375
0.8069
0.8269
0.836275
0.849475
0.866925
0.890475
0.894725
0.912475
0.93715
0.95145
1.00605
1.011575
1.049075
1.0699
1.075325
1.077525
1.09885
1.1471
1.15795
1.179925
1.187675
1.2838
1.32935
1.3683
1.404725
1.426525
1.4339
1.487675
1.5331
1.53665
1.54175
1.55015
1.727325
1.77075
1.941725
1.975675
2.01095
2.012975
2.01585
2.035325
2.05215
2.072625
2.1488
2.159725
2.21915
2.247375
2.281025
2.369225
2.44855
2.499125
2.50635
2.563075
2.564075
2.575075
2.579275
2.71625
2.731875
2.79425
2.8867
3.04815
3.06635
3.176175
3.20535
3.205725
3.335775
3.386
3.3951
3.42135
3.503875
3.6853
3.703075
3.85405
3.951
3.98085
4.035275
4.1771
4.221125
4.31495
4.381025
4.437225
4.441125
4.467425
4.570425
4.7121
4.735925
4.771375
4.80995
4.895075
4.91385
5.00085
5.07695
5.095275
5.0961
5.16475
5.29965
5.3446
5.37415
5.3876
5.442475
5.45535
5.46315
5.679525
5.71075
5.80955
6.068275
6.089725
6.17315
6.17675
6.2382
6.544825
6.61105
6.6908
6.71925
6.7417
6.879775
6.9271
6.946375
6.958375
6.9733
7.015625
7.124625
7.266975
7.3579
7.370575
7.535475
8.094375
8.130425
8.2063
8.26245
8.269125
8.851825
9.0587
9.287975
9.344025
9.3795
9.435025
9.48075
9.52475
9.624525
9.789875
9.8237
9.91415
181
