0.0376
0.102525
0.133175
0.156925
0.254875
0.448525
0.460275
0.478725
0.495675
0.497225
0.498825
0.51105
0.511125
0.514425
0.515275
0.518075
0.522475
0.5292
0.5369
0.555875
0.57205
0.58005
0.5806
0.590025
0.59025
0.614475
0.639575
0.651175
0.653875
0.6586
0.6801
0.6815
0.711825
0.719275
0.73115
0.7418
0.764525
0.792025
0.805025
0.81375
0.8354
0.851625
0.87165
0.907575
0.91805
0.918325
0.98025
0.9859
1.001
1.006625
1.018425
1.0453
1.073325
1.08155
1.110875
1.11765
1.127025
1.157825
1.170225
1.183675
1.226425
1.2555
1.26995
1.270925
1.28295
1.286325
1.29845
1.35455
1.3653
1.52695
1.55055
1.578725
1.613525
1.67465
1.77635
1.80655
1.815175
1.861425
1.890775
1.95325
2.000075
2.057525
2.05985
2.13095
2.198575
2.2778
2.3
2.352525
2.35445
2.373475
2.401725
2.402325
2.4342
2.45355
2.474175
2.5339
2.5865
2.710125
2.83025
2.8817
3.01135
3.052825
3.1822
3.208575
3.22125
3.225775
3.28785
3.301475
3.351525
3.404125
3.437175
3.70375
3.79355
4.00055
4.10245
4.158875
4.159875
4.2521
4.39725
4.42595
4.56545
4.81775
4.9433
5.034475
5.113225
5.26125
5.4143
5.42145
5.42325
5.4439
5.59985
5.668
5.6896
5.6969
5.718725
5.7524
5.814775
5.8257
5.8975
5.985025
6.097
6.293825
6.398125
6.4107
6.53085
6.544125
6.551525
6.623725
6.670425
6.98255
7.03295
7.0953
7.2946
7.331225
7.418225
7.8488
7.876025
8.104675
8.12435
8.185925
8.40165
8.411875
8.605175
8.706075
8.750975
8.83035
8.84485
8.9096
8.98425
9.32545
9.353875
9.5511
9.872025
9.89535
9.930175
175
