0.172925
0.18385
0.24745
0.4144
0.43175
0.432625
0.46245
0.4815
0.482425
0.4964
0.497525
0.5092
0.509825
0.513975
0.527175
0.536975
0.54325
0.567275
0.575625
0.6157
0.6365
0.645
0.6481
0.665175
0.6966
0.699675
0.708425
0.709425
0.71945
0.734275
0.741575
0.741625
0.7467
0.7622
0.767525
0.809225
0.843325
0.913525
0.938125
0.951475
0.9526
0.957
0.96695
1.014425
1.0162
1.01635
1.0921
1.100475
1.10215
1.12195
1.144075
1.21915
1.228225
1.236075
1.26765
1.296775
1.3061
1.327575
1.342525
1.352475
1.366975
1.371075
1.3967
1.421
1.44125
1.492075
1.497425
1.586475
1.616675
1.66095
2.12635
2.15955
2.358325
2.394175
2.419925
2.618025
2.646325
2.826825
2.889225
2.935925
3.024325
3.2051
3.208925
3.3244
3.34525
3.362675
3.399675
3.472325
3.476425
3.50685
3.531475
3.578875
3.6529
3.7337
3.943025
3.94665
3.983775
4.296825
4.318625
4.38365
4.39135
4.41645
4.430425
4.481475
4.836225
4.94915
4.97075
5.01695
5.048825
5.14405
5.2634
5.37685
5.444825
5.513275
5.57565
5.585025
5.61925
5.623025
5.7265
5.878725
6.0122
6.135275
6.2632
6.363125
6.529425
6.7365
6.78465
6.96585
7.030825
7.07205
7.09445
7.4152
7.636475
7.761275
7.85465
8.030325
8.30715
8.377925
8.419525
8.491275
8.59895
8.6776
8.849725
8.861725
9.0864
9.182525
9.249625
9.41995
9.70115
9.951275
9.973575
151
