0.143725
0.41925
0.443825
0.452
0.45735
0.474175
0.49015
0.49335
0.4942
0.501175
0.50555
0.505975
0.525975
0.527675
0.5643
0.567225
0.5762
0.5872
0.592575
0.598275
0.6262
0.636325
0.6522
0.654375
0.6904
0.6946
0.727325
0.7386
0.768325
0.7976
0.8184
0.819025
0.820025
0.845275
0.84925
0.84985
0.850475
0.87855
0.894725
0.901575
0.96495
0.979625
0.9953
1.02365
1.0254
1.043675
1.0516
1.0737
1.0848
1.0932
1.22405
1.260025
1.264775
1.3745
1.452175
1.562125
1.57165
1.64915
1.65965
1.67135
1.70415
1.706975
1.763975
1.7647
1.80685
1.84395
1.89725
2.01215
2.02845
2.03375
2.16995
2.25795
2.275925
2.2809
2.359775
2.369225
2.5897
2.6259
2.726125
2.7475
2.824225
2.877875
2.882125
2.9536
2.977425
2.982875
3.089
3.12965
3.1353
3.152525
3.198375
3.226325
3.271175
3.307675
3.417025
3.464775
3.492375
3.574375
3.7277
3.7822
3.795
3.860175
3.89265
4.055025
4.174575
4.1749
4.288825
4.309725
4.4067
4.44975
4.49915
4.576725
4.6085
4.664825
4.86405
4.904025
5.0544
5.104
5.315875
5.487225
5.596525
5.61555
5.6422
5.92725
6.008625
6.040125
6.3019
6.36775
6.467725
6.622725
6.68955
6.7263
6.7737
6.79055
6.8111
6.82915
6.83335
6.91195
6.93425
6.939025
6.96795
7.0056
7.2433
7.3429
7.4682
7.540175
7.56145
7.563225
7.663775
7.66765
7.69195
7.782775
7.875225
8.271025
8.381025
8.451975
8.589575
8.97985
8.985675
9.419775
9.493325
9.638225
9.679175
9.722575
9.795625
9.997075
166
