0.0027
0.22905
0.499375
0.5026
0.5035
0.504075
0.5109
0.513575
0.51585
0.51715
0.521225
0.524
0.530725
0.534675
0.537
0.542875
0.54685
0.548775
0.55435
0.55635
0.558425
0.559625
0.562175
0.5633
0.5738
0.589575
0.600575
0.6077
0.619125
0.6362
0.6508
0.66045
0.66705
0.671275
0.687925
0.71845
0.718475
0.728525
0.753475
0.75665
0.759975
0.7641
0.77695
0.78555
0.803325
0.811225
0.828625
0.8531
0.890475
0.89705
0.91445
0.92385
0.93355
0.93445
0.942125
0.965075
0.970375
0.986475
1.03445
1.0483
1.06275
1.116275
1.146
1.148375
1.22355
1.23305
1.2409
1.255875
1.3086
1.355975
1.356375
1.3597
1.42755
1.428575
1.442125
1.450725
1.459575
1.499025
1.521175
1.525
1.53
1.53155
1.579575
1.6785
1.708725
1.8004
1.859375
1.8658
1.874975
1.897725
1.9512
2.026625
2.1867
2.2235
2.256425
2.299825
2.364675
2.4084
2.409925
2.463825
2.7403
2.7519
2.79985
2.860775
2.897925
3.107175
3.195775
3.2488
3.331975
3.3656
3.3966
3.425225
3.4376
3.455125
3.519275
3.53245
3.702
3.70915
3.93775
3.944425
3.95305
4.06585
4.28055
4.676175
4.68235
4.6888
4.769425
4.800575
5.12595
5.1574
5.175625
5.308525
5.38715
5.6279
5.63325
5.71735
5.74675
5.78735
5.869875
5.9022
5.922275
5.9271
6.081525
6.40055
6.4791
6.80035
6.942275
7.36625
7.379375
7.419625
7.559325
7.60225
7.78855
7.906575
7.920975
8.0098
8.037575
8.06285
8.353
8.51
8.707425
8.79725
8.81285
8.98055
9.00525
9.02715
9.034025
9.24355
9.2745
9.405525
9.436325
9.4999
9.535175
9.6603
9.679825
9.77005
176
