0.19845
0.2546
0.35595
0.43565
0.461925
0.485525
0.497325
0.498525
0.5021
0.503475
0.514525
0.516125
0.5169
0.5201
0.532025
0.538175
0.540475
0.5631
0.58025
0.5875
0.613525
0.61545
0.6177
0.623475
0.6458
0.65125
0.651525
0.663175
0.69285
0.693775
0.70925
0.716825
0.747625
0.755975
0.861625
0.88115
0.9033
0.933125
0.953725
0.978625
1.024575
1.05585
1.060325
1.065975
1.0704
1.08865
1.0902
1.1278
1.1309
1.136475
1.168525
1.187475
1.18805
1.193525
1.19735
1.214825
1.2186
1.2207
1.30755
1.313925
1.34625
1.35475
1.356575
1.3677
1.3696
1.378175
1.402175
1.4325
1.460075
1.4745
1.533425
1.551025
1.59725
1.67565
1.701375
1.71365
1.792875
1.815625
1.816225
1.9434
2.1405
2.252975
2.267725
2.268325
2.2729
2.334425
2.350125
2.379175
2.386025
2.415075
2.4491
2.450125
2.56475
2.6096
2.626825
2.777225
2.854125
2.8701
2.892025
2.9234
2.972975
3.100075
3.173825
3.385725
3.668675
3.700175
3.746575
4.0072
4.0136
4.295175
4.375
4.6028
4.640175
4.7138
4.862225
4.898
5.07605
5.140425
5.241075
5.24355
5.309325
5.36725
5.39075
5.4409
5.45145
5.6629
5.743525
5.74595
5.75915
5.880675
5.90815
5.980125
6.1422
6.236575
6.385525
6.394475
6.408625
6.48795
6.574625
6.96045
6.99025
7.0913
7.16385
7.5318
7.68895
7.75685
7.812725
7.832575
7.977975
8.073125
8.293775
8.5568
8.66355
8.6875
8.93665
9.049575
9.343375
9.405275
9.6816
9.712575
9.722675
9.76805
9.83055
9.91585
164
