0.037875
0.09495
0.110675
0.315375
0.32735
0.4179
0.434925
0.47945
0.480725
0.494425
0.500475
0.505925
0.509625
0.511525
0.518
0.528075
0.5401
0.544575
0.550175
0.55265
0.55985
0.56275
0.582175
0.587775
0.602975
0.605875
0.615625
0.6319
0.648275
0.66035
0.68275
0.6853
0.698
0.7028
0.713575
0.784275
0.7877
0.793925
0.795025
0.8058
0.831025
0.836375
0.87835
0.889525
0.9055
0.941675
0.951625
0.963725
1.0434
1.053575
1.071475
1.073525
1.182775
1.1841
1.191725
1.246675
1.262275
1.26735
1.272725
1.294525
1.30995
1.331775
1.359025
1.359975
1.4082
1.43675
1.487725
1.553075
1.553725
1.6657
1.71005
1.7148
1.7622
1.845825
1.8561
1.87165
1.9022
2.02935
2.133125
2.2499
2.35075
2.367225
2.480075
2.5069
2.61585
2.6672
2.780725
2.8166
2.87285
3.107725
3.17095
3.204825
3.239325
3.264875
3.33405
3.42035
3.472925
3.5246
3.57665
3.632175
3.669725
3.9614
3.985825
4.02215
4.10475
4.132475
4.22945
4.261725
4.52885
4.7618
4.91085
4.938625
4.971525
4.97675
5.01765
5.076475
5.233875
5.2391
5.274375
5.361325
5.37395
5.66945
5.84385
5.940075
5.964025
5.999525
6.04885
6.478725
6.5035
6.54755
6.54835
6.564075
6.588
6.68405
6.7594
6.973175
7.208
7.2202
7.2952
7.33115
7.34105
7.452
7.4846
7.484775
7.543325
7.562225
7.56895
7.67525
7.70505
7.7942
7.831975
7.846525
7.941725
7.9488
8.188275
8.266
8.544225
8.6169
8.63645
8.7727
8.7961
8.89755
8.99885
9.0806
9.143625
9.2034
9.354125
9.477525
9.631425
9.67755
9.861525
9.871225
172
