0.032125
0.472025
0.479625
0.494925
0.5026
0.50445
0.515425
0.52535
0.535725
0.558225
0.563
0.571825
0.6146
0.624725
0.6261
0.6328
0.636475
0.647725
0.6723
0.681725
0.69995
0.7021
0.7229
0.742775
0.74965
0.7622
0.7694
0.7775
0.8281
0.83335
0.84165
0.842075
0.8504
0.8926
0.91475
0.951775
0.993125
1.0122
1.024775
1.025375
1.0339
1.089425
1.0973
1.1429
1.15895
1.254025
1.28935
1.2979
1.30405
1.351425
1.408775
1.412275
1.471575
1.485225
1.509475
1.526225
1.642075
1.716525
1.79615
1.833225
1.881125
1.91245
2.033875
2.0397
2.0424
2.0562
2.09335
2.117875
2.164525
2.2275
2.306975
2.31585
2.475375
2.5968
2.6167
2.638025
2.6513
2.68645
2.79485
2.812625
2.856325
2.8743
2.903325
2.9245
2.979025
3.11685
3.14515
3.19055
3.2114
3.221075
3.271975
3.27625
3.295375
3.345625
3.452425
3.6401
3.682425
3.69055
3.7337
3.805175
3.8104
3.92125
3.94495
4.050675
4.15805
4.24635
4.339075
4.3822
4.684175
4.7156
4.852175
4.922775
4.9546
4.999425
5.027275
5.034625
5.03595
5.03635
5.0695
5.08055
5.083325
5.103525
5.1095
5.272775
5.35295
5.37645
5.467
5.529325
5.621625
5.629375
5.678775
5.691875
5.714775
5.9694
5.9901
6.00235
6.046775
6.165225
6.266775
6.3062
6.370925
6.4114
6.443675
6.4715
6.472175
6.794075
6.7965
7.02135
7.04415
7.428425
7.545875
7.54665
7.55215
7.58515
7.921375
8.080975
8.25835
8.71755
9.509375
9.64845
9.66105
9.697275
9.8292
9.837475
9.929425
9.988025
166
