0.022725
0.182675
0.42695
0.437575
0.477275
0.496225
0.501125
0.50505
0.509325
0.51715
0.5262
0.54125
0.5464
0.5475
0.5498
0.552
0.5735
0.58815
0.617725
0.625425
0.633225
0.639575
0.6508
0.6637
0.68385
0.71255
0.713975
0.722325
0.743575
0.7453
0.810825
0.82905
0.8379
0.861875
0.87105
0.907375
0.92465
0.9309
0.933375
0.94235
0.96525
0.970825
0.97175
0.97475
0.989125
0.989975
0.999175
1.06145
1.07845
1.146825
1.16155
1.1624
1.167975
1.23765
1.262975
1.27455
1.2944
1.351325
1.369225
1.43935
1.450325
1.4718
1.474
1.48775
1.495625
1.5398
1.546975
1.677875
1.7264
1.729575
1.7447
1.850175
1.866
1.971925
1.977875
2.074025
2.093575
2.095075
2.10985
2.1443
2.23665
2.2838
2.4589
2.46035
2.70125
2.767725
2.786175
2.81245
2.8743
2.877275
3.01635
3.02075
3.0961
3.133
3.159
3.1615
3.211575
3.27915
3.301475
3.30435
3.342225
3.3466
3.473175
3.498275
3.538175
3.572625
3.669575
3.878
3.9498
4.018025
4.143625
4.16265
4.2268
4.325375
4.372125
4.413725
4.4213
4.53905
4.673725
4.676675
4.712225
4.780875
4.87295
4.98615
5.038625
5.20085
5.416225
5.42045
5.421375
5.67635
5.7765
5.832875
6.06905
6.211875
6.487475
6.488725
6.54625
6.585475
6.803825
6.944425
7.099725
7.27445
7.3599
7.635275
7.8015
7.809125
7.953625
8.113775
8.159
8.37995
8.464
8.77105
8.944
9.213625
9.387425
9.51385
9.65555
9.81255
9.9209
9.99995
160
