0.31495
0.3965
0.3986
0.4418
0.463975
0.484775
0.491
0.492675
0.497275
0.50935
0.5123
0.521025
0.525075
0.530775
0.538225
0.551775
0.558825
0.563425
0.59045
0.606325
0.6082
0.61085
0.61265
0.620825
0.64745
0.67755
0.71425
0.721975
0.7555
0.774925
0.77605
0.7818
0.7905
0.8275
0.851775
0.87585
0.878825
0.89285
0.895875
0.91915
0.934475
0.938725
0.9871
0.999175
1.01085
1.022525
1.0391
1.1107
1.162325
1.237375
1.261625
1.272125
1.31625
1.35755
1.437625
1.482425
1.51385
1.53255
1.53825
1.579275
1.62125
1.637425
1.70865
1.7361
1.800825
1.806925
1.885375
1.98305
2.102475
2.176875
2.23555
2.4201
2.421925
2.6563
2.677775
2.776925
2.879875
3.099225
3.72545
3.821075
3.83155
3.833325
3.919225
4.5433
4.55815
4.74615
5.065825
5.19575
5.20015
5.333925
5.4133
5.4176
5.43755
5.463325
5.640575
5.6663
5.78645
5.97815
6.02045
6.0615
6.158725
6.1925
6.357125
6.381075
6.5107
6.765675
6.781325
6.8122
7.010075
7.048375
7.074675
7.1613
7.5412
7.57165
7.779875
7.834725
7.878575
7.988725
8.251625
8.355825
8.3714
8.40415
8.451225
8.519125
8.6654
8.679825
8.769775
8.80605
8.943175
8.9482
8.984275
8.98565
9.15405
9.162525
9.5901
9.655775
9.677375
9.783075
9.813625
9.975025
9.9911
141
