0.07255
0.240825
0.258375
0.464625
0.470925
0.475525
0.514225
0.525375
0.530425
0.532225
0.535275
0.55465
0.55515
0.561075
0.562475
0.575025
0.579475
0.58335
0.594125
0.60115
0.60905
0.61115
0.633825
0.6455
0.6515
0.664275
0.6648
0.6668
0.67265
0.685425
0.686675
0.739925
0.752075
0.75235
0.7657
0.77415
0.7801
0.789925
0.8111
0.812575
0.814775
0.8441
0.846
0.856875
0.8571
0.86085
0.93965
0.9477
0.952275
0.978125
0.985475
0.99755
1.0511
1.053125
1.0891
1.117975
1.1292
1.1683
1.168875
1.22945
1.236275
1.249475
1.316625
1.33245
1.342525
1.358725
1.37485
1.430025
1.5806
1.61685
1.62905
1.642725
1.66045
1.7196
1.821075
1.856225
1.86105
1.8955
1.899875
1.9987
2.048175
2.08885
2.12565
2.160375
2.2208
2.2487
2.353675
2.408075
2.483825
2.720025
2.7405
2.749125
2.77465
2.791475
2.820725
2.844525
2.86335
2.899475
2.923525
2.9262
2.9368
2.954625
2.967075
3.0008
3.20475
3.228425
3.239875
3.360525
3.6621
3.82495
3.8387
3.844075
3.97455
3.9778
4.107475
4.187075
4.316825
4.340075
4.40395
4.7077
4.76735
4.786125
4.886625
5.02185
5.070975
5.14065
5.161525
5.265075
5.394175
5.40235
5.415525
5.42395
5.530775
5.555575
5.72815
5.961075
6.188075
6.19855
6.305675
6.443475
6.6376
6.64765
6.6654
6.7351
6.910275
6.9269
6.9804
7.01365
7.1078
7.187625
7.2509
7.56925
7.69585
8.029675
8.0852
8.161925
8.21825
8.30215
8.631125
8.726225
8.758075
9.065575
9.47215
9.483275
9.663225
9.76535
9.80255
9.8165
9.837725
9.8825
170
