0.069175
0.167
0.26745
0.275675
0.3579
0.414525
0.4514
0.5031
0.503175
0.510025
0.513675
0.5336
0.5456
0.5646
0.565575
0.5685
0.57505
0.5803
0.589325
0.593225
0.64475
0.65235
0.657
0.66825
0.673475
0.692925
0.705
0.74015
0.74335
0.752825
0.75995
0.766375
0.780075
0.841325
0.844875
0.8769
0.882875
0.896375
0.9033
0.933925
0.954725
0.96905
0.98685
1.015975
1.053725
1.061425
1.112625
1.1436
1.22185
1.258
1.262775
1.278725
1.340775
1.36255
1.3946
1.43985
1.44395
1.473
1.508575
1.534175
1.54635
1.573125
1.5998
1.611225
1.6407
1.64615
1.76335
1.80585
1.8273
1.894625
1.911225
1.971925
2.028925
2.217725
2.2401
2.281275
2.312225
2.3503
2.521975
2.548475
2.549425
2.55825
2.56235
2.615325
2.628025
2.6403
2.693375
2.759225
2.7619
2.83975
2.8982
3.074825
3.0832
3.12125
3.12685
3.160525
3.277225
3.29865
3.391425
3.4042
3.41345
3.699725
3.9182
3.959575
3.971625
3.97975
4.206725
4.218075
4.225575
4.243475
4.448675
4.54105
4.60685
4.688375
4.91445
5.01085
5.283275
5.44685
5.640775
5.793775
5.969825
6.034275
6.0559
6.070425
6.0825
6.42955
6.4499
6.459775
6.48045
6.739525
6.827575
6.829525
6.914425
7.0745
7.158675
7.4353
7.60295
7.93985
7.95415
8.032775
8.146175
8.213925
8.307775
8.400875
8.441125
8.48485
8.598325
8.7937
8.847025
8.98885
9.0254
9.06315
9.0652
9.153025
9.42275
9.428275
9.94585
157
