0.172
0.2121
0.319225
0.322225
0.3245
0.40335
0.426475
0.440575
0.480875
0.5075
0.511325
0.547725
0.571275
0.585875
0.588
0.606825
0.626575
0.629775
0.63105
0.658625
0.662525
0.67395
0.69775
0.7038
0.70545
0.731275
0.7403
0.7464
0.76205
0.763325
0.766675
0.773725
0.77845
0.78815
0.81675
0.848025
0.8501
0.8602
0.8631
0.9093
0.912675
0.94555
0.968425
0.98915
0.993425
1.026325
1.047275
1.075725
1.07775
1.08805
1.117025
1.176525
1.2066
1.2176
1.2524
1.311325
1.360975
1.377925
1.42575
1.512875
1.527275
1.552
1.557125
1.6009
1.608225
1.68975
1.699225
1.72305
1.729025
1.754125
1.782775
1.9095
1.94515
1.993025
2.092975
2.143575
2.163175
2.1741
2.191075
2.3029
2.30695
2.39555
2.406475
2.449425
2.514125
2.5472
2.637425
2.664825
2.700875
3.129375
3.132775
3.143125
3.314275
3.3323
3.344175
3.408625
3.4443
3.466075
3.48095
3.5126
3.7542
3.7841
3.83875
3.97375
4.005725
4.019575
4.025925
4.31175
4.420425
4.43235
4.447725
4.488025
4.728975
4.7636
4.8081
4.831575
4.86555
4.9936
5.0014
5.0455
5.046725
5.081625
5.35225
5.420725
5.612825
5.705925
5.71115
5.731475
5.842
5.9818
6.106875
6.134925
6.2096
6.426425
6.536575
6.554125
6.6096
6.615725
6.620325
6.8189
6.8429
7.0255
7.087275
7.6029
7.728675
7.75335
7.766425
7.76755
7.9899
7.995325
8.023
8.044975
8.07535
8.2412
8.84645
9.210175
9.343925
9.381725
9.6375
9.919075
9.968825
9.98295
162
