0.205775
0.29125
0.305925
0.355475
0.381925
0.48345
0.495225
0.49805
0.50475
0.531925
0.53465
0.54755
0.549125
0.5542
0.558525
0.582975
0.584375
0.587
0.59495
0.603425
0.633625
0.63885
0.651225
0.651575
0.665375
0.67325
0.681075
0.693725
0.69395
0.6958
0.712225
0.7203
0.72085
0.7253
0.745625
0.759225
0.787275
0.791825
0.79205
0.804325
0.8267
0.839225
0.846575
0.8492
0.850725
0.8545
0.866025
0.9123
0.92085
0.9345
0.998625
1.091825
1.107675
1.130825
1.18815
1.20045
1.2028
1.251225
1.285475
1.291575
1.33095
1.33115
1.36325
1.423175
1.426675
1.4269
1.463625
1.466375
1.55365
1.5713
1.642775
1.723875
1.81215
1.832575
1.89605
1.9249
2.0114
2.037725
2.072725
2.136425
2.14285
2.1587
2.1863
2.2406
2.297725
2.475525
2.51745
2.56745
2.608825
2.611825
2.623475
2.722975
2.76685
3.113075
3.1183
3.210125
3.273675
3.28315
3.349275
3.355525
3.450475
3.4764
3.5289
3.5783
3.637175
3.741725
3.751175
3.8415
3.867825
3.902675
3.938825
3.962
4.060475
4.0978
4.114725
4.182975
4.324275
4.3591
4.3698
4.497825
4.50025
4.501875
4.5411
4.64335
4.704475
4.714325
4.7675
5.1127
5.37175
5.414325
5.53035
5.5451
5.6096
5.736325
5.7765
5.789425
5.8358
6.1126
6.2175
6.396225
6.42775
6.463725
6.480875
6.521875
6.8103
6.921325
7.27235
7.3686
7.386175
7.590575
7.607075
7.6561
7.673425
7.831225
7.923625
7.94465
7.954575
7.9859
8.019725
8.147725
8.249775
8.255025
8.43005
8.45595
8.4817
8.525425
8.803225
9.190625
9.20075
9.323425
9.4803
171
