0.2417
0.39935
0.428425
0.4529
0.4752
0.482725
0.50155
0.50195
0.506375
0.518475
0.524325
0.550625
0.572575
0.57955
0.592125
0.6037
0.6079
0.623725
0.633675
0.665075
0.681725
0.684825
0.6918
0.752475
0.77215
0.790225
0.811125
0.82195
0.82705
0.843125
0.862825
0.8671
0.887025
0.959675
0.9754
0.992075
1.076325
1.0849
1.1091
1.154225
1.209725
1.210175
1.25225
1.272275
1.2889
1.3252
1.359125
1.370225
1.382275
1.3875
1.424425
1.430075
1.48015
1.4949
1.539075
1.56835
1.7273
1.74565
1.796875
1.814675
1.82885
1.872225
1.8823
1.9884
2.024525
2.1044
2.176175
2.188875
2.2975
2.335075
2.380075
2.46625
2.54365
2.564825
2.567375
2.6438
2.740575
2.841925
2.911475
3.0053
3.121675
3.1848
3.20455
3.222125
3.26875
3.26975
3.54555
3.68095
3.7326
3.7776
3.9532
4.079525
4.243275
4.318
4.3338
4.38985
4.5835
4.703325
4.7945
4.974725
5.104175
5.144375
5.1654
5.1794
5.29805
5.353175
5.582425
5.58945
5.61405
5.681325
5.733
5.78225
5.78685
5.824475
5.989225
5.999325
6.35755
6.36845
6.674275
6.80365
6.816525
7.04735
7.165325
7.266775
7.49885
7.586025
7.60905
7.66695
7.730875
7.80725
7.830275
7.94245
7.96775
7.976875
7.9888
8.011625
8.174225
8.495275
8.721525
8.769525
8.880225
9.149675
9.45965
9.5131
9.5542
9.607225
9.6922
9.712225
9.836925
149
