0.10125
0.38665
0.437925
0.480025
0.491625
0.4934
0.5041
0.506425
0.508275
0.5171
0.517775
0.518825
0.51975
0.525025
0.536325
0.536925
0.545725
0.5499
0.5612
0.565125
0.566325
0.58305
0.600425
0.605575
0.6528
0.672425
0.676275
0.67915
0.706225
0.7322
0.73835
0.742225
0.761775
0.7782
0.782325
0.8246
0.8669
0.8717
0.8762
0.893375
0.89855
0.908825
0.931375
0.933175
0.934375
0.94695
0.963
1.0081
1.00925
1.0193
1.019675
1.02835
1.0296
1.0696
1.08805
1.1048
1.11205
1.13025
1.13545
1.147675
1.161975
1.19605
1.201475
1.2276
1.22865
1.23945
1.379125
1.434075
1.43535
1.44765
1.497
1.565925
1.6224
1.631075
1.638825
1.64175
1.6476
1.819925
1.8447
1.942175
1.944575
1.94465
1.954325
1.971475
1.972425
1.972525
2.09505
2.132625
2.158075
2.2569
2.41855
2.450675
2.54215
2.636625
2.711675
2.765725
2.788675
2.8265
2.872425
2.902725
2.96235
3.08085
3.2688
3.343875
3.3566
3.5312
3.535475
3.595275
3.633675
3.728475
3.82955
3.97115
3.99715
4.10505
4.2291
4.3567
4.449375
4.57175
4.635775
4.778
4.77815
4.794925
4.94665
5.0883
5.14235
5.14775
5.211425
5.2343
5.33505
5.480925
5.52915
5.554225
5.600275
5.64475
5.839625
5.935525
6.268
6.3365
6.343325
6.55925
7.192825
7.3141
7.415175
7.5042
7.525825
7.5264
7.532425
7.75155
7.769925
7.98755
8.050875
8.1317
8.20735
8.24115
8.452475
8.516725
8.909575
8.941025
9.22575
9.352175
9.486425
9.55815
9.82295
163
