0.072675
0.228325
0.289125
0.41725
0.462825
0.467625
0.48295
0.485025
0.511325
0.519975
0.522325
0.528075
0.549525
0.551625
0.5553
0.556075
0.564525
0.572925
0.591325
0.593
0.6035
0.60615
0.607825
0.60885
0.610975
0.630125
0.63695
0.67195
0.697625
0.69875
0.71955
0.722475
0.73345
0.75495
0.801825
0.818425
0.82505
0.86665
0.870625
0.879875
0.88425
0.896325
0.916325
0.943825
0.955925
0.97025
1.023175
1.0355
1.040775
1.044975
1.04955
1.063625
1.070575
1.11285
1.238775
1.251275
1.2694
1.2967
1.3013
1.327125
1.3411
1.3535
1.3572
1.3677
1.371675
1.426975
1.43345
1.442825
1.442875
1.45185
1.4827
1.518325
1.5497
1.6981
1.7434
1.769
1.789525
1.801125
1.8766
1.939925
2.135625
2.167125
2.216625
2.221825
2.265975
2.329675
2.369075
2.45825
2.468625
2.47705
2.631275
2.64795
2.734175
2.735075
2.80705
2.813325
2.860425
3.158875
3.23355
3.238
3.279825
3.3318
3.34485
3.3493
3.36305
3.3803
3.4131
3.43685
3.4747
3.511
3.5149
3.5226
3.528125
3.57325
3.6635
3.674275
3.687475
3.77925
3.89615
3.915325
4.064825
4.079
4.179575
4.18385
4.264625
4.372975
4.562025
4.7578
4.766575
4.776575
4.947425
5.24525
5.403575
5.406475
5.47665
5.881825
5.89015
6.061025
6.065375
6.14
6.1893
6.42375
6.4323
6.474625
6.49865
6.528225
6.54425
6.59735
6.6099
6.68325
6.74925
6.8819
7.5025
7.5377
7.552
7.6033
7.685675
7.72555
7.74185
7.876125
7.96825
7.985475
8.45395
8.4957
8.5459
8.59495
8.7855
9.160525
9.2535
9.318375
9.675225
9.975
172
