0.002
0.3728
0.412425
0.4445
0.458425
0.461725
0.502475
0.5051
0.5306
0.53335
0.542275
0.558825
0.562575
0.59175
0.593525
0.6076
0.610375
0.62005
0.63715
0.6688
0.67025
0.676425
0.683325
0.7343
0.7537
0.760375
0.782175
0.813625
0.841975
0.845975
0.852125
0.871175
0.882
0.882425
0.88765
0.897325
0.908625
0.91035
0.915375
0.92445
0.933925
0.964425
0.965975
1.003225
1.04505
1.139925
1.160675
1.1668
1.2005
1.205025
1.2221
1.22415
1.232875
1.280275
1.283875
1.36875
1.43855
1.4527
1.496775
1.6985
1.703525
1.7451
1.789525
1.809425
1.82235
1.860975
1.90545
1.912175
1.94455
1.94555
1.96885
1.977025
2.120025
2.150825
2.2094
2.2865
2.417525
2.4517
2.453925
2.494925
2.590625
2.602825
2.630625
2.6554
2.80675
2.885725
3.0019
3.069125
3.07335
3.1129
3.12275
3.23505
3.3749
3.469725
3.494525
3.4955
3.5321
3.729275
3.92955
4.060025
4.087025
4.090225
4.27335
4.3036
4.32495
4.409425
4.430125
4.4441
4.4827
4.495625
4.6984
4.7976
4.96435
5.05565
5.111375
5.121575
5.1605
5.1613
5.172075
5.205725
5.6055
5.662
5.6721
5.686925
5.72895
5.95865
6.01265
6.0414
6.223375
6.22485
6.275275
6.31375
6.388475
6.47135
6.5316
6.68795
6.7311
6.9103
7.246
7.375425
7.482925
7.499375
7.6559
7.71475
7.718275
7.851575
7.9339
8.06875
8.10565
8.2032
8.21785
8.225725
8.25785
8.361725
8.3722
8.732725
8.951675
9.133325
9.230325
9.282075
9.3015
9.380175
9.476675
9.68615
9.707225
9.782125
9.977875
9.985925
168
