0.26115
0.424275
0.450875
0.467275
0.4684
0.49035
0.528375
0.555775
0.556625
0.565225
0.56945
0.576875
0.5981
0.602525
0.6185
0.624475
0.63855
0.64105
0.6469
0.6599
0.663175
0.67765
0.6784
0.72095
0.728625
0.754425
0.7572
0.77635
0.7772
0.7813
0.788425
0.7967
0.81445
0.840075
0.857825
0.863025
0.8804
0.9154
0.919
0.932475
0.953575
0.975925
0.98545
0.9863
1.0213
1.060525
1.060625
1.072325
1.147025
1.177825
1.18285
1.200525
1.235775
1.31435
1.41035
1.505775
1.508525
1.5093
1.53235
1.75515
1.77595
1.7767
1.7813
1.804125
1.820325
1.8323
1.842275
1.845575
1.98365
2.10635
2.111025
2.137625
2.2398
2.240975
2.368925
2.392025
2.48605
2.4897
2.5208
2.53255
2.55825
2.6131
2.6553
2.669
2.776625
2.92745
2.960375
3.0987
3.194175
3.21365
3.25245
3.367425
3.4217
3.59355
3.613125
3.642
3.784925
3.85135
4.03615
4.076625
4.091825
4.15325
4.248525
4.321575
4.379125
4.411225
4.4338
4.525475
4.541225
4.690925
4.71765
4.826125
4.867325
4.8698
4.90265
5.12295
5.130575
5.340975
5.412075
5.465025
5.525
5.583675
5.913975
5.995775
6.0025
6.3053
6.310175
6.354675
6.40715
6.4813
6.68095
6.844225
6.8609
7.284125
7.39735
7.434575
7.500475
7.57155
7.63425
7.757775
7.89965
8.1023
8.118675
8.142075
8.459975
8.50275
8.5265
8.578375
8.642925
8.693475
8.789175
8.8122
9.3144
9.42925
9.5114
9.657925
9.701375
157
