0.02965
0.04775
0.058375
0.12115
0.32855
0.4307
0.454375
0.46625
0.481575
0.48685
0.4903
0.531525
0.532825
0.53375
0.5394
0.5401
0.57625
0.593
0.601325
0.61475
0.6222
0.640125
0.65565
0.6562
0.66145
0.664775
0.739275
0.748025
0.759325
0.81895
0.83485
0.8695
0.87815
0.8858
0.89665
0.902
0.9224
0.945525
0.96985
0.9726
0.98635
0.995725
1.02835
1.048125
1.07355
1.08395
1.194175
1.202225
1.2217
1.298125
1.30215
1.3246
1.3317
1.332525
1.4437
1.4447
1.473425
1.480075
1.5723
1.575625
1.5912
1.5936
1.60495
1.671025
1.673075
1.750825
1.7865
1.87985
2.05175
2.078475
2.0805
2.139825
2.159575
2.23985
2.251
2.2868
2.290725
2.370875
2.3828
2.393075
2.41825
2.424375
2.495175
2.513375
2.53635
2.554125
2.653925
2.7781
2.86195
2.8858
2.987525
2.994775
3.03065
3.035225
3.1336
3.1647
3.203575
3.22925
3.32555
3.347375
3.4992
3.533425
3.835475
3.84615
4.1859
4.4306
4.55565
4.5665
4.586475
4.5954
4.64605
4.70075
4.8595
4.893975
4.974325
5.19285
5.305125
5.4371
5.46855
5.53825
5.76245
5.768525
5.843175
5.843575
5.883875
6.155325
6.2969
6.323675
6.465175
6.57525
6.7494
6.902775
6.963525
7.0607
7.063025
7.13425
7.197225
7.20555
7.23245
7.304825
7.37
7.44645
7.535725
7.734775
7.785625
7.999425
8.0688
8.0961
8.172475
8.294625
8.409875
8.43625
8.520425
8.57235
8.660325
8.74335
8.839725
8.858075
8.860625
8.885425
9.02415
9.02485
9.566525
9.621725
9.628225
9.6471
9.667925
9.95825
9.986725
9.995275
170
