0.18915
0.256575
0.31345
0.349575
0.426525
0.4675
0.4813
0.4988
0.52305
0.527875
0.53055
0.532575
0.536525
0.53715
0.54145
0.5514
0.58705
0.5948
0.603875
0.6073
0.619825
0.641475
0.644
0.702075
0.704
0.7047
0.71485
0.744425
0.74905
0.7519
0.7727
0.78055
0.823075
0.87785
0.91295
0.915475
0.927075
0.92855
0.9505
0.9796
1.0149
1.034725
1.039025
1.05275
1.0856
1.1346
1.1558
1.165425
1.23875
1.281175
1.303875
1.304925
1.352625
1.36195
1.444125
1.5047
1.643575
1.6575
1.67785
1.75065
1.78245
1.78565
1.821925
1.86605
1.930675
1.9597
2.107625
2.129875
2.180375
2.222925
2.301325
2.33545
2.38865
2.435275
2.459825
2.465825
2.472925
2.511275
2.512575
2.5473
2.55
2.5944
2.6923
2.778625
2.899125
3.085775
3.13155
3.22815
3.349875
3.35215
3.4755
3.575575
3.625125
3.65985
3.89605
3.916775
3.9937
4.013275
4.0406
4.192875
4.217825
4.294075
4.304275
4.35905
4.83155
4.966725
4.985575
5.0121
5.0785
5.2064
5.23075
5.496975
5.72295
5.72845
5.96735
6.068125
6.2269
6.302575
6.515275
6.59335
6.767575
6.894175
6.983675
7.041625
7.13715
7.783275
7.799425
7.902125
8.06715
8.10215
8.4697
8.47185
8.515625
8.715475
8.735575
8.81835
8.820675
8.992625
9.061775
9.45225
9.465125
9.55395
9.5565
9.606925
9.83725
145
