0.009725
0.0433
0.4073
0.452675
0.488275
0.497525
0.4977
0.5015
0.5258
0.530825
0.5341
0.5369
0.5446
0.545475
0.58565
0.603925
0.61965
0.6328
0.637375
0.64395
0.659925
0.666
0.69515
0.699125
0.705875
0.706425
0.76905
0.7729
0.80245
0.802725
0.804325
0.806925
0.844175
0.85135
0.871675
0.87975
0.8894
0.9327
0.952025
0.955525
0.972325
0.99535
1.025275
1.040175
1.07675
1.1273
1.129125
1.15655
1.172175
1.1987
1.211625
1.213425
1.232025
1.2444
1.251575
1.276975
1.295275
1.318375
1.355475
1.362975
1.37295
1.394975
1.45095
1.5101
1.518325
1.53295
1.651925
1.664025
1.80115
1.852975
1.890075
1.91105
1.914625
1.93495
1.93885
1.939675
1.993375
2.0267
2.179775
2.188175
2.2366
2.3551
2.41015
2.415175
2.47165
2.54945
2.5626
2.59615
2.6348
2.6387
2.642125
2.671075
2.765975
2.7906
2.8227
2.84455
2.882125
3.0392
3.0598
3.173975
3.262925
3.331475
3.45925
3.541875
3.585175
3.688
3.7501
3.767075
3.8252
3.834975
3.839225
3.852425
3.87285
4.022925
4.108675
4.11485
4.186325
4.202925
4.237
4.46745
4.575125
4.749925
4.822925
4.89635
4.97225
5.05055
5.108075
5.1738
5.18305
5.350575
5.414575
5.421475
5.905575
6.01975
6.104075
6.239225
6.2817
6.322025
6.48425
6.538025
6.634975
6.640575
6.729075
7.128375
7.15325
7.404375
7.6024
7.719025
7.909475
8.085775
8.177525
8.315975
8.39645
8.4508
8.798975
9.02635
9.0859
9.096875
9.255725
9.34315
9.497675
9.502625
9.52475
9.58215
9.662375
9.695225
9.801175
9.8554
9.859525
9.999325
170
