0.453875
0.455225
0.48065
0.526025
0.533275
0.535725
0.5409
0.544375
0.55775
0.55825
0.562425
0.5931
0.59685
0.6014
0.602325
0.6197
0.643525
0.682975
0.691375
0.72495
0.727525
0.734975
0.7471
0.770425
0.814075
0.817175
0.83665
0.84075
0.843375
0.8554
0.8559
0.871
0.8879
0.955
0.966775
0.989575
0.99575
1.0007
1.00655
1.08265
1.119625
1.132875
1.1443
1.18895
1.2078
1.2346
1.2552
1.265225
1.311625
1.396025
1.407325
1.410375
1.43545
1.495875
1.546825
1.566075
1.581175
1.611625
1.681875
1.708575
1.807725
1.8128
1.8687
1.990375
2.000225
2.052025
2.090025
2.104575
2.216975
2.23645
2.295825
2.3418
2.35045
2.4111
2.420175
2.46395
2.538275
2.68735
2.82785
2.904475
2.936325
2.996525
3.02225
3.08075
3.108875
3.181775
3.2696
3.269675
3.3308
3.370725
3.4457
3.476225
3.534325
3.628525
3.736275
3.74135
3.8454
3.85135
3.8526
3.9426
4.015125
4.0694
4.074425
4.11935
4.265775
4.360125
4.3948
4.425975
4.49335
4.5475
4.628425
4.728
4.74005
4.853325
4.86405
4.891625
5.005975
5.037825
5.563675
5.65605
5.70995
5.7262
5.7565
5.798975
5.825325
5.82995
5.89325
6.035525
6.11275
6.220075
6.3568
6.475475
6.557575
6.769525
6.839125
6.89315
7.17235
7.302525
7.75315
7.910475
7.988425
8.11875
8.161
8.267975
8.516125
8.5234
8.610875
8.616025
8.63255
8.669175
8.769225
8.91435
9.06725
9.82805
9.933025
155
