0.144525
0.16815
0.3884
0.488925
0.495375
0.5121
0.5165
0.5328
0.548225
0.561175
0.5784
0.57915
0.579675
0.58855
0.5995
0.61715
0.6279
0.6515
0.656525
0.6723
0.67445
0.680525
0.681975
0.68315
0.70035
0.709675
0.7295
0.740475
0.74965
0.7617
0.765225
0.768075
0.782575
0.797325
0.79765
0.801125
0.81995
0.8272
0.846225
0.84695
0.849075
0.855775
0.881225
0.8859
0.920525
0.9375
0.939125
0.945725
0.965825
1.053475
1.06765
1.09245
1.103575
1.123125
1.169575
1.233125
1.259225
1.260625
1.3019
1.302425
1.328075
1.339
1.39655
1.405375
1.431275
1.43305
1.472925
1.491825
1.5796
1.623725
1.628775
1.65085
1.688375
1.763825
1.850225
1.92865
1.932425
1.944
1.949625
1.9864
2.057075
2.085575
2.1846
2.231025
2.297525
2.3163
2.408475
2.44815
2.477775
2.496075
2.51105
2.763375
2.789475
2.794175
2.871
2.94365
3.1099
3.230125
3.321975
3.387875
3.390025
3.420175
3.448175
3.5145
3.5532
3.613025
3.615575
3.637
3.671525
3.7862
3.8193
3.820825
3.848775
3.879
3.927975
4.009625
4.03105
4.04275
4.312425
4.34845
4.506675
4.51805
4.573175
4.631975
4.652625
4.699025
4.768525
4.771075
4.81745
4.86265
4.8768
5.22265
5.596125
5.6441
5.716325
5.79035
5.9599
5.9715
6.023525
6.19105
6.21315
6.26405
6.278025
6.595
6.87705
6.88315
6.908725
6.910525
6.93045
6.94585
6.99915
7.255575
7.874975
8.04115
8.2876
8.3283
8.3914
8.52905
8.611425
8.6161
8.678525
8.978675
9.02535
9.295275
9.72945
9.73335
166
