0.193875
0.39985
0.45105
0.458325
0.466275
0.470425
0.481275
0.4854
0.496175
0.50205
0.528175
0.532675
0.53735
0.55085
0.552175
0.55495
0.5554
0.555925
0.564975
0.57205
0.57395
0.598475
0.630625
0.648975
0.660625
0.6674
0.705875
0.70885
0.71065
0.7222
0.729775
0.7426
0.76795
0.778175
0.779575
0.779975
0.7814
0.78735
0.7874
0.803425
0.824
0.826925
0.893
0.92525
0.936
0.96495
0.977425
1.006375
1.0125
1.02125
1.029425
1.049075
1.0781
1.097325
1.137725
1.2703
1.274275
1.326975
1.341075
1.35215
1.401
1.416175
1.476475
1.513525
1.526125
1.52685
1.540075
1.552225
1.55315
1.579375
1.60615
1.718525
1.7433
1.763525
1.8486
1.88025
1.931275
1.94665
1.96905
2.0445
2.09385
2.13695
2.18265
2.22885
2.23965
2.266525
2.280225
2.29715
2.35985
2.36195
2.39255
2.563225
2.64655
2.654825
2.70975
2.88695
2.9447
3.057
3.353675
3.372825
3.411475
3.47235
3.477075
3.48485
3.5543
3.5853
3.661625
3.6761
3.68435
3.926325
4.097425
4.160625
4.245525
4.247075
4.262175
4.3874
4.458925
4.58495
4.613525
4.657375
4.659325
4.72435
4.75975
4.806775
4.8649
4.998175
5.044475
5.097875
5.269975
5.298725
5.307075
5.40825
5.463975
5.535425
5.662225
5.70695
5.7158
5.906025
5.933625
6.0253
6.2164
6.2258
6.4122
6.42915
6.441825
6.57925
6.632425
6.72635
6.774675
6.887025
7.141775
7.203775
7.2238
7.24145
7.4364
7.8341
7.86545
7.8664
7.911075
8.011625
8.03645
8.109375
8.144225
8.222225
8.341
8.4863
8.518825
8.528975
8.62455
8.64735
8.870225
8.8962
8.960675
8.981075
9.026925
9.492575
176
