0.230125
0.45195
0.460525
0.483075
0.488275
0.505225
0.5253
0.539425
0.5465
0.5505
0.5564
0.5659
0.575
0.581425
0.586625
0.5871
0.589475
0.593325
0.598525
0.6416
0.665625
0.6858
0.689
0.699325
0.716925
0.761625
0.794775
0.813625
0.835475
0.85145
0.8594
0.86685
0.881125
0.905575
0.932975
0.967975
0.9849
0.9952
1.041
1.095775
1.150775
1.166975
1.1678
1.180875
1.24175
1.263725
1.268775
1.2717
1.31925
1.335925
1.403125
1.4598
1.461375
1.464975
1.53255
1.563825
1.567475
1.643225
1.659325
1.676625
1.70705
1.7714
1.923975
1.9412
1.9799
2.00035
2.004675
2.035175
2.215225
2.225225
2.515725
2.81205
2.842225
2.842675
2.847675
2.8809
2.935
3.1313
3.1668
3.2199
3.2783
3.310025
3.36225
3.37135
3.4174
3.463225
3.471075
3.567725
3.6075
3.80805
3.982025
4.04435
4.070125
4.08175
4.2186
4.229075
4.295375
4.4045
4.5037
4.557025
4.5698
4.69995
4.738575
4.837975
5.165725
5.20955
5.25435
5.265725
5.32955
5.429925
5.455175
5.465075
5.4675
5.7062
5.71845
5.730075
5.750125
5.763075
5.797475
5.9026
5.97605
6.05595
6.061175
6.07315
6.087175
6.26855
6.3631
6.376175
6.538175
6.8302
6.8879
6.895725
6.9484
6.988975
7.01165
7.2816
7.3201
7.3909
7.472125
7.47245
7.6405
7.7131
7.81645
7.9346
7.934825
7.9969
8.398675
8.449775
8.497725
8.7434
8.972625
9.099725
9.1031
9.357675
9.3893
9.422725
9.617725
9.6995
9.729625
9.87395
160
