0.057
0.177325
0.325675
0.435
0.498925
0.507125
0.5112
0.519475
0.521425
0.541125
0.54255
0.5451
0.54715
0.56485
0.56685
0.568275
0.5822
0.586
0.59085
0.60765
0.612425
0.614775
0.62205
0.633225
0.6383
0.644075
0.65435
0.66825
0.669925
0.700675
0.7086
0.72315
0.72375
0.725675
0.729675
0.737725
0.75565
0.757825
0.77395
0.79405
0.8091
0.81615
0.862
0.8646
0.885775
0.958725
0.961225
0.97225
1.010075
1.016175
1.070975
1.0809
1.0814
1.10245
1.118525
1.136625
1.14075
1.202725
1.261625
1.32875
1.330925
1.4376
1.468525
1.511575
1.54215
1.561525
1.579025
1.622425
1.644775
1.77345
1.781025
1.7918
1.823525
1.9078
1.910725
1.984775
1.9927
2.020775
2.0382
2.1094
2.14715
2.191075
2.20685
2.2132
2.24115
2.247075
2.290375
2.372325
2.40535
2.468725
2.487775
2.53655
2.5781
2.5858
2.7587
2.77695
2.7792
2.8144
2.8863
2.891
2.94585
2.9472
3.12385
3.28145
3.468675
3.550975
3.555975
3.627025
3.64615
3.829025
3.85995
3.90995
3.940325
4.00005
4.0654
4.154575
4.220425
4.34305
4.429525
4.4793
4.697375
4.943925
5.361025
5.40325
5.770625
5.79155
6.064225
6.070375
6.12485
6.1533
6.155125
6.2287
6.3395
6.584275
6.609125
6.688625
6.7659
6.84205
6.93065
7.105825
7.1622
7.20565
7.5519
7.816425
7.84275
7.977425
8.0607
8.1517
8.161325
8.214725
8.25705
8.317625
8.518575
8.632825
8.760125
8.8021
8.813375
8.8404
8.93485
9.0654
9.103
9.1614
9.185625
9.21735
9.45595
9.6799
9.76225
167
