0.070575
0.206
0.4527
0.467175
0.4753
0.494825
0.513175
0.525125
0.532825
0.541375
0.566975
0.57025
0.570425
0.5727
0.581475
0.6023
0.60895
0.61155
0.627875
0.6309
0.64505
0.683725
0.702975
0.70995
0.710525
0.7177
0.780675
0.7947
0.799075
0.807025
0.8115
0.81545
0.821425
0.82775
0.83325
0.845225
0.870075
0.871675
0.893775
0.91775
0.9371
0.94745
0.953625
0.959575
0.962075
0.967475
0.98675
1.06795
1.070225
1.078625
1.103475
1.10955
1.1586
1.163675
1.201675
1.24765
1.2571
1.31435
1.387175
1.4052
1.415875
1.444475
1.5203
1.562175
1.5987
1.622075
1.6366
1.68865
1.71195
1.7305
1.7581
1.779775
1.793325
1.954375
1.95585
2.0309
2.195925
2.223375
2.29
2.3429
2.35445
2.381475
2.418825
2.4206
2.4294
2.46705
2.486375
2.53155
2.5341
2.57415
2.5976
2.609725
2.6287
2.6967
2.727125
3.216925
3.352225
3.378125
3.467825
3.575525
3.57805
3.60515
3.60805
3.686375
3.874525
3.87545
3.9098
3.93375
3.9629
3.992325
4.0519
4.111525
4.23955
4.34325
4.4757
4.7366
4.7571
4.793275
4.825925
4.947725
5.325675
5.331375
5.343225
5.549125
5.660525
5.78755
5.856225
5.943625
6.082925
6.0988
6.110125
6.14735
6.2018
6.24815
6.2843
6.37305
6.63165
6.67685
6.949025
7.2023
7.2783
7.295575
7.340825
7.43625
7.4856
7.53915
7.63655
7.6588
7.71185
7.721375
8.1699
8.176375
8.206525
8.2739
8.325525
8.507475
8.5819
8.69005
8.743725
9.0663
9.113675
9.2005
9.23685
9.2516
9.316775
9.326775
9.420425
9.535925
9.65455
9.701225
9.791175
9.828375
172
