0.0391
0.114425
0.215925
0.30955
0.42205
0.4658
0.484775
0.49665
0.500025
0.50885
0.509175
0.5127
0.5131
0.520575
0.524175
0.544075
0.56715
0.570625
0.573875
0.5747
0.581975
0.600675
0.60535
0.6106
0.61465
0.6287
0.657675
0.66895
0.67035
0.67735
0.711325
0.72
0.730175
0.734175
0.753275
0.753425
0.75415
0.7891
0.79615
0.801225
0.84295
0.8433
0.871875
0.88405
0.91455
0.951525
0.96135
0.9836
1.01395
1.020375
1.03515
1.035625
1.039425
1.057825
1.08175
1.1007
1.116075
1.127275
1.2202
1.230725
1.289775
1.3706
1.37405
1.39165
1.41245
1.43175
1.575125
1.58895
1.59035
1.6186
1.636425
1.6506
1.85265
1.875175
1.8789
1.91245
1.929525
2.01345
2.058225
2.060475
2.1328
2.14355
2.210025
2.230075
2.2926
2.30205
2.343025
2.352625
2.39835
2.428725
2.4359
2.4679
2.4862
2.4894
2.544875
2.66025
2.70335
2.715225
2.78015
2.86485
2.952725
3.10285
3.160075
3.182825
3.2105
3.27555
3.3573
3.37635
3.4399
3.462175
3.551675
3.617325
3.69115
3.71465
3.868525
3.968625
3.9717
4.1045
4.153425
4.4173
4.5131
4.584575
4.586025
4.647125
4.647575
4.694
4.718775
4.748025
4.7546
4.79765
4.802875
4.834075
4.90685
4.913775
5.00375
5.0226
5.136325
5.143175
5.3033
5.328175
5.7126
5.944925
5.98505
6.09475
6.0953
6.131325
6.1754
6.217375
6.23555
6.367725
6.40135
6.429725
6.6688
6.67735
6.71955
7.007425
7.008425
7.1746
7.287225
7.2998
7.301
7.354
7.421875
7.4279
7.71875
7.800575
8.016575
8.382075
8.3891
8.722975
8.733725
8.734375
8.79555
8.975775
9.0739
9.1318
9.348275
9.351425
9.638425
9.65095
9.752525
9.884075
182
