0.09605
0.3165
0.3201
0.437975
0.454175
0.4577
0.4749
0.4849
0.50505
0.5243
0.6145
0.6235
0.64325
0.65835
0.663525
0.66505
0.668325
0.674425
0.67955
0.69535
0.69595
0.699175
0.7061
0.7281
0.751475
0.75895
0.763525
0.76865
0.79835
0.8075
0.8079
0.840025
0.8433
0.888025
0.89655
0.90775
0.9134
0.91355
0.91615
0.92555
0.9474
0.949075
0.9711
0.991075
1.02975
1.0797
1.09625
1.152275
1.16655
1.18825
1.19825
1.275925
1.3015
1.3137
1.31395
1.343475
1.402975
1.40555
1.44195
1.445075
1.4459
1.4944
1.51955
1.545425
1.575325
1.605575
1.66975
1.67895
1.763
1.841625
1.865925
2.006525
2.05355
2.091525
2.17115
2.271825
2.36685
2.39645
2.492375
2.5453
2.6947
2.6982
2.80285
2.846425
2.869725
2.876975
2.9068
2.92285
2.94915
2.9787
2.999675
3.009925
3.01445
3.024375
3.234725
3.268925
3.339575
3.823275
3.8411
3.8465
3.850425
3.9937
4.05285
4.08275
4.21825
4.406025
4.414775
4.42235
4.52825
4.569575
4.595025
4.870425
5.031225
5.224625
5.3172
5.409375
5.430625
5.542025
5.80515
5.866075
5.874175
5.904225
6.03185
6.421375
6.456225
6.456375
6.457275
6.488525
6.891275
7.011225
7.2523
7.430825
7.436925
7.611975
7.668175
7.6823
7.705325
7.8807
7.96655
8.244375
8.5424
8.6875
9.1828
9.278925
9.543
9.85695
9.93075
9.9924
148
