0.0994
0.1422
0.34265
0.415475
0.46485
0.477425
0.510125
0.512
0.513325
0.524625
0.5257
0.545275
0.557825
0.564175
0.56925
0.619775
0.664825
0.670425
0.677075
0.689725
0.69195
0.75895
0.76
0.760125
0.800075
0.84295
0.862975
0.8662
0.86705
0.868225
0.87115
0.88985
0.891775
0.8991
0.92025
0.929825
0.9328
0.93475
0.935925
0.937675
0.973625
1.009875
1.069475
1.10085
1.1217
1.1276
1.200875
1.219575
1.220975
1.2247
1.2456
1.31535
1.320425
1.37745
1.40645
1.423425
1.5251
1.531875
1.53565
1.6048
1.60615
1.616875
1.6481
1.700425
1.727175
1.8982
1.92665
2.107325
2.111
2.18175
2.22225
2.259325
2.292575
2.433875
2.44785
2.61895
2.67525
2.8219
2.8227
2.842425
2.8686
2.976075
2.98635
2.99135
3.139875
3.221475
3.42795
3.453575
3.543325
3.665575
3.85405
3.88855
4.013025
4.083325
4.091025
4.137475
4.17635
4.235925
4.27555
4.280775
4.425875
4.469525
4.58765
4.64135
4.7042
4.79145
5.0102
5.0727
5.3016
5.4279
5.4634
5.493725
5.5843
5.607575
5.7512
6.0074
6.25455
6.3184
6.36065
6.479175
6.834225
6.860175
6.96905
6.98015
7.046175
7.19105
7.20955
7.29295
7.36235
7.46775
7.49255
7.64395
7.8179
7.909475
7.934525
8.205075
8.483875
8.67215
8.8803
8.9386
9.0899
9.34365
9.680275
143
