0.2155
0.45335
0.4612
0.4646
0.476325
0.489125
0.506175
0.50755
0.51105
0.52205
0.536975
0.54445
0.54605
0.56265
0.575425
0.57565
0.5813
0.58815
0.5884
0.594725
0.6354
0.638675
0.652325
0.658625
0.6589
0.673575
0.678275
0.694325
0.70205
0.703425
0.703575
0.73105
0.7322
0.734675
0.7385
0.741925
0.74925
0.763975
0.777525
0.7967
0.824475
0.8293
0.846325
0.87655
0.89
0.902925
0.91775
0.9289
0.9348
0.992075
1.06025
1.080325
1.09405
1.14865
1.15635
1.17385
1.19305
1.204525
1.30175
1.357
1.364325
1.39835
1.457625
1.47205
1.48785
1.497325
1.55515
1.5587
1.599825
1.667075
1.820825
1.851825
1.923875
1.926275
2.074675
2.0894
2.228975
2.252075
2.3033
2.48705
2.506325
2.5854
2.620975
2.773825
2.78945
2.791425
2.792175
2.7941
2.80665
2.836625
2.932025
2.945525
2.98165
2.991325
3.00175
3.05685
3.0754
3.078975
3.1456
3.16135
3.41765
3.4386
3.522925
3.584975
3.633275
3.76655
3.9
4.194325
4.237125
4.248525
4.54695
4.569525
4.611225
4.65415
5.083625
5.093525
5.13465
5.216525
5.2624
5.343475
5.7258
5.79645
5.8268
6.4531
6.5713
6.576625
6.8558
6.8787
7.045225
7.12385
7.5806
7.58575
7.6188
7.69905
7.811275
7.828125
7.900225
7.912675
8.06785
8.1095
8.187375
8.492375
8.5365
8.71035
8.82975
8.869025
8.92975
8.995575
9.0233
9.125775
9.1674
9.17135
9.313175
9.353475
9.3696
9.429425
9.58
9.7269
9.932475
159
