0.0449
0.06545
0.107875
0.316875
0.38795
0.421025
0.4808
0.522975
0.523025
0.54185
0.542375
0.5615
0.57045
0.575125
0.581275
0.590025
0.59045
0.59075
0.607625
0.618325
0.624675
0.63985
0.6481
0.659675
0.667125
0.667525
0.702975
0.711875
0.76965
0.78705
0.8412
0.8571
0.861425
0.86995
0.892325
0.902625
0.9179
0.9295
0.93155
0.946575
0.950575
0.97725
0.980525
0.999575
1.012
1.025575
1.034775
1.048125
1.055425
1.1262
1.15305
1.26355
1.271375
1.29055
1.3269
1.331875
1.34855
1.411175
1.411375
1.424275
1.425275
1.4448
1.475825
1.476775
1.4854
1.55235
1.626325
1.76445
1.814925
1.920525
1.928325
2.02975
2.059225
2.0662
2.118075
2.121275
2.139375
2.2014
2.294675
2.4191
2.5285
2.709225
2.782625
2.787325
2.795175
2.85595
2.87635
2.916575
2.9395
3.0498
3.195875
3.369375
3.503675
3.555025
3.61545
3.7732
3.93655
3.973
3.997525
4.018975
4.10665
4.248875
4.310925
4.404125
4.54845
4.6746
4.6753
4.735025
4.7382
4.8139
4.8173
4.827
4.97825
4.979275
4.99325
5.005475
5.056875
5.1338
5.1396
5.1666
5.218275
5.25465
5.2821
5.349125
5.7473
5.975175
6.067875
6.0925
6.2364
6.451
6.649175
6.7198
6.724375
6.75585
6.8965
7.204375
7.2162
7.261625
7.404975
7.423
7.523925
7.5774
7.9829
8.401
8.468875
8.624125
8.70255
8.741775
8.764275
8.871225
8.9285
9.05825
9.329125
9.412175
9.64615
9.834525
9.882325
157
