0.0057
0.158325
0.42765
0.43135
0.489675
0.4939
0.4964
0.4979
0.5233
0.54075
0.541525
0.545375
0.553625
0.565475
0.592725
0.6123
0.61935
0.622025
0.6375
0.649325
0.652075
0.657425
0.67635
0.682625
0.687175
0.6893
0.707475
0.7102
0.7145
0.742775
0.74955
0.760175
0.769875
0.7732
0.795025
0.82485
0.87415
0.896925
0.9105
0.936275
0.98755
0.99665
1.004875
1.02505
1.0447
1.05045
1.05445
1.055625
1.059075
1.171025
1.17285
1.21965
1.230775
1.255925
1.265375
1.317325
1.35855
1.3606
1.368275
1.395025
1.406425
1.455375
1.477525
1.489025
1.49765
1.534325
1.5559
1.583275
1.63515
1.683025
1.79215
1.79295
1.862175
1.8981
1.929475
1.935175
1.93855
1.97095
2.07775
2.08035
2.088575
2.2118
2.255075
2.3904
2.400175
2.416775
2.43635
2.556525
2.561475
2.59105
2.62105
2.62615
2.659575
2.670725
2.720825
2.87855
2.931
2.970075
2.97955
3.034425
3.047525
3.0794
3.324
3.484225
3.599475
4.013725
4.1652
4.375525
4.384325
4.47795
4.534125
4.6783
5.260475
5.51775
5.623875
5.749975
5.8475
6.0345
6.043625
6.255175
6.37505
6.567725
6.595275
6.670525
6.686525
6.725625
7.133925
7.187375
7.2128
7.3506
7.376975
7.4969
7.70005
7.96035
7.9819
8.1082
8.1505
8.18115
8.23295
8.2366
8.309125
8.716675
8.780825
8.9305
8.942925
9.160625
9.273025
9.334425
9.4185
9.4687
9.46905
9.59065
9.767175
9.7825
9.82425
9.850625
9.854275
157
