0.06265
0.111325
0.342575
0.413325
0.456925
0.494425
0.4982
0.508175
0.509575
0.525
0.5305
0.5502
0.560625
0.565875
0.566075
0.57285
0.58935
0.589475
0.596175
0.605225
0.61585
0.630375
0.655
0.66
0.68285
0.709625
0.7145
0.723125
0.729775
0.7327
0.73495
0.74685
0.74965
0.75835
0.77705
0.78
0.7913
0.79525
0.803725
0.825275
0.82675
0.8331
0.836475
0.8491
0.862
0.8629
0.953825
0.97145
0.97845
0.980325
0.98165
0.9915
1.0969
1.1056
1.1247
1.200025
1.20145
1.20995
1.216075
1.233425
1.2803
1.2847
1.340175
1.354725
1.37125
1.3871
1.391
1.39585
1.521375
1.570075
1.5705
1.571825
1.576175
1.58205
1.66865
1.69685
1.712875
1.713925
1.717975
1.72125
1.76175
1.825275
1.983975
2.00915
2.056675
2.089775
2.14605
2.230325
2.302175
2.42335
2.486625
2.5217
2.621825
2.657175
2.6872
2.719675
2.7274
2.80485
2.847
3.110975
3.143075
3.163425
3.222025
3.224825
3.281975
3.39005
3.40945
3.649725
3.709575
3.72775
3.739325
3.826225
3.954425
4.06925
4.0958
4.12865
4.19175
4.212125
4.214875
4.351875
4.470725
4.511475
4.6217
4.6945
4.7793
4.955475
5.18685
5.198375
5.2079
5.2495
5.287
5.37375
5.3795
5.6492
5.901625
5.971075
6.092325
6.2832
6.3159
6.386675
6.662775
6.801375
7.321225
7.39355
7.438825
7.541475
7.58405
7.6361
7.6864
7.74975
7.7759
7.797225
7.960825
8.063425
8.122675
8.15845
8.271325
8.313775
8.363125
8.56735
8.652375
9.20385
9.286225
9.357825
9.37185
9.426875
9.42965
9.513775
9.74505
9.74855
9.837625
9.993225
172
