0.05665
0.158325
0.331775
0.40135
0.4432
0.4545
0.46765
0.4817
0.490075
0.500625
0.5098
0.521675
0.523875
0.542025
0.554975
0.563675
0.5701
0.575575
0.57895
0.592375
0.597975
0.6013
0.61225
0.615275
0.624375
0.626475
0.6378
0.64695
0.64945
0.66355
0.671575
0.6901
0.7099
0.711625
0.7127
0.731225
0.7334
0.745825
0.77125
0.7718
0.802175
0.809025
0.839675
0.845025
0.850475
0.85915
0.87575
0.97725
1.00555
1.025625
1.032825
1.03875
1.125875
1.174125
1.203525
1.218125
1.23425
1.256625
1.26395
1.27235
1.292375
1.3202
1.3667
1.38185
1.3852
1.422275
1.424175
1.465225
1.469325
1.504425
1.5165
1.6168
1.733575
1.757575
1.7603
1.779325
1.82955
1.98385
2.015375
2.042375
2.04895
2.13565
2.363225
2.5747
2.63005
2.6557
2.6561
2.663325
2.6665
2.704325
2.800825
2.805225
2.80675
2.811425
2.91045
2.9624
3.042625
3.288625
3.319425
3.431
3.483125
3.495575
3.526975
3.705025
3.803725
3.92155
4.0802
4.178025
4.230875
4.367875
4.430075
4.4388
4.461775
4.5269
4.61475
4.751125
4.899225
5.012575
5.158875
5.19015
5.243025
5.36945
5.5016
5.527575
5.553625
5.669875
5.80045
5.84035
5.8432
5.86015
6.18275
6.2803
6.31675
6.331175
6.381625
6.671625
6.678525
6.70785
6.857325
7.234475
7.272275
7.326375
7.6813
7.79245
7.828575
8.0357
8.206625
8.3004
8.319625
8.42795
8.44845
8.9015
9.140275
9.239625
9.25425
9.546775
9.710025
9.712875
158
