0.2435
0.248575
0.49075
0.4967
0.5096
0.512225
0.52245
0.524675
0.531575
0.533025
0.545225
0.548425
0.554325
0.5621
0.6018
0.63165
0.651525
0.659775
0.688225
0.692425
0.703625
0.7102
0.740975
0.743975
0.7461
0.751575
0.76045
0.7819
0.782875
0.79765
0.79965
0.801675
0.82
0.830325
0.870425
0.88295
0.932725
0.94235
0.950225
0.994675
1.020925
1.026075
1.122375
1.130375
1.147375
1.254475
1.3621
1.426425
1.439125
1.552375
1.5973
1.6025
1.60955
1.688675
1.71605
1.728775
1.7311
1.8026
1.87005
1.9078
1.9462
2.000225
2.0955
2.217775
2.231075
2.3468
2.35175
2.4896
2.507875
2.5405
2.595775
2.7007
2.88645
2.895
2.8975
2.944025
2.96315
3.04275
3.060625
3.08035
3.13595
3.1677
3.192175
3.28165
3.301525
3.32955
3.366375
3.44885
3.596775
3.66565
3.712625
3.79405
3.932775
4.05775
4.140625
4.18285
4.221025
4.3661
4.3978
4.3997
4.576775
4.645475
4.668125
4.797125
4.80625
4.850825
4.85545
4.951625
5.023175
5.30025
5.373125
5.525925
5.5306
5.5436
5.77805
5.841225
5.857875
5.873375
5.87585
5.9497
6.143575
6.237175
6.24465
6.280375
6.43705
6.466175
6.583525
6.684525
6.687225
6.95395
7.1433
7.338875
7.486825
7.571
7.843075
7.9445
8.117425
8.21695
8.30795
8.367625
8.449325
8.50595
8.51305
8.79105
9.064925
9.3332
9.412125
9.437575
9.67765
9.730975
9.794
9.99995
152
