0.13085
0.2586
0.42905
0.4502
0.461225
0.469975
0.489925
0.498575
0.49935
0.5046
0.51495
0.52345
0.55295
0.569675
0.6022
0.61095
0.624
0.63385
0.637325
0.640825
0.642525
0.646875
0.6552
0.68295
0.687925
0.6887
0.6972
0.710525
0.72355
0.730825
0.758325
0.76885
0.7755
0.81365
0.83905
0.84965
0.870925
0.8967
0.901225
0.912
0.939775
0.96485
0.9703
0.984025
0.9933
0.999375
1.00345
1.023675
1.026225
1.03145
1.052075
1.05855
1.08655
1.0978
1.1018
1.1093
1.13045
1.1364
1.16685
1.1942
1.205475
1.231975
1.240575
1.2962
1.415975
1.446275
1.602925
1.637425
1.7829
1.7864
1.802025
1.81865
1.836525
1.888175
1.931975
1.939475
2.08605
2.1788
2.2433
2.29145
2.357
2.3768
2.42665
2.583925
2.61635
2.6465
2.717625
2.759275
2.79535
2.8725
2.8785
2.886375
2.919
3.1621
3.223425
3.23775
3.466775
3.51055
3.524075
3.5497
3.8785
4.0753
4.13015
4.1353
4.145525
4.147875
4.191725
4.24505
4.274075
4.293525
4.331075
4.524425
4.6199
4.715225
4.81675
4.895625
4.897725
5.0186
5.282075
5.3054
5.583675
5.655125
5.664
5.7083
5.72445
5.763175
5.836875
5.910475
5.927275
5.979175
5.995325
6.04235
6.094275
6.201425
6.56975
6.610075
6.691925
6.831075
6.99865
7.215925
7.230325
7.236925
7.45645
7.46045
7.507675
7.567875
7.57035
7.62045
7.71835
7.7805
7.79445
7.94015
7.99445
8.02275
8.030925
8.2012
8.235575
8.370525
8.448875
8.4577
8.5764
8.684975
8.7516
8.811725
8.8175
8.820875
9.1663
9.217825
9.282825
9.3871
9.412525
9.4815
9.608925
9.687375
9.7091
9.950625
9.98275
177
