0.095225
0.137925
0.174825
0.4196
0.45655
0.467175
0.4734
0.47795
0.4786
0.486875
0.490675
0.499775
0.5148
0.51865
0.5189
0.524425
0.532275
0.5424
0.55015
0.5585
0.56445
0.571275
0.59025
0.59815
0.599975
0.6008
0.614825
0.625775
0.628375
0.6407
0.6588
0.659125
0.666575
0.68655
0.700725
0.70965
0.710325
0.727725
0.739825
0.768925
0.7691
0.778025
0.779125
0.78565
0.7962
0.82295
0.8404
0.8465
0.85865
0.861675
0.899325
0.91335
0.97265
0.981425
0.99175
1.049125
1.058125
1.08225
1.1019
1.11075
1.12495
1.1377
1.141075
1.142775
1.1644
1.174875
1.1786
1.2163
1.216625
1.2841
1.30635
1.311075
1.355425
1.37055
1.377825
1.3941
1.4286
1.429275
1.467675
1.52655
1.55845
1.5716
1.586275
1.701875
1.703625
1.7054
1.725
1.85715
1.888775
1.98805
2.045075
2.0979
2.172525
2.1916
2.19405
2.206075
2.23255
2.3519
2.36795
2.43195
2.470775
2.595025
2.5964
2.608875
2.649425
2.69225
2.78545
2.79705
2.913775
2.929875
3.037575
3.05245
3.116775
3.33725
3.446775
3.501975
3.602925
3.619625
3.718075
3.87445
4.1318
4.141325
4.2031
4.28595
4.334525
4.33765
4.349625
4.40605
4.873
4.89545
4.94655
5.02555
5.135775
5.228425
5.54625
5.551125
5.5795
5.597275
5.716725
5.774375
5.851825
6.1413
6.18945
6.32135
6.323925
6.66675
6.7255
6.77375
6.793575
6.830775
6.9059
6.915925
7.009925
7.1389
7.333425
7.370875
7.376
7.66985
7.718025
7.78205
7.8795
7.89035
8.10085
8.1018
8.17155
8.28905
8.366475
8.373675
8.5408
8.692425
8.7667
8.8909
8.9135
9.241825
9.437525
9.593525
9.64965
9.705725
9.7169
9.771675
9.85895
181
