0.0772
0.42375
0.45345
0.453575
0.4935
0.50425
0.504575
0.509425
0.541975
0.5582
0.568025
0.5794
0.597975
0.6177
0.6511
0.657325
0.68225
0.6933
0.701125
0.71675
0.719375
0.7881
0.808725
0.811875
0.825325
0.859125
0.865275
0.887875
0.92655
0.9385
0.945375
0.9528
0.97195
0.9737
0.992125
0.9922
1.02215
1.032425
1.051975
1.090475
1.134925
1.1462
1.162325
1.19295
1.20195
1.283
1.285825
1.4026
1.4482
1.4593
1.470825
1.510475
1.539275
1.594425
1.659
1.673525
1.68545
1.76375
1.80955
1.82765
1.891325
2.00825
2.099125
2.30185
2.364625
2.591475
2.59515
2.600425
2.6774
2.792975
2.805175
2.811375
2.863075
2.943275
2.96495
2.971825
3.03465
3.08875
3.1006
3.286675
3.323275
3.46195
3.493775
3.51485
3.611775
3.6276
3.6824
3.723025
3.74435
3.872825
3.891425
3.9472
3.958175
4.087825
4.45655
4.552775
4.7531
4.765425
4.76755
4.7911
4.812525
4.8388
4.88455
4.9081
4.927525
4.984875
5.007725
5.1349
5.137975
5.197625
5.215275
5.40205
5.4249
5.6306
5.661425
5.723075
5.725525
5.728625
5.750775
5.907175
6.0381
6.35005
6.352025
6.4064
6.426025
6.5072
6.55615
6.733825
6.74475
6.756825
6.87215
7.141025
7.177025
7.2007
7.31235
7.350525
7.362975
7.462425
7.626075
7.663325
7.7966
7.9743
8.24745
9.0672
9.325675
9.410375
9.483525
9.508825
148
