0.075925
0.11005
0.42075
0.4226
0.4364
0.43765
0.4381
0.4683
0.5119
0.5322
0.5356
0.5467
0.548725
0.5699
0.571425
0.57215
0.581975
0.58355
0.589925
0.6073
0.628075
0.63135
0.6412
0.6523
0.66495
0.678025
0.68355
0.6901
0.699375
0.70565
0.70695
0.712825
0.741725
0.75105
0.759075
0.776725
0.77835
0.77885
0.794025
0.823925
0.83425
0.853675
0.8543
0.87485
0.88835
0.89825
0.912575
0.989925
0.9992
1.028125
1.066375
1.0916
1.092525
1.093875
1.104125
1.2229
1.2636
1.265475
1.289225
1.323425
1.378075
1.4186
1.47895
1.5384
1.551825
1.77195
1.94835
2.173425
2.21165
2.2605
2.26235
2.320975
2.362925
2.364375
2.517125
2.5774
2.5828
2.5968
2.663175
2.66995
2.67165
2.798675
2.973375
3.01115
3.0223
3.0577
3.21405
3.245125
3.279225
3.4098
3.428875
3.471
3.622675
3.6251
3.637325
3.84065
3.8824
3.950225
4.0439
4.0465
4.0823
4.15235
4.300475
4.37505
4.3811
4.442625
4.54845
4.58095
4.6743
4.7743
4.8016
4.8426
4.99675
5.0697
5.0953
5.106175
5.148925
5.302375
5.336575
5.351725
5.4254
5.439075
5.462825
5.509475
5.53275
5.577175
5.72735
5.878325
6.265975
6.292025
6.445425
6.49145
6.534075
6.572625
7.017175
7.3725
7.375375
7.90005
7.93515
8.3532
8.433025
8.583375
8.614875
8.703175
8.80865
8.9304
8.961
9.128575
9.197125
9.44025
9.540575
9.6737
9.72575
9.994375
154
