0.048275
0.154775
0.165875
0.246975
0.3452
0.447975
0.454825
0.49205
0.5129
0.518025
0.522375
0.525975
0.52705
0.530275
0.58505
0.6052
0.605225
0.6239
0.639175
0.64105
0.643525
0.665325
0.67175
0.678275
0.7118
0.714625
0.733225
0.740125
0.77
0.791675
0.794325
0.795275
0.803425
0.8476
0.895675
0.9364
0.943125
0.955825
0.9768
0.986925
0.99465
1.05795
1.090025
1.110275
1.115325
1.169475
1.185875
1.1903
1.20995
1.259625
1.2763
1.281475
1.30725
1.31225
1.337425
1.376775
1.426575
1.447575
1.45325
1.46565
1.51005
1.561525
1.58285
1.62215
1.673825
1.674425
1.78125
1.7948
1.976
2.010775
2.0411
2.0713
2.1203
2.127975
2.148275
2.206275
2.2638
2.425725
2.588225
2.7473
2.7776
2.78145
2.82215
2.85185
2.924425
2.9425
3.129275
3.1642
3.19145
3.259175
3.26105
3.422475
3.438425
3.46325
3.4677
3.62725
3.694025
3.701175
3.731175
3.73165
4.215575
4.31735
4.3528
4.4487
4.497575
4.54885
4.6208
4.684325
4.708375
5.095025
5.1759
5.20485
5.2145
5.2224
5.34215
5.471625
5.496075
5.552725
5.5536
5.57475
5.841625
5.94785
6.164075
6.565675
6.743125
6.948525
6.982
7.04625
7.1867
7.23335
7.258475
7.3542
7.543925
7.5515
7.618025
7.731425
7.898675
7.9305
8.0308
8.110175
8.4611
8.549975
8.598025
8.5999
8.631475
8.63365
8.7098
8.7375
8.7981
8.7988
8.96175
8.998925
9.1385
9.33515
9.576125
9.626675
9.6831
9.762725
9.816125
9.848075
160
