0.088075
0.368075
0.3778
0.3856
0.42375
0.470825
0.4764
0.481775
0.502325
0.50265
0.50315
0.506175
0.541825
0.54445
0.559425
0.5606
0.565125
0.573125
0.57805
0.583125
0.596025
0.598125
0.600575
0.615975
0.620225
0.62605
0.636725
0.638725
0.671175
0.690125
0.7375
0.738325
0.75515
0.77325
0.775575
0.784725
0.790825
0.8561
0.884875
0.889225
0.8947
0.918975
0.93315
0.973225
1.004525
1.00995
1.01695
1.0955
1.1214
1.210925
1.2129
1.21985
1.23215
1.322025
1.33935
1.3464
1.379425
1.410425
1.5884
1.652425
1.681175
1.6833
1.7022
1.738475
1.73975
1.8605
1.905575
1.974025
1.9858
2.055175
2.056475
2.133175
2.148225
2.263275
2.284475
2.347175
2.379925
2.43695
2.437375
2.483675
2.586475
2.74405
2.76015
2.812325
2.9155
2.9281
3.012975
3.041225
3.070225
3.1203
3.1532
3.226875
3.312725
3.343625
3.400775
3.61425
3.90105
4.13495
4.151375
4.16585
4.169925
4.246425
4.316175
4.33005
4.487625
4.489175
4.5078
4.51
4.569
4.587225
4.60325
4.8326
4.895425
4.9115
4.917625
5.3923
5.580725
5.6329
5.68135
5.6825
5.84455
5.860375
5.8783
5.88505
5.891
5.925975
6.031175
6.039375
6.08595
6.111475
6.508475
6.8666
6.941575
7.2761
7.39935
7.546975
7.563025
7.750625
7.795375
7.976525
8.102025
8.425675
8.56285
8.742975
8.791625
8.8175
8.84915
8.870275
8.882475
9.35165
9.41275
9.456375
9.46845
9.734625
9.759875
9.9313
9.942875
157
