0.07735
0.38415
0.479425
0.49385
0.4999
0.501425
0.524825
0.529375
0.53075
0.54435
0.555225
0.556325
0.568625
0.582075
0.588675
0.599475
0.6111
0.616975
0.6253
0.634225
0.651
0.651975
0.660625
0.695875
0.701725
0.71555
0.71655
0.721675
0.729
0.735225
0.765325
0.773625
0.78095
0.786075
0.7878
0.81305
0.8173
0.8249
0.835675
0.837625
0.8721
0.87385
0.8814
0.908125
0.936775
0.939
0.950575
0.951625
0.964775
0.98555
1.00095
1.011475
1.025025
1.0418
1.04655
1.0628
1.0742
1.086975
1.1158
1.130325
1.167225
1.22345
1.24755
1.251225
1.276425
1.28545
1.2946
1.29965
1.332325
1.3565
1.4308
1.495925
1.507825
1.52235
1.59945
1.793575
1.82145
1.872875
1.9017
1.9279
2.08265
2.095525
2.1285
2.13395
2.16925
2.1964
2.217325
2.239525
2.25155
2.301275
2.359875
2.397575
2.40605
2.41885
2.57695
2.5879
2.641375
2.6446
2.655975
2.74845
2.78625
2.889775
2.983125
3.1081
3.201275
3.2288
3.281725
3.3114
3.336725
3.369475
3.386975
3.5054
3.67515
3.7073
3.8229
3.8463
3.856225
3.927575
3.970425
4.2274
4.441325
4.496425
4.51095
4.541625
4.59675
4.666475
4.786275
4.8826
4.961
4.96315
5.020225
5.03015
5.03545
5.171325
5.23435
5.269975
5.34105
5.461525
5.645175
5.646575
5.82285
5.848825
5.925125
5.9827
6.208525
6.2231
6.427625
6.55565
6.709075
6.90415
6.944325
7.042825
7.09755
7.17295
7.55885
7.707175
8.0559
8.067875
8.074075
8.35575
8.379875
8.48135
8.674275
8.81385
9.156725
9.19245
9.2074
9.24935
9.29335
9.32465
9.509925
9.614825
172
