0.2378
0.32305
0.3777
0.3924
0.43885
0.469175
0.477275
0.482625
0.5035
0.52055
0.54085
0.5565
0.557425
0.575075
0.595475
0.59705
0.6089
0.618175
0.6357
0.64895
0.650175
0.67205
0.686825
0.68725
0.6877
0.692725
0.696
0.71145
0.712
0.7286
0.730525
0.765475
0.766125
0.7677
0.785175
0.87555
0.884325
0.9008
0.901825
0.92355
0.926525
0.971425
1.023375
1.037225
1.041625
1.076025
1.094875
1.10755
1.16865
1.28595
1.29855
1.376125
1.550025
1.60125
1.60935
1.68215
1.691925
1.7065
1.7088
1.776025
1.778975
1.869625
1.89715
1.9704
2.0242
2.026925
2.052475
2.10805
2.14335
2.151625
2.152
2.3284
2.330825
2.355925
2.368125
2.3927
2.3962
2.459075
2.45965
2.504925
2.556525
2.671675
2.698725
2.751225
2.75905
2.7802
2.8762
2.9224
3.003975
3.024425
3.1147
3.139875
3.26705
3.26935
3.273525
3.276675
3.3962
3.4364
3.644025
3.66495
3.684775
3.697625
3.852825
3.912075
4.044525
4.057525
4.0734
4.141575
4.166425
4.2911
4.294725
4.36105
4.4482
4.482525
4.50985
4.6889
4.69595
4.83245
4.9012
4.93135
4.9413
5.035525
5.0432
5.05735
5.10645
5.221925
5.335675
5.3598
5.469025
5.527075
5.901125
5.95785
6.0436
6.069
6.160475
6.226025
6.271275
6.3449
6.50305
6.533875
6.549125
6.7341
6.922
7.25955
7.288425
7.428225
7.492675
7.56635
7.6162
7.687875
7.698175
7.750025
7.991925
8.013525
8.0472
8.065775
8.255925
8.29715
8.3358
8.3508
8.40185
8.584
8.803925
8.899475
8.9352
8.939375
9.022175
9.1075
9.128575
9.19135
9.211325
9.23695
9.24435
9.353675
9.371875
9.37605
9.8635
9.9634
178
