0.27815
0.408675
0.455325
0.47045
0.481875
0.490025
0.502025
0.503875
0.518575
0.5247
0.5395
0.545625
0.55335
0.55435
0.556
0.566325
0.574975
0.5769
0.582375
0.595975
0.6166
0.628075
0.638525
0.64225
0.6516
0.652875
0.653725
0.661875
0.66385
0.664
0.6702
0.6736
0.6834
0.6851
0.688175
0.6981
0.7404
0.757025
0.76315
0.77475
0.7851
0.806375
0.80805
0.834925
0.841475
0.84845
0.8564
0.869875
0.895825
0.901025
0.909525
0.913875
0.9176
0.9247
0.92505
0.93095
0.9596
0.969875
1.053575
1.06485
1.0692
1.076725
1.08075
1.086575
1.10515
1.10895
1.1575
1.213
1.22935
1.288775
1.323875
1.3644
1.382975
1.39145
1.413425
1.44035
1.463975
1.505175
1.5553
1.611575
1.625225
1.626425
1.680925
1.6956
1.734775
1.778
1.818925
1.83295
1.84905
1.867325
1.876525
1.887575
1.89205
1.98395
2.116325
2.15235
2.64555
2.691425
2.759325
2.9116
2.997475
3.110825
3.15685
3.178475
3.2087
3.218275
3.499325
3.53695
3.554225
3.620525
3.7308
3.872575
3.904125
3.954775
4.027875
4.032275
4.13535
4.1404
4.572
4.586025
4.6083
4.70135
4.70575
4.7637
5.1962
5.215475
5.22415
5.292425
5.49105
5.579575
5.738975
5.807025
5.86055
5.89035
6.078775
6.14295
6.1923
6.25575
6.296575
6.4147
6.484025
6.63945
6.645125
6.88875
6.9143
6.922975
7.3874
7.4525
7.456175
7.8203
8.158125
8.2467
8.4551
8.582125
8.593775
8.63495
8.645425
8.94275
9.1988
9.681125
9.763475
9.783425
9.9773
9.986825
164
