0.103625
0.2797
0.320825
0.349
0.3719
0.478675
0.487325
0.488125
0.4901
0.49555
0.49825
0.499575
0.505075
0.5168
0.5301
0.541975
0.5675
0.572625
0.57465
0.586775
0.59385
0.598625
0.6028
0.61655
0.61845
0.633025
0.684425
0.704775
0.70535
0.71585
0.733375
0.73575
0.737025
0.7434
0.74695
0.7521
0.7871
0.802675
0.81655
0.819175
0.825275
0.827275
0.83365
0.835025
0.8352
0.844325
0.856475
0.8809
0.9222
0.9256
0.9478
1.01045
1.0523
1.06625
1.0856
1.13355
1.1953
1.232925
1.23455
1.282725
1.28475
1.3022
1.33945
1.360975
1.3796
1.40815
1.44485
1.510125
1.53285
1.73285
1.742275
1.7811
1.874525
1.891675
1.891725
1.9036
1.9186
1.95195
1.9957
2.28835
2.353675
2.357675
2.366375
2.384225
2.39395
2.406575
2.452425
2.4528
2.454925
2.526
2.565725
2.66035
2.771825
2.863725
2.914425
3.246075
3.257075
3.35135
3.40445
3.42985
3.46745
3.63485
3.662775
3.7377
3.744325
3.796525
3.91785
3.9998
4.001825
4.012025
4.01325
4.061425
4.10455
4.206475
4.37045
4.376825
4.3946
4.43585
4.462
4.521025
4.550225
4.562225
4.57825
4.6157
4.63025
4.789025
4.885125
4.90255
5.0891
5.1211
5.131475
5.13525
5.4503
5.5404
5.604725
5.638
5.77825
5.830925
5.845775
5.8856
5.895675
5.94495
6.0179
6.01825
6.10805
6.169375
6.1711
6.336725
6.431425
6.549375
6.828475
6.8396
7.120325
7.293025
7.302875
7.374475
7.442175
7.54365
7.54925
7.665675
8.339725
8.379
8.6801
8.881825
8.911925
9.082075
9.181775
9.25085
9.412325
9.41995
9.684425
9.842425
172
