0.127525
0.213025
0.28865
0.386025
0.409125
0.4424
0.477725
0.48075
0.491975
0.50985
0.511825
0.514625
0.5164
0.517075
0.521
0.529575
0.530075
0.530725
0.530875
0.549975
0.561875
0.5807
0.587925
0.6065
0.619925
0.62015
0.628325
0.651775
0.67015
0.674
0.681225
0.683375
0.701725
0.703875
0.73575
0.7643
0.77995
0.7819
0.78735
0.815175
0.841175
0.841425
0.843825
0.850275
0.85755
0.892825
0.907825
0.931575
0.931825
0.971325
0.9919
1.002425
1.0261
1.0298
1.045075
1.0612
1.080175
1.08145
1.118
1.127975
1.148225
1.15315
1.1549
1.158825
1.17955
1.1896
1.2222
1.26875
1.28425
1.29905
1.3256
1.3269
1.3308
1.3506
1.37505
1.39185
1.406775
1.429525
1.43505
1.592875
1.61305
1.6801
1.685075
1.742975
1.766675
1.929975
1.947225
1.9668
2.080775
2.121575
2.1491
2.5699
2.57555
2.6129
2.6249
2.6879
2.714125
2.748
2.7698
2.79955
2.8569
2.9389
2.980625
2.98605
3.136875
3.1396
3.1635
3.181625
3.230525
3.308925
3.32885
3.35375
3.602675
3.6081
3.633425
3.69495
3.71145
3.7451
3.880825
3.884225
3.920825
3.929225
3.975975
3.99585
4.020025
4.107825
4.15975
4.23965
4.2677
4.3806
4.5197
4.55975
4.9709
5.293375
5.364375
5.44945
5.849175
5.906625
6.06785
6.164225
6.24085
6.46415
6.5048
6.5354
6.67295
7.008875
7.17835
7.332075
7.409925
7.686725
7.7778
7.812975
8.370675
8.460475
8.568375
8.663025
8.7327
8.834225
9.11825
9.2299
9.69275
9.768875
9.9506
9.991775
164
