0.32155
0.41295
0.415875
0.47675
0.498625
0.5077
0.508475
0.5135
0.521475
0.53695
0.5453
0.563775
0.568225
0.57075
0.573825
0.5754
0.582875
0.585175
0.594
0.60615
0.615625
0.61745
0.625075
0.6293
0.63655
0.645925
0.647775
0.648075
0.65555
0.6694
0.6837
0.68795
0.689225
0.691575
0.711525
0.7172
0.727675
0.7344
0.747375
0.7628
0.772625
0.77975
0.789825
0.805225
0.819675
0.842025
0.858475
0.868775
0.89545
0.924225
0.926875
0.93785
0.949175
0.949475
0.96605
0.9824
0.9835
0.983725
1.10155
1.10735
1.144025
1.19335
1.201375
1.207
1.208775
1.2195
1.2415
1.25205
1.268125
1.29395
1.300025
1.32995
1.330325
1.34965
1.37155
1.45015
1.475
1.478975
1.522475
1.542025
1.57315
1.5963
1.6618
1.677525
1.6893
1.73545
1.78175
1.7971
1.8052
1.8103
1.84625
1.857175
1.910925
1.91825
1.960575
2.08695
2.235975
2.238875
2.248
2.362775
2.39085
2.5812
2.791125
2.84795
2.8606
2.89975
2.9243
2.926725
2.9461
2.946125
3.156725
3.2395
3.255725
3.271
3.63685
3.669575
3.743125
3.789625
3.90735
3.927225
4.002325
4.013425
4.017325
4.25335
4.26955
4.35505
4.375275
4.450025
4.4804
4.506675
4.6118
4.705175
4.808175
4.826375
4.96955
5.028925
5.4224
5.464975
5.484625
5.51145
5.5357
5.665475
5.746125
5.858175
5.9109
5.91615
5.98035
6.08315
6.088225
6.21435
6.24645
6.403425
6.451475
6.4896
6.533175
6.53695
6.5391
6.734875
6.752625
6.793075
7.168525
7.1795
7.282475
7.610975
7.7415
7.749325
7.906425
8.01215
8.0961
8.1484
8.390975
8.4808
8.7
8.994575
9.242925
9.382475
9.39535
9.535175
9.613825
9.8176
9.9875
9.9989
182
