0.030375
0.08755
0.228275
0.3461
0.46165
0.4712
0.471575
0.48245
0.497325
0.4976
0.514075
0.519
0.5357
0.53625
0.5456
0.55005
0.55895
0.562575
0.57075
0.591025
0.59365
0.621475
0.625025
0.663575
0.66385
0.668275
0.67945
0.6931
0.698825
0.70745
0.70905
0.7092
0.71895
0.7327
0.7378
0.765975
0.798825
0.799775
0.80835
0.81085
0.84425
0.865975
0.877775
0.882725
0.886925
0.90035
0.9041
0.9322
0.9352
0.93725
0.9451
0.9492
0.957975
0.963325
1.02765
1.03125
1.1277
1.1329
1.184775
1.202175
1.205625
1.2429
1.24295
1.271675
1.3177
1.345475
1.431175
1.44665
1.447025
1.52905
1.57505
1.586275
1.6523
1.675375
1.6887
1.737275
1.84865
1.861225
1.910875
1.9221
1.940675
2.05885
2.068575
2.09285
2.1001
2.19635
2.229325
2.287575
2.288425
2.294725
2.575225
2.69465
2.698675
2.7307
2.771
2.862075
2.95775
3.051375
3.097075
3.182375
3.191275
3.245425
3.41075
3.497075
3.60595
3.6529
3.787375
3.81295
3.91535
4.00995
4.078075
4.1278
4.139775
4.229625
4.26735
4.338925
4.5256
4.56655
4.637925
4.648375
4.654825
4.79685
4.8047
4.83405
4.83885
4.86475
4.897725
5.022975
5.07585
5.251475
5.309125
5.34355
5.602375
5.7394
5.74415
5.824425
6.204825
6.3592
6.4999
6.626775
6.68805
6.90505
6.98835
7.014375
7.09965
7.17225
7.21735
7.519725
7.89325
8.001075
8.208125
8.22565
8.703075
8.75465
8.8614
8.9568
9.23015
9.25365
9.261525
9.51175
9.5936
9.6265
9.79535
9.861425
9.909575
9.970625
166
