0.2541
0.442075
0.4566
0.48225
0.49785
0.514525
0.5308
0.5464
0.559825
0.564725
0.566725
0.59415
0.5968
0.598425
0.611225
0.61265
0.613775
0.630775
0.633475
0.66895
0.674675
0.7003
0.70345
0.7066
0.71155
0.7137
0.760375
0.771875
0.78865
0.864675
0.886925
0.89335
0.8998
0.9074
0.939725
0.9628
0.967325
1.030625
1.0658
1.111925
1.15875
1.181525
1.1827
1.22565
1.2504
1.3144
1.367075
1.399225
1.4446
1.45395
1.461025
1.49035
1.52655
1.57365
1.582675
1.598075
1.6058
1.642275
1.646275
1.7665
1.785775
1.8668
1.94595
1.95825
2.0342
2.067425
2.15715
2.341
2.3527
2.357375
2.475875
2.5332
2.5398
2.6996
2.704825
2.788675
2.9238
2.956425
3.079025
3.13955
3.150475
3.2043
3.36165
3.4445
3.479375
3.600175
3.68445
3.68925
3.709525
3.76735
3.785375
3.952975
4.031625
4.1389
4.243075
4.248225
4.40395
4.5503
4.690175
4.855825
5.1068
5.27795
5.285775
5.320475
5.353575
5.400825
5.642225
5.6832
5.8105
6.1779
6.232425
6.259075
6.299775
6.421475
6.6023
6.87105
6.8999
7.315775
7.59155
7.7557
7.804225
7.8316
7.882425
7.89885
7.9317
7.99945
8.127725
8.174675
8.208275
8.2188
8.5133
8.547275
8.593325
8.68625
8.70635
8.788525
8.999375
9.01405
9.0326
9.334575
9.425775
9.433425
9.5365
9.59265
144
