0.0931
0.15135
0.1915
0.257875
0.41845
0.4256
0.4582
0.4615
0.48875
0.502975
0.516425
0.517825
0.52575
0.529525
0.539225
0.541275
0.5418
0.5465
0.5526
0.574375
0.60945
0.625175
0.629625
0.633425
0.6526
0.672125
0.688325
0.68965
0.69585
0.708475
0.7089
0.7157
0.7182
0.7191
0.74955
0.773375
0.795475
0.80395
0.8223
0.840875
0.84815
0.856175
0.86255
0.87185
0.8875
0.970525
1.002275
1.03985
1.046575
1.0552
1.058325
1.068375
1.0779
1.09075
1.09545
1.096675
1.117025
1.138825
1.15375
1.173525
1.187275
1.283075
1.32495
1.3918
1.402975
1.494525
1.516575
1.5545
1.66895
1.710325
1.874125
1.92375
1.9517
1.968475
1.982575
1.996825
2.007425
2.024025
2.128875
2.398225
2.41935
2.484975
2.51445
2.548075
2.64075
2.80585
2.852875
2.858175
2.8602
2.917875
3.000375
3.0727
3.217675
3.293375
3.324075
3.41505
3.52405
3.55895
3.630825
3.64195
3.843175
3.872975
4.049725
4.172725
4.2678
4.270675
4.285275
4.31225
4.38945
4.415075
4.502275
4.601875
4.6511
4.84985
5.060525
5.074575
5.133325
5.168975
5.372175
5.37425
5.39365
5.4663
5.699775
5.732125
5.73465
5.7638
5.807075
5.88175
5.985475
6.318725
6.34875
6.435075
6.47175
6.7876
6.929
7.03555
7.129025
7.258925
7.878775
8.0848
8.154325
8.176975
8.280075
8.350475
8.35315
8.40315
8.423975
8.455525
8.58235
8.643275
8.8157
9.1118
9.1267
9.24075
9.275875
9.28915
9.32115
9.567775
9.7352
9.840675
160
