0.1084
0.2932
0.377175
0.436
0.456625
0.4721
0.479075
0.49515
0.4957
0.498275
0.5227
0.525025
0.528825
0.53805
0.545275
0.555875
0.555975
0.56105
0.5678
0.570975
0.586
0.63595
0.646125
0.657725
0.6579
0.665325
0.666175
0.673825
0.68075
0.689075
0.6896
0.69405
0.70885
0.7406
0.77815
0.804275
0.811025
0.819025
0.829425
0.83035
0.847
0.855775
0.874425
0.94445
0.975375
0.982125
1.072325
1.0749
1.0841
1.0948
1.132525
1.169725
1.2077
1.208975
1.2407
1.276875
1.28605
1.31255
1.337925
1.3387
1.349625
1.3984
1.412325
1.41575
1.4812
1.50875
1.6686
1.73465
1.7998
1.880925
1.956125
1.96535
1.983275
2.030825
2.066475
2.0722
2.1228
2.172
2.28
2.29035
2.378975
2.39255
2.420525
2.529225
2.546725
2.569625
2.65335
2.70095
2.70445
2.8123
2.882425
2.992925
3.009075
3.052025
3.0775
3.330675
3.3637
3.36875
3.40025
3.455875
3.45825
3.4669
3.48055
3.6318
3.683125
3.8378
3.873
3.883325
4.086875
4.3385
4.5812
4.5835
4.79155
4.9074
4.96975
5.22655
5.29535
5.390625
5.475975
5.521775
5.7697
5.9257
6.00495
6.051225
6.225975
6.327525
6.34575
6.4203
6.4921
6.6647
6.826925
6.8361
6.9393
6.943975
7.05495
7.115925
7.116975
7.29085
7.42255
7.435975
7.551
8.143075
8.267475
8.293775
8.389
8.48975
8.7828
8.82925
8.864175
8.934675
9.33515
9.434475
9.531375
9.53985
9.657625
9.73845
9.80305
9.951
158
