0.0287
0.44425
0.483975
0.51865
0.5231
0.524575
0.546975
0.57095
0.5719
0.5738
0.5826
0.585675
0.6078
0.6253
0.6273
0.647775
0.669575
0.672425
0.6758
0.701075
0.7023
0.736325
0.742925
0.76985
0.7894
0.797775
0.799625
0.803225
0.8101
0.844325
0.84845
0.8611
0.884075
0.95315
0.964875
1.0093
1.067
1.0917
1.1156
1.150975
1.168675
1.2179
1.27715
1.300175
1.3079
1.351925
1.374175
1.403525
1.532025
1.6136
1.61655
1.624875
1.758675
1.794975
1.8092
1.8174
1.8253
1.9442
1.987225
2.026875
2.043525
2.044475
2.079
2.1214
2.180725
2.1854
2.263325
2.289
2.391275
2.453925
2.467175
2.801025
2.874325
2.9908
3.0
3.01615
3.0225
3.444075
3.491325
3.564025
3.5747
3.582075
3.59715
3.619275
3.631575
3.71405
3.817125
4.194325
4.2542
4.412375
4.417
4.464625
4.464825
4.636075
4.644625
4.691825
4.753425
4.8638
4.890975
4.90795
4.953475
5.046
5.091575
5.278475
5.43035
5.47595
5.482325
5.4875
5.6586
5.6798
5.76325
5.769325
5.869375
5.952675
6.06975
6.339525
6.38155
6.4526
6.51705
6.64165
6.7687
6.83185
6.837275
6.8997
6.90195
7.0397
7.346825
7.421825
7.440125
7.518425
7.6906
7.7122
7.933125
8.02375
8.026825
8.073225
8.513575
8.847475
8.96045
9.222275
9.329
9.367875
9.511925
9.65125
9.74355
9.871375
9.89335
147
