0.082025
0.23865
0.413275
0.470375
0.4918
0.4952
0.5268
0.53055
0.554325
0.55975
0.561825
0.5909
0.625
0.626725
0.6297
0.63105
0.64005
0.6497
0.6567
0.6584
0.66635
0.6677
0.6734
0.680325
0.686975
0.699425
0.7044
0.707825
0.708975
0.7114
0.714325
0.731975
0.7411
0.745825
0.749475
0.790625
0.817875
0.824475
0.83065
0.85595
0.880625
0.890125
0.902625
0.90505
0.9083
0.9205
0.922175
0.9372
0.944875
1.00835
1.03525
1.057025
1.16025
1.16495
1.19525
1.253375
1.308625
1.33285
1.37005
1.444575
1.467525
1.4687
1.4688
1.574475
1.745775
1.746125
1.746625
1.751675
1.789525
1.8128
1.8662
1.9034
1.9074
1.929625
2.0374
2.1726
2.182575
2.21435
2.2278
2.2676
2.364775
2.40945
2.422875
2.434975
2.57925
2.59745
2.653475
2.69685
2.702875
2.7051
2.786375
2.797625
2.827625
2.89655
2.928175
2.976125
2.99
3.233775
3.257225
3.264825
3.3369
3.471875
3.5042
3.560825
3.57845
3.6134
3.6349
3.648025
3.7427
3.791075
3.8787
4.118175
4.20665
4.2458
4.281975
4.4275
4.53875
4.7837
4.8033
4.8062
4.85335
4.903025
4.931175
4.93495
5.0862
5.121775
5.296475
5.31875
5.328425
5.34095
5.40405
5.6743
5.9234
5.933725
6.003025
6.0496
6.124375
6.374725
6.54425
6.56245
6.774025
6.7871
6.856875
7.118575
7.18885
7.222025
7.224825
7.242275
7.30135
7.32885
7.413975
7.523575
7.7489
7.8608
7.908175
7.909975
8.3016
8.303275
8.31705
8.394525
8.566975
8.5764
8.672825
8.762825
8.85425
8.863225
9.0737
9.186825
9.2214
9.3037
9.463725
9.51395
9.569275
9.878075
9.957275
175
