0.445975
0.49385
0.51085
0.5111
0.51125
0.522525
0.53155
0.53725
0.555375
0.563675
0.586825
0.591225
0.603825
0.629875
0.632875
0.633925
0.634575
0.640175
0.658425
0.665375
0.67425
0.7238
0.72525
0.739525
0.743525
0.759275
0.7964
0.800025
0.819375
0.833925
0.843
0.858275
0.87
0.898675
0.904925
0.91195
0.9354
0.942875
0.945025
0.996325
1.02885
1.0438
1.087125
1.115
1.1226
1.12435
1.244675
1.246475
1.265925
1.266375
1.28115
1.281325
1.303525
1.3665
1.4003
1.423475
1.48725
1.495475
1.51455
1.568
1.6551
1.6985
1.7205
1.7867
1.798775
1.805775
1.839775
1.96515
2.014075
2.0302
2.0596
2.1248
2.19255
2.1942
2.2897
2.3235
2.358325
2.359725
2.3787
2.395225
2.461925
2.4706
2.5491
2.596425
2.6037
2.613275
2.6598
2.683925
2.757475
2.82615
2.848425
2.8684
2.894425
2.9013
3.0374
3.098925
3.335875
3.455875
3.472375
3.54585
3.589225
3.592875
3.68865
3.87495
4.006225
4.04745
4.12825
4.19655
4.319
4.441775
4.515575
4.720925
5.133475
5.157725
5.4377
5.509825
5.69135
5.838125
5.98485
6.0899
6.199225
6.6414
6.645475
6.6871
7.005975
7.07845
7.091325
7.1535
7.210675
7.349
7.3696
7.4021
7.45475
7.5239
7.532925
7.7612
7.776375
8.001375
8.05735
8.282175
8.352725
8.514025
8.59205
8.660925
8.99755
9.012525
9.01265
9.01675
9.029625
9.051725
9.40205
9.5358
9.550775
9.666725
9.671425
9.92935
156
