0.0568
0.072375
0.426725
0.42965
0.488625
0.500075
0.51405
0.515725
0.52635
0.55395
0.5607
0.567725
0.580075
0.5837
0.587675
0.5884
0.598825
0.602075
0.6083
0.61155
0.6139
0.615175
0.629825
0.63045
0.636125
0.637825
0.653875
0.6561
0.6894
0.6922
0.706475
0.735475
0.748675
0.7565
0.766275
0.772275
0.81675
0.819
0.8204
0.828325
0.83695
0.8542
0.85635
0.8662
0.8852
0.887475
0.89835
0.915175
0.923625
0.946675
0.95095
1.054575
1.072625
1.084075
1.1057
1.143225
1.144725
1.1531
1.15805
1.231625
1.24665
1.28595
1.319525
1.331075
1.346925
1.402275
1.4548
1.489325
1.623225
1.6324
1.696625
1.792475
1.83165
1.88805
1.897325
1.93085
2.0443
2.11645
2.163
2.210225
2.226025
2.24205
2.242825
2.294375
2.329825
2.339025
2.41065
2.46605
2.473075
2.475125
2.47935
2.604775
2.635375
2.827025
2.85325
2.9395
3.0585
3.063725
3.199725
3.268975
3.318475
3.353275
3.3826
3.504275
3.530375
3.801275
3.81395
3.8229
3.87445
3.889
3.943175
4.488225
4.6815
4.7479
4.92265
5.0071
5.104325
5.10635
5.34815
5.396225
5.466075
5.49225
5.59545
5.695625
5.707725
5.79065
5.92605
6.174375
6.179475
6.192725
6.21715
6.245525
6.558425
7.070525
7.21005
7.362275
7.39615
7.405725
7.415025
7.451075
7.453725
7.46575
7.470375
7.515425
7.706475
7.819475
7.867325
8.030825
8.03755
8.127175
8.131425
8.34865
8.7386
8.9125
8.9682
9.03925
9.0884
9.27185
9.37995
9.470825
9.577025
9.66305
9.7409
9.8215
9.8974
9.964025
9.96965
167
