0.0447
0.123125
0.423
0.501475
0.5078
0.52255
0.5249
0.52715
0.579
0.59075
0.5965
0.598525
0.601175
0.62265
0.641275
0.643175
0.66445
0.666125
0.6794
0.679475
0.6809
0.6819
0.7084
0.71275
0.71665
0.800575
0.80085
0.805475
0.817875
0.82025
0.8212
0.832125
0.8497
0.855675
0.8942
0.89875
0.9205
0.9214
0.924
0.952
0.966525
0.9713
0.973925
1.048425
1.05685
1.059875
1.08345
1.164525
1.167775
1.176575
1.179625
1.19815
1.2006
1.216825
1.293625
1.30545
1.331125
1.34375
1.35085
1.35105
1.36525
1.44565
1.464375
1.616875
1.628825
1.66715
1.681125
1.692875
1.745075
1.85295
1.973775
2.060025
2.087075
2.1773
2.199375
2.2173
2.229875
2.262825
2.300075
2.30325
2.3326
2.3338
2.338375
2.38065
2.441
2.472475
2.619325
2.635675
2.673125
2.722375
2.75145
2.7716
2.948625
2.95405
2.981175
3.05235
3.060725
3.067475
3.1795
3.310875
3.540175
3.561075
3.669675
3.75075
3.79005
3.90345
3.919375
3.98835
4.102975
4.1231
4.233375
4.42965
4.443475
4.473025
4.48275
4.4868
4.514925
4.5253
4.6569
4.680275
4.687325
4.722475
4.76545
4.7845
4.821675
4.9045
5.06305
5.1488
5.281525
5.32805
5.3765
5.432875
5.4352
5.47105
5.506075
5.6053
5.734525
5.8436
5.904825
6.097425
6.28555
6.29255
6.416875
6.550525
6.579725
6.662675
6.676175
6.68635
6.73085
6.733125
6.8595
6.937775
7.0106
7.028775
7.11675
7.1739
7.4309
7.5267
7.60525
7.621275
7.664375
7.7671
7.77065
8.160125
8.3565
8.566525
8.594925
8.595675
8.64865
8.698025
8.83845
8.8522
9.014925
9.05775
9.2107
9.263325
9.27575
9.625975
9.663825
9.717075
180
