0.296275
0.349725
0.42425
0.442875
0.4927
0.511225
0.521175
0.540675
0.5718
0.57195
0.59155
0.5955
0.608525
0.610275
0.6134
0.62825
0.631
0.635375
0.636425
0.648525
0.690025
0.696625
0.7166
0.7561
0.756975
0.7591
0.779625
0.8001
0.802325
0.83585
0.861175
0.86175
0.862875
0.866975
0.8742
1.019975
1.070125
1.093275
1.19145
1.26345
1.292825
1.298075
1.328175
1.339025
1.3553
1.3641
1.428675
1.438275
1.45975
1.538575
1.549725
1.5558
1.581825
1.60585
1.6206
1.690825
1.731
1.750325
1.7506
1.7705
1.855225
1.97155
2.00375
2.1682
2.193775
2.20115
2.2693
2.353475
2.37535
2.453575
2.467575
2.6149
2.693
2.7015
2.76235
2.8429
2.9735
3.006
3.1781
3.21795
3.2639
3.429025
3.591625
3.597975
3.670725
3.690625
3.7351
3.79925
3.90405
4.06915
4.194675
4.24545
4.386075
4.468775
4.584525
4.869625
4.919675
4.93615
5.057475
5.31735
5.42835
5.476275
5.504725
5.589125
5.84435
5.9049
5.915775
5.9618
5.973125
6.18815
6.2581
6.353175
6.5028
6.5852
6.6621
6.811275
6.974825
7.115975
7.18575
7.256875
7.297275
7.642125
7.68025
7.85955
7.871825
7.911975
8.06115
8.063675
8.10615
8.165875
8.316475
8.39875
8.5379
8.6734
8.801775
8.86225
8.99175
9.045275
9.192975
9.576225
9.6062
9.6246
9.67715
9.75895
9.764675
9.8066
9.902825
147
