0.092275
0.2021
0.30005
0.4747
0.492775
0.50765
0.518825
0.523525
0.546175
0.58785
0.59095
0.599575
0.61165
0.61435
0.614425
0.617
0.619525
0.642025
0.648975
0.6492
0.654975
0.66375
0.68665
0.689475
0.699225
0.712575
0.72715
0.7539
0.754925
0.771925
0.786375
0.805325
0.84555
0.86755
0.88645
0.894625
0.902425
0.93805
0.955575
0.95735
1.0007
1.003625
1.01615
1.05875
1.08355
1.119525
1.2516
1.27375
1.3089
1.4271
1.46265
1.46335
1.501775
1.52185
1.52825
1.549875
1.61255
1.710675
1.7533
1.780275
1.78755
1.89885
1.9345
1.934625
1.944925
1.98235
2.02705
2.034575
2.08365
2.140675
2.18705
2.207725
2.292625
2.316125
2.35135
2.351675
2.3539
2.356075
2.451425
2.49705
2.52935
2.63125
2.7077
2.711125
2.8735
2.898525
2.976775
2.978875
3.0482
3.138725
3.2653
3.293425
3.3162
3.318125
3.387375
3.4208
3.4428
3.510825
3.5125
3.545175
3.594675
3.600875
3.648625
3.7492
3.927025
4.009025
4.08145
4.083875
4.12875
4.273075
4.440175
4.45075
4.646475
4.6504
4.8719
4.8962
5.048975
5.15905
5.19135
5.25735
5.338875
5.34515
5.393
5.749575
5.9042
5.915
5.9294
5.939125
6.0127
6.176875
6.21845
6.362175
6.4197
6.5903
6.944275
7.0013
7.01285
7.036575
7.2061
7.333175
7.46955
7.577575
7.770825
7.808825
7.8177
7.936425
8.006325
8.084175
8.095425
8.1462
8.52965
8.7907
9.0405
9.137475
9.14265
9.230075
9.2786
9.3282
9.381875
9.453575
9.508575
9.924175
162
