0.266825
0.427025
0.4577
0.468525
0.501875
0.504875
0.509625
0.519575
0.537675
0.545425
0.557325
0.57205
0.5748
0.58175
0.5842
0.599325
0.6124
0.6179
0.618575
0.6191
0.6885
0.711475
0.715925
0.725225
0.740975
0.7503
0.754775
0.792325
0.808025
0.8144
0.859
0.867375
0.907225
0.9102
0.9127
0.91725
0.934725
0.9366
0.939775
0.945425
0.9836
1.020275
1.031925
1.144725
1.158
1.169525
1.19305
1.2213
1.2303
1.258925
1.308975
1.309725
1.3212
1.366775
1.435775
1.446875
1.45035
1.499425
1.5244
1.587375
1.629475
1.65795
1.66625
1.73335
1.77095
1.784275
1.85365
1.85835
1.947925
2.05985
2.10135
2.25565
2.258325
2.2636
2.31045
2.335825
2.347475
2.412275
2.4573
2.502075
2.6152
2.615825
2.698875
2.7978
2.807075
2.886175
2.9797
3.029025
3.043825
3.16015
3.180075
3.274725
3.3272
3.4136
3.427125
3.432075
3.53355
3.553925
3.67575
3.704925
3.849175
3.851425
3.862075
3.9019
3.92015
3.943525
3.959425
3.962425
4.088275
4.108525
4.1389
4.160675
4.227875
4.32215
4.35575
4.373525
4.515225
4.541675
4.918325
4.92745
5.008
5.147475
5.369775
5.432225
5.6778
5.72645
5.80655
5.845225
5.966925
5.971675
6.054675
6.265975
6.274275
6.331225
6.46165
6.476875
6.791725
6.8123
6.914175
7.0986
7.312825
7.399625
7.466475
7.497725
7.687825
7.829225
8.0238
8.070425
8.211575
8.307025
8.4129
8.424
8.429125
8.44715
8.92135
8.930775
9.13375
9.3335
9.4616
9.591075
9.767025
161
