0.0845
0.13785
0.264775
0.405975
0.42265
0.464325
0.4686
0.4701
0.471225
0.485275
0.4891
0.4993
0.50615
0.513375
0.515525
0.52595
0.566275
0.5681
0.5742
0.596425
0.601925
0.6104
0.617
0.642075
0.64665
0.6708
0.7047
0.707575
0.712725
0.718575
0.725525
0.8211
0.831725
0.8467
0.891675
0.89655
0.9028
0.919975
0.926625
0.927125
0.93115
0.9549
0.95685
0.9828
0.986225
1.01305
1.015075
1.0445
1.0485
1.068825
1.095825
1.1057
1.136225
1.1893
1.227725
1.3117
1.319
1.327525
1.32765
1.33765
1.34015
1.398975
1.4113
1.431975
1.573825
1.616
1.631675
1.729025
1.731075
1.73925
1.753675
1.7935
1.81455
1.840175
2.11135
2.215775
2.227525
2.273475
2.29505
2.35615
2.36725
2.4191
2.43
2.44145
2.45285
2.461675
2.46495
2.47505
2.47635
2.4874
2.547625
2.564175
2.607825
2.7063
2.7523
2.788625
2.801025
2.825425
2.884025
2.898275
2.93885
3.004425
3.046875
3.069875
3.3273
3.36145
3.442725
3.5054
3.507625
3.5364
3.6464
3.69685
3.761525
3.7662
3.96885
4.0104
4.0346
4.1023
4.1063
4.1296
4.1561
4.16215
4.179625
4.2242
4.504425
4.519675
4.5364
4.5956
4.6111
4.73335
4.78795
4.827075
5.01745
5.019425
5.049025
5.117
5.1342
5.204925
5.21285
5.22475
5.235575
5.339525
5.62295
5.65865
5.6925
5.707475
6.10105
6.17925
6.2021
6.20395
6.38775
6.446975
6.4779
6.66085
6.8251
7.066075
7.106
7.21025
7.213575
7.382225
7.525725
7.808525
7.94715
7.975075
7.994125
8.014425
8.08535
8.293675
8.422525
8.4968
8.51275
8.531475
8.6224
8.657425
8.66905
8.780925
9.0031
9.039375
9.089625
9.495
9.6674
9.797125
182
