0.312575
0.36115
0.40395
0.419475
0.4219
0.4391
0.455575
0.50915
0.5102
0.5306
0.54205
0.560175
0.607375
0.610475
0.6155
0.6157
0.6341
0.6469
0.6647
0.66895
0.67715
0.6787
0.715075
0.715325
0.719725
0.7359
0.760425
0.764775
0.779125
0.7901
0.8043
0.813825
0.817425
0.837125
0.841825
0.8511
0.856625
0.86725
0.880375
0.886275
0.8871
0.8891
0.8949
0.900775
0.934475
0.969775
0.98805
1.026875
1.028425
1.033975
1.0623
1.068575
1.073875
1.13685
1.1551
1.1639
1.2011
1.211825
1.320075
1.332275
1.34055
1.35015
1.378275
1.390675
1.455825
1.459175
1.546875
1.629925
1.691925
1.739775
1.751775
1.895175
1.9137
1.950975
2.01055
2.0204
2.113675
2.141475
2.24985
2.277325
2.2852
2.3191
2.333325
2.50985
2.566825
2.5944
2.6663
2.775225
2.906125
2.96885
2.9754
3.00485
3.059525
3.21845
3.411025
3.422425
3.43675
3.465775
3.5922
3.7075
3.803875
3.88065
3.928275
3.9618
3.986925
4.01995
4.0809
4.082425
4.1936
4.214075
4.319625
4.3357
4.358675
4.3751
4.6312
4.707075
4.76835
4.8375
4.863
4.965775
4.986475
5.0444
5.082425
5.120225
5.159575
5.1719
5.2528
5.307625
5.568825
5.801325
5.81805
6.037425
6.0772
6.148
6.223325
6.258375
6.25925
6.305925
6.3195
6.3931
6.45685
6.5762
6.633175
6.701125
6.83995
7.03195
7.099475
7.115025
7.149075
7.174425
7.48845
7.5165
7.53965
7.651225
7.8096
7.815825
8.028875
8.08785
8.3118
8.550925
8.82885
8.94205
9.21845
9.245825
9.5635
9.5796
9.591975
9.601225
9.62715
9.756025
9.7906
171
