0.040525
0.070875
0.079825
0.157975
0.344775
0.473
0.474325
0.477175
0.489
0.49665
0.5054
0.505975
0.521675
0.53055
0.5327
0.541775
0.552875
0.5542
0.569175
0.610775
0.6322
0.653825
0.6666
0.6686
0.69045
0.7105
0.719075
0.762475
0.796075
0.844575
0.846725
0.862075
0.862475
0.8628
0.88055
0.900725
0.9094
0.920325
0.932525
0.967125
0.986425
0.98825
0.999675
1.02745
1.036725
1.09145
1.094325
1.09865
1.09995
1.12235
1.161975
1.26405
1.2656
1.351075
1.352925
1.35595
1.364975
1.387825
1.4116
1.472275
1.487225
1.5407
1.556975
1.558325
1.559225
1.5879
1.593425
1.625325
1.661375
1.714975
1.73965
1.773275
1.799725
1.936425
2.010125
2.025575
2.12505
2.145925
2.177475
2.217975
2.2675
2.305725
2.406875
2.443175
2.501425
2.50775
2.5169
2.5345
2.630625
2.677825
2.678625
2.793625
2.8142
2.86375
3.0494
3.059825
3.07685
3.094925
3.22525
3.250125
3.261325
3.3173
3.349275
3.479875
3.483325
3.486125
3.49065
3.500475
3.51295
3.546325
3.716925
3.874475
3.955225
3.9789
4.155775
4.183725
4.243475
4.3185
4.31985
4.74895
4.795725
4.880675
4.920575
4.938
4.951225
5.04325
5.0661
5.113925
5.1317
5.18785
5.43895
5.48635
5.582775
5.66945
5.95615
5.956775
6.024925
6.05475
6.1135
6.2586
6.339925
6.676325
6.82015
6.844
7.021975
7.046225
7.074925
7.076125
7.2973
7.7094
7.726725
7.7798
7.78345
8.0274
8.03775
8.192825
8.310575
8.400625
8.5636
8.75805
8.797825
9.011725
9.024525
9.0425
9.054825
9.182675
9.184575
9.20085
9.21305
9.32495
9.3935
9.41415
9.44475
9.531575
9.8393
9.954875
176
