0.165875
0.17565
0.231325
0.25895
0.437025
0.4836
0.4884
0.49925
0.50675
0.5101
0.514
0.528275
0.5284
0.531375
0.5416
0.556125
0.56465
0.571
0.596425
0.629975
0.630025
0.6468
0.662475
0.66485
0.6698
0.686675
0.69615
0.703325
0.7205
0.735575
0.74325
0.786225
0.79315
0.8082
0.81125
0.833375
0.8674
0.886
0.954475
0.96415
0.96475
0.970025
1.018925
1.03215
1.074675
1.077875
1.079875
1.124
1.146125
1.1553
1.1733
1.175425
1.18465
1.214675
1.255175
1.259525
1.275525
1.332525
1.347525
1.361025
1.40325
1.4827
1.493075
1.6134
1.62715
1.642275
1.647125
1.7715
1.79245
1.854875
1.87595
1.880125
1.909325
1.949525
1.951475
2.001925
2.02675
2.182775
2.20125
2.28655
2.2935
2.3608
2.3782
2.426125
2.428025
2.46865
2.582725
2.65775
2.69185
2.743675
2.770675
2.788775
2.822125
2.843675
2.907925
3.017875
3.074125
3.083075
3.15555
3.180775
3.481375
3.484225
3.5712
3.695325
3.7375
3.766425
3.86785
3.924275
3.964825
3.969775
4.06895
4.1144
4.1658
4.359
4.480225
4.51085
4.522625
4.58205
4.591325
5.073125
5.146925
5.57655
5.7527
5.7826
5.819825
5.852
6.088425
6.206
6.268475
6.2864
6.423425
6.43045
6.752525
6.7541
6.7649
6.77645
6.8111
6.843225
6.858675
6.920825
6.97715
7.20345
7.301675
7.46135
7.513375
7.89975
8.039175
8.112
8.113725
8.223675
8.239725
8.57785
8.59965
8.627275
8.7041
8.707
8.742075
9.084275
9.2956
9.3047
9.407325
9.526375
9.553025
9.609025
9.6308
9.6503
9.65785
9.69825
9.70245
9.751425
170
