0.12385
0.235625
0.45485
0.4668
0.4903
0.490575
0.497575
0.501075
0.5012
0.50175
0.527625
0.533975
0.539725
0.54005
0.543525
0.544325
0.548775
0.553425
0.55735
0.5592
0.578425
0.588
0.60985
0.62245
0.62645
0.62855
0.65445
0.658025
0.6638
0.66805
0.6907
0.691975
0.698425
0.6989
0.710075
0.719175
0.725625
0.7324
0.740375
0.7566
0.798025
0.8002
0.819525
0.822975
0.8237
0.833775
0.840775
0.866925
0.8687
0.875825
0.882075
0.8938
0.90045
0.90085
0.92875
0.940575
0.965375
0.96895
0.975775
0.98085
0.9934
1.00595
1.0165
1.042075
1.04325
1.0605
1.0844
1.1031
1.110425
1.122025
1.129825
1.15275
1.15565
1.18055
1.185325
1.189925
1.204775
1.259
1.276675
1.3275
1.353925
1.3692
1.38365
1.38565
1.40365
1.406375
1.453725
1.46045
1.626725
1.67205
1.6921
1.742425
1.809925
1.836325
1.843125
1.860075
1.9135
1.9542
1.9878
2.256125
2.256675
2.30535
2.37535
2.378225
2.39755
2.400775
2.409725
2.4281
2.5077
2.51895
2.55725
2.601725
2.743375
2.784325
2.826525
2.8678
2.92435
2.9919
3.09145
3.168525
3.175925
3.1976
3.239175
3.342675
3.3749
3.383175
3.509375
3.55375
3.62425
3.652775
3.719275
3.7299
3.850125
3.939
3.94495
4.018475
4.069
4.128225
4.2518
4.258925
4.303875
4.3327
4.33685
4.478875
4.490325
4.83105
4.938175
5.04935
5.209625
5.227875
5.245125
5.27285
5.423675
5.726425
6.019325
6.026325
6.0792
6.110375
6.1313
6.14495
6.28825
6.41275
6.4212
6.421875
6.433875
6.492225
6.493025
6.543775
6.660975
6.9437
7.19395
7.282625
7.2991
7.56845
7.64955
7.79275
7.857575
7.914125
7.94385
8.184475
8.272675
8.3749
8.402525
8.583475
8.610425
8.627725
8.639025
8.699425
8.7321
8.8161
8.97115
8.975975
9.186575
9.310925
9.35955
9.396375
9.40765
9.610675
9.79045
199
