0.084475
0.112825
0.216
0.36125
0.480125
0.481
0.48105
0.4817
0.49985
0.512125
0.526175
0.53305
0.564925
0.567875
0.577775
0.59605
0.60875
0.630875
0.63485
0.640775
0.653825
0.679375
0.682875
0.690175
0.692625
0.702475
0.70455
0.721375
0.72735
0.743875
0.74725
0.752225
0.7865
0.7886
0.8051
0.80905
0.8215
0.831575
0.834
0.855
0.8954
0.902275
0.905325
0.93455
0.9379
0.971525
0.9894
0.99505
1.00095
1.03005
1.0353
1.067075
1.12565
1.1304
1.145825
1.16035
1.1771
1.1908
1.194875
1.23745
1.2728
1.3111
1.342525
1.36
1.411375
1.42335
1.449025
1.456375
1.5077
1.70335
1.75375
1.76835
1.804775
1.8108
1.847875
1.85225
1.8583
1.8764
1.9796
2.1176
2.14395
2.2025
2.2223
2.305225
2.391875
2.43435
2.472075
2.73105
2.838825
2.907825
2.926525
2.937475
3.03265
3.106125
3.145575
3.14685
3.1645
3.1662
3.29695
3.351
3.396675
3.4795
3.55205
3.643525
3.659375
3.670225
3.728125
3.7298
3.828225
3.838625
3.909175
4.099875
4.154675
4.162325
4.1739
4.178375
4.232525
4.301775
4.513625
4.776725
4.78265
4.81245
4.834675
4.87525
4.946025
4.99205
5.002425
5.0286
5.10115
5.26635
5.283625
5.28605
5.337075
5.394525
5.6949
5.76795
6.055375
6.096425
6.0981
6.203125
6.262225
6.318175
6.4566
6.478775
6.572975
6.71045
6.7603
6.7616
6.78975
6.815675
6.85505
6.87375
6.9338
7.0479
7.055425
7.1132
7.2015
7.242275
7.250275
7.420175
7.546375
7.837725
7.952475
8.038325
8.0465
8.22315
8.34705
8.4778
8.5534
8.69005
8.695225
9.174825
9.1994
9.2692
9.328525
9.343
9.4153
177
