0.1733
0.430325
0.448775
0.4795
0.49265
0.503
0.50765
0.5165
0.52345
0.531525
0.541775
0.556025
0.565425
0.5748
0.578525
0.58325
0.59235
0.6402
0.641125
0.643125
0.656425
0.65775
0.6606
0.67535
0.70535
0.711375
0.724875
0.741025
0.793375
0.79435
0.79585
0.8064
0.8334
0.8371
0.84545
0.85865
0.88765
0.8881
0.9183
0.926
0.929425
0.9456
0.9591
0.98255
0.988225
0.99875
1.010925
1.08085
1.0849
1.09535
1.1297
1.156225
1.179775
1.197875
1.216425
1.227325
1.243225
1.24975
1.261175
1.3076
1.33295
1.3489
1.360425
1.371775
1.4102
1.4235
1.4436
1.482525
1.514275
1.580775
1.59035
1.616025
1.672825
1.68855
1.73495
1.794525
1.85055
1.8806
1.89215
1.9184
1.925175
1.9256
1.95395
1.981775
2.063175
2.08995
2.1707
2.2017
2.22305
2.24865
2.3286
2.37605
2.4585
2.50075
2.5423
2.6079
2.630775
2.847975
2.86965
2.9979
3.0611
3.06825
3.159175
3.2003
3.3379
3.34335
3.438225
3.60905
3.789275
3.79685
3.8736
3.91435
3.920925
4.0373
4.20205
4.22365
4.23945
4.287575
4.47265
4.63975
4.648875
4.66375
4.724825
4.7598
4.81
4.910375
5.005
5.06645
5.191875
5.1944
5.212075
5.350675
5.433325
5.5329
5.62075
5.6233
5.678275
5.715075
5.848275
6.0715
6.13605
6.246275
6.283525
6.333725
6.36175
6.435875
6.44275
6.651325
6.909475
7.0376
7.08835
7.108525
7.26245
7.416325
7.4254
7.48665
7.5502
7.811875
8.008425
8.038825
8.116575
8.23285
8.263
8.329125
8.445625
8.6313
8.673175
9.03585
9.1203
9.1933
9.24295
9.2515
9.334225
9.4692
9.561875
9.660225
9.710575
9.857725
9.93785
9.969025
180
