0.000825
0.022975
0.199825
0.28975
0.316275
0.362225
0.45985
0.4727
0.477275
0.490025
0.4953
0.497625
0.50675
0.510425
0.5109
0.517025
0.53525
0.5464
0.546975
0.56495
0.5714
0.581875
0.59565
0.6203
0.629225
0.64845
0.65225
0.65585
0.657825
0.65845
0.659075
0.681275
0.682425
0.688
0.7189
0.721175
0.746525
0.760225
0.804425
0.811575
0.811675
0.819125
0.83775
0.843675
0.8548
0.85595
0.86635
0.886625
0.902675
0.962275
0.9878
0.988425
0.99515
1.0026
1.05195
1.0907
1.091025
1.108375
1.1172
1.176
1.2104
1.21355
1.262775
1.2634
1.268625
1.27965
1.32195
1.331275
1.33695
1.358475
1.367675
1.3895
1.475
1.500325
1.608425
1.682975
1.72925
1.742775
1.7671
1.785075
1.80855
1.8164
1.8793
1.915075
1.93835
1.948125
1.9549
1.972225
2.1478
2.158675
2.20635
2.459025
2.54885
2.572175
2.611775
2.64595
2.76435
2.765925
2.8533
2.96145
2.995025
3.052375
3.109
3.123175
3.148675
3.158075
3.160925
3.16375
3.193525
3.2013
3.20265
3.230075
3.25185
3.255225
3.3006
3.40535
3.4092
3.44585
3.501425
3.5951
3.626875
3.65995
3.7491
3.75145
3.7526
3.7757
3.813025
3.831
3.865575
3.99075
4.07225
4.2226
4.2483
4.284125
4.285775
4.377325
4.387125
4.393175
4.4436
4.6681
4.7133
4.739325
4.76255
4.813
5.100725
5.258875
5.30345
5.3294
5.348425
5.5602
5.5795
5.60025
5.686375
5.6886
5.707075
5.738075
5.7924
5.8295
6.32165
6.652975
7.0546
7.10095
7.13375
7.220375
7.2848
7.2948
7.755725
8.011475
8.036025
8.065
8.496075
8.539275
8.647175
8.749125
9.425925
9.6043
9.7366
9.85085
178
