0.0049
0.035475
0.2718
0.4641
0.4667
0.491075
0.5249
0.525
0.539375
0.542
0.562875
0.567
0.589475
0.603775
0.635575
0.653775
0.661775
0.684025
0.716525
0.732125
0.73745
0.77475
0.786025
0.8056
0.80925
0.88225
0.92975
0.941375
0.969975
0.972825
1.00875
1.0714
1.128
1.145925
1.15405
1.163125
1.21065
1.22455
1.2506
1.309925
1.329925
1.3554
1.355625
1.429425
1.442
1.4625
1.46475
1.524625
1.565975
1.615275
1.662925
1.707175
1.8135
1.834625
1.8763
1.90115
1.930075
1.943875
2.156875
2.243325
2.25285
2.30095
2.38855
2.415675
2.4507
2.5791
2.6115
2.6168
2.62565
2.637475
2.648625
2.6518
2.6725
2.68075
2.686725
2.7149
2.7344
2.76465
2.76795
2.787175
3.28795
3.3615
3.374725
3.388075
3.454375
3.477625
3.506425
3.849275
3.984075
4.0445
4.3984
4.40245
4.482
4.50815
4.522925
4.603375
4.69985
4.713875
4.804425
4.821
4.894
4.941875
5.090225
5.1512
5.2485
5.389375
5.5369
5.704075
5.720475
5.730425
5.76935
5.80895
5.85435
5.903825
5.941575
6.1014
6.16075
6.19505
6.22925
6.40805
6.43885
6.452475
6.668525
6.74355
6.760525
6.8332
7.029075
7.038925
7.217825
7.316175
7.70005
7.8176
7.82245
7.8476
7.992375
8.144575
8.176525
8.297075
8.44105
8.5908
8.59935
8.638675
8.768975
8.79545
8.892875
8.954025
9.17365
9.352025
9.658975
9.7191
9.976175
151
