0.064225
0.12655
0.197
0.42505
0.432525
0.4698
0.484475
0.4951
0.49945
0.507625
0.5155
0.53345
0.5448
0.5456
0.5717
0.578375
0.581325
0.583025
0.59395
0.6126
0.63265
0.6375
0.645275
0.645925
0.651775
0.665275
0.674275
0.67935
0.6941
0.726425
0.7456
0.7528
0.7794
0.7874
0.80035
0.800475
0.831425
0.86605
0.888125
0.8937
0.895825
0.945175
0.951425
0.963775
1.008625
1.0138
1.0394
1.054125
1.0727
1.103
1.125125
1.129425
1.158525
1.15875
1.184325
1.2015
1.257375
1.263575
1.27115
1.274725
1.286075
1.299125
1.300075
1.333675
1.3347
1.335225
1.4032
1.463975
1.4927
1.588075
1.658925
1.7224
1.7684
1.789075
1.813775
1.828175
1.86605
1.884225
1.938775
1.964675
2.025775
2.027
2.133675
2.1691
2.201425
2.2159
2.24675
2.293825
2.349375
2.356325
2.4492
2.52215
2.61975
2.62285
2.8522
2.878025
2.956025
2.956625
3.0655
3.2039
3.226875
3.265575
3.4889
3.55475
3.62025
3.726625
3.800475
3.856375
3.86915
3.899575
4.0399
4.059125
4.114025
4.17385
4.174125
4.2781
4.327575
4.36255
4.4616
4.499025
4.5159
4.547375
4.711625
4.807525
5.029725
5.117775
5.173875
5.2645
5.4522
5.569375
5.6105
5.7603
5.8223
5.854525
5.863025
5.891125
6.072625
6.1557
6.156125
6.181075
6.220675
6.249275
6.658675
6.726925
6.81265
6.82295
6.9647
7.02435
7.204475
7.29765
7.29815
7.320075
7.344525
7.346725
7.3706
7.51775
7.56665
7.61375
7.64605
7.6636
7.704675
7.919
8.09125
8.151225
8.3589
8.52195
8.6081
9.36055
9.4261
9.442475
9.56945
9.59985
9.62535
9.634525
9.726725
9.805575
9.926075
177
