0.12365
0.1465
0.22885
0.448875
0.4603
0.473825
0.4749
0.491975
0.5007
0.51415
0.5312
0.533825
0.544475
0.560625
0.5613
0.57685
0.57715
0.5836
0.6195
0.66845
0.682525
0.704825
0.708
0.722175
0.73335
0.73905
0.743525
0.747925
0.773675
0.775025
0.81165
0.819125
0.8231
0.852175
0.8719
0.8739
0.87435
0.918525
0.919525
0.9258
0.93905
0.9971
1.017725
1.020125
1.023425
1.02905
1.0438
1.0665
1.071875
1.076475
1.10125
1.1066
1.129175
1.1346
1.13985
1.274
1.33955
1.3608
1.3656
1.428025
1.4741
1.4925
1.534675
1.5352
1.548
1.55725
1.56775
1.574525
1.590325
1.5953
1.640875
1.732925
1.895525
1.9304
1.944425
2.005875
2.0491
2.106075
2.184175
2.186
2.207625
2.349825
2.38445
2.5789
2.6058
2.658575
2.71105
2.711325
2.71235
2.89155
3.103275
3.14955
3.160375
3.180375
3.397375
3.5259
3.5338
3.582225
3.70155
3.8782
3.9066
3.91925
3.927325
4.121575
4.20955
4.243625
4.333475
4.3978
4.48865
4.49385
4.555325
4.596025
4.654175
4.714725
5.136575
5.518525
5.612825
5.961175
6.3238
6.722375
6.748825
6.79415
6.808425
6.825225
6.9335
7.04405
7.226175
7.418675
7.4268
8.02305
8.064925
8.08805
8.101775
8.1859
8.2168
8.23545
8.2842
8.376525
8.469425
8.470575
8.556625
8.569925
8.976475
9.0487
9.05445
9.118425
9.195725
9.2283
9.305575
9.373975
9.5375
9.5679
9.614475
9.666375
9.699
9.86565
9.93815
9.9562
158
