0.0245
0.064125
0.32175
0.43245
0.460025
0.4767
0.486975
0.4871
0.5035
0.505725
0.530625
0.538625
0.5407
0.54455
0.54465
0.550175
0.55105
0.551325
0.560225
0.578175
0.582
0.586375
0.59045
0.595975
0.60165
0.603575
0.633
0.6471
0.653675
0.65645
0.676525
0.685825
0.718975
0.7222
0.731875
0.751475
0.76845
0.7714
0.83645
0.83735
0.8743
0.877475
0.917575
0.961325
0.987075
0.993075
1.008025
1.069525
1.085575
1.099
1.106525
1.134
1.1587
1.224175
1.233925
1.275675
1.31095
1.390925
1.441875
1.460125
1.4658
1.5225
1.69225
1.69845
1.706675
1.78925
2.002425
2.019275
2.02295
2.030375
2.0572
2.1041
2.30805
2.360175
2.429675
2.434025
2.616875
2.86605
2.933025
3.032475
3.1326
3.176075
3.253625
3.255825
3.287175
3.429225
3.51035
3.578875
3.71355
3.73565
3.79335
3.8252
3.9109
3.9895
3.997575
4.00835
4.136025
4.239
4.28575
4.2858
4.3052
4.331175
4.577825
4.59425
5.0127
5.201125
5.238325
5.255025
5.317475
5.478225
5.68625
5.722525
5.780825
5.800625
5.81985
6.144425
6.24635
6.254375
6.410525
6.476875
6.47965
6.653425
6.6722
6.756
6.93895
7.036425
7.175075
7.216525
7.32675
7.523525
7.559425
7.697425
8.10415
8.239075
8.39265
8.402475
8.530825
8.59895
8.62565
8.776725
8.8376
8.88815
8.972225
9.052575
9.120175
9.218075
9.288825
9.330775
9.429875
9.81715
9.891675
151
