0.0317
0.095175
0.16925
0.1744
0.48165
0.50825
0.523625
0.5381
0.541875
0.546875
0.548925
0.5548
0.561425
0.563
0.58115
0.59145
0.6156
0.622625
0.632275
0.6391
0.639125
0.6411
0.64465
0.6531
0.6791
0.691525
0.704
0.7096
0.71185
0.712275
0.72365
0.723875
0.72915
0.7623
0.775575
0.793725
0.7959
0.820125
0.8492
0.8649
0.865125
0.870525
0.878575
0.902625
0.9051
0.934475
0.935625
0.940925
0.95735
0.965125
0.981375
0.98995
1.013625
1.069875
1.071775
1.075025
1.1224
1.1345
1.1712
1.221625
1.246525
1.2571
1.271675
1.2742
1.365025
1.394825
1.40295
1.450275
1.453575
1.522575
1.58575
1.6156
1.643975
1.67195
1.68755
1.7288
1.801025
1.87375
1.8798
1.90655
1.93635
1.9397
1.9787
1.998475
2.000275
2.01835
2.144475
2.162975
2.302375
2.3268
2.3493
2.36865
2.399925
2.518075
2.54605
2.548925
2.6033
2.676575
2.682575
2.686725
2.872375
2.902075
2.92555
3.10085
3.2272
3.310325
3.345975
3.419425
3.56685
3.59165
3.703875
3.71555
3.71755
3.76025
3.8884
3.893825
4.0095
4.255475
4.296325
4.49955
4.5244
4.5285
4.54165
4.550475
4.5928
4.60085
4.81405
4.889675
4.899025
5.006825
5.008025
5.022525
5.041025
5.196125
5.21685
5.331625
5.7373
5.8044
5.84975
5.92725
6.31025
6.49485
6.8356
6.871425
6.9921
7.00295
7.398225
7.408325
7.429925
7.666425
7.6802
7.698075
7.7647
7.81415
7.908275
7.9471
7.99675
8.139025
8.28115
8.414775
8.493425
8.620525
8.6445
8.732225
8.92765
8.9344
9.2584
9.30265
9.340825
9.437025
9.5723
171
