0.053625
0.09075
0.1528
0.153825
0.2173
0.459875
0.467875
0.476325
0.4941
0.507775
0.536675
0.552625
0.5566
0.56915
0.6009
0.6333
0.64315
0.655375
0.6853
0.691575
0.69485
0.6965
0.700675
0.7198
0.749075
0.76655
0.77075
0.7766
0.785175
0.786
0.788
0.794925
0.79755
0.81465
0.830575
0.843
0.845825
0.8467
0.852725
0.8581
0.889775
0.900975
0.91215
0.9554
0.9753
0.979525
0.9841
0.989375
0.99735
0.99935
1.0072
1.048375
1.062025
1.09335
1.103675
1.105125
1.12075
1.12825
1.1344
1.1489
1.161275
1.186825
1.196075
1.251075
1.263425
1.309475
1.3343
1.34525
1.35645
1.362375
1.362825
1.402975
1.41235
1.422575
1.50505
1.50765
1.63165
1.658025
1.658475
1.68595
1.694325
1.7015
1.813775
1.82465
1.835825
1.858975
1.909375
1.91875
1.948975
1.969325
1.9753
1.984025
1.9918
2.0052
2.09045
2.092475
2.1474
2.193175
2.22805
2.263625
2.278175
2.3344
2.335025
2.452225
2.567925
2.6918
2.7406
2.793
2.8167
2.852725
2.882375
2.89555
2.968325
2.979125
3.135925
3.153575
3.248125
3.3725
3.423425
3.452975
3.481725
3.57455
3.62015
3.6257
3.671675
3.792225
3.81425
3.844925
3.910725
3.916475
3.9639
3.967
3.979275
4.00545
4.190025
4.35715
4.387175
4.513
4.612375
4.7011
4.717675
4.791775
4.80445
4.8496
4.87375
4.9076
4.950075
5.098475
5.18155
5.2139
5.252825
5.399925
5.474825
5.579925
5.601625
5.67945
5.72765
5.789175
5.807425
5.817575
5.842025
5.881625
6.03545
6.063425
6.11035
6.2048
6.2278
6.2411
6.370225
6.428575
6.458725
6.64495
6.6694
6.670725
6.8513
7.059275
7.241175
7.245375
7.305525
7.330875
7.3557
7.6276
7.75435
7.87905
8.0285
8.231325
8.30775
8.3095
8.327725
8.55185
8.59385
8.7157
8.755475
9.07735
9.134625
9.16695
9.280325
9.3158
9.39775
9.4578
9.467125
9.667625
9.955975
9.95825
204
