0.20775
0.328875
0.346925
0.402275
0.40875
0.409225
0.434825
0.439475
0.4506
0.46865
0.4757
0.49705
0.499825
0.502275
0.512275
0.52405
0.550675
0.56045
0.56625
0.575875
0.58265
0.594875
0.60805
0.621375
0.622825
0.625575
0.6417
0.671225
0.671775
0.67825
0.70195
0.737375
0.755725
0.763075
0.76945
0.78855
0.88945
0.9155
0.92245
0.942325
0.945625
0.950525
0.9829
1.002525
1.02625
1.032
1.033475
1.060075
1.0855
1.096475
1.14275
1.162225
1.17735
1.190425
1.19235
1.19945
1.261625
1.288275
1.32495
1.3558
1.359525
1.360875
1.3792
1.391725
1.4514
1.455325
1.45785
1.4958
1.506325
1.52015
1.538575
1.584375
1.684125
1.691725
1.71405
1.7222
1.754175
1.8403
1.94025
2.001175
2.017775
2.123425
2.200425
2.202925
2.2131
2.234775
2.2591
2.344025
2.396025
2.403475
2.469925
2.513
2.519975
2.57435
2.606475
2.819925
2.847075
2.8865
2.9672
2.9915
3.30105
3.353025
3.3632
3.433
3.4573
3.60525
3.6592
3.714775
3.855775
3.86745
3.8829
3.92295
4.0674
4.16125
4.168125
4.236
4.2457
4.361675
4.375025
4.41235
4.42945
4.4489
4.49825
4.619475
4.73975
4.74405
4.772425
4.804825
4.87135
4.902075
4.9739
5.132225
5.2008
5.206125
5.28335
5.3109
5.349325
5.4898
5.605225
5.633175
5.8716
5.9706
6.009925
6.433875
6.558775
6.569425
6.618325
6.679525
6.7275
6.832725
6.866175
6.92885
6.9871
7.026175
7.2979
7.31665
7.4185
7.619
7.692675
7.887175
7.9665
8.135875
8.31245
8.394025
8.554675
8.706475
8.7108
8.732475
8.774125
8.93525
9.0961
9.122775
9.2623
9.55195
9.921125
175
