0.14175
0.170525
0.329725
0.3386
0.470325
0.474325
0.47525
0.483725
0.50155
0.51975
0.52535
0.526275
0.5387
0.53915
0.56065
0.5616
0.564925
0.568125
0.585425
0.589825
0.595675
0.60935
0.61245
0.63065
0.6371
0.64055
0.640725
0.656325
0.656425
0.679875
0.7071
0.71095
0.7164
0.719175
0.72275
0.752325
0.754875
0.77595
0.77605
0.777825
0.788775
0.794925
0.80025
0.81005
0.82065
0.84955
0.892275
0.91
0.918025
0.91805
0.9358
0.95335
0.972975
1.026825
1.027775
1.034725
1.041425
1.04295
1.068275
1.0864
1.09705
1.106475
1.178525
1.182375
1.207375
1.227675
1.22865
1.28755
1.29165
1.312025
1.33825
1.389475
1.402625
1.419475
1.455575
1.4774
1.563925
1.63955
1.6567
1.679675
1.8385
1.92635
2.03485
2.1592
2.204475
2.26655
2.288675
2.296075
2.35905
2.43055
2.499125
2.52675
2.757425
2.762775
2.89975
2.9783
3.048575
3.094325
3.2408
3.274675
3.31295
3.406725
3.4101
3.50805
3.557925
3.74465
3.75925
3.8419
3.907475
3.9332
4.035775
4.038725
4.1266
4.180875
4.1901
4.240375
4.5705
4.689975
4.76835
4.852075
4.956925
5.1267
5.166525
5.19565
5.2149
5.257525
5.325175
5.34975
5.50595
5.641475
5.680075
5.696575
5.91755
5.966375
5.9691
6.0313
6.0804
6.101
6.10635
6.162025
6.269225
6.453925
6.53835
6.5608
6.578525
6.711375
6.909325
6.939325
6.986875
7.099875
7.227925
7.30235
7.453625
7.5373
7.593425
7.597475
7.678775
7.852175
7.92605
7.97995
7.98115
8.604025
8.60975
8.6311
9.0144
9.325725
9.588
9.835325
9.942575
169
