0.021725
0.5019
0.5077
0.508825
0.5188
0.5269
0.527775
0.553125
0.561575
0.562625
0.57345
0.5745
0.5906
0.595
0.601575
0.6091
0.66605
0.66725
0.69525
0.709875
0.731625
0.749
0.7549
0.761225
0.833975
0.834075
0.8474
0.856025
0.8713
0.8843
0.89665
0.94635
0.948475
0.95675
0.988525
0.9993
1.0113
1.06535
1.0691
1.111225
1.1118
1.1159
1.158825
1.163525
1.175
1.198025
1.20775
1.246475
1.2594
1.2904
1.310575
1.3469
1.38645
1.39195
1.46065
1.47125
1.479225
1.495025
1.560125
1.666175
1.6752
1.704675
1.720025
1.7533
1.7673
2.06055
2.146725
2.3001
2.3719
2.4188
2.4267
2.52295
2.535025
2.58125
2.6047
2.674275
2.73615
2.7412
2.743475
2.8489
2.952
2.995975
3.111275
3.144025
3.202875
3.2327
3.2372
3.263425
3.302625
3.350475
3.442325
3.521775
3.5326
3.585175
3.585825
3.686825
3.798275
3.974525
3.98235
4.002325
4.045525
4.097975
4.1795
4.280025
4.30435
4.424525
4.430575
4.52145
4.60095
4.6011
4.6018
4.639175
4.66005
4.787925
4.834275
4.919975
4.9343
5.07995
5.080925
5.136
5.189425
5.579025
5.7493
5.8526
5.94415
5.9783
6.194625
6.221175
6.28245
6.351625
6.42985
6.590975
6.63275
6.668675
6.88045
6.9103
6.929675
7.096975
7.1907
7.589575
7.6973
8.074075
8.098375
8.28535
8.439525
8.566725
8.59155
8.622125
8.7007
8.73475
8.894525
8.9128
9.03405
9.2312
9.2644
9.453075
9.585475
9.776
9.77955
9.780375
9.925825
9.975825
162
