0.050475
0.22315
0.310125
0.368525
0.46705
0.4705
0.493375
0.497725
0.51385
0.513925
0.519925
0.5301
0.5372
0.538975
0.57135
0.571675
0.575025
0.576425
0.59545
0.603425
0.61415
0.6142
0.614225
0.621375
0.628325
0.632375
0.63475
0.63675
0.65265
0.669
0.6708
0.6897
0.6906
0.7134
0.747625
0.751625
0.78715
0.8144
0.822675
0.82355
0.828425
0.830725
0.843475
0.845275
0.84835
0.865475
0.894475
1.029325
1.05195
1.07075
1.071325
1.092075
1.1151
1.13395
1.144325
1.155325
1.186375
1.195125
1.1958
1.219525
1.32
1.352925
1.359975
1.363175
1.425
1.471575
1.493025
1.5397
1.55435
1.565725
1.659825
1.722325
1.78355
1.9531
1.9761
2.037975
2.08855
2.178425
2.192725
2.340775
2.429125
2.432975
2.437075
2.46195
2.46655
2.4811
2.4936
2.568525
2.6105
2.6142
2.6493
2.652425
2.69275
2.7047
2.71695
2.859525
2.9224
2.978825
2.988025
3.000525
3.08825
3.12735
3.2019
3.233225
3.308775
3.3389
3.357825
3.64445
3.7002
3.714225
3.739975
3.744275
3.8061
3.845725
3.9864
4.08345
4.150675
4.224225
4.37145
4.474875
4.513025
4.5382
4.582975
4.693375
4.750875
4.8132
5.134625
5.16055
5.190025
5.27535
5.315925
5.40995
5.426325
5.485175
5.499575
5.507625
5.70205
5.824575
6.015575
6.112175
6.16375
6.25085
6.2875
6.384975
6.60325
6.70855
6.792225
6.89785
6.909675
7.013975
7.11815
7.126475
7.275275
7.340825
7.462125
7.614525
7.9332
8.13185
8.211025
8.243575
8.6017
8.609525
8.652575
8.7133
8.79525
8.835275
8.9346
8.9969
9.059025
9.147
9.399075
9.5337
9.5607
9.631725
9.81005
9.821825
9.96725
177
