0.0532
0.103575
0.192725
0.251025
0.281525
0.476175
0.487975
0.49315
0.494725
0.511575
0.51215
0.52415
0.54405
0.548725
0.555425
0.5602
0.56615
0.568425
0.57335
0.59075
0.5959
0.604125
0.611875
0.623825
0.63505
0.639075
0.641875
0.654
0.654725
0.655175
0.661925
0.691575
0.6953
0.701375
0.702375
0.709375
0.7141
0.716975
0.727925
0.754425
0.77195
0.774475
0.787125
0.82655
0.837325
0.847975
0.882775
0.8953
0.903925
0.9241
0.9714
0.988925
0.99605
0.996425
0.999025
1.005525
1.014525
1.031875
1.0574
1.059425
1.086
1.1317
1.2228
1.2352
1.2652
1.3228
1.33515
1.41675
1.495025
1.51255
1.52985
1.685325
1.735175
1.7359
1.74445
1.778525
1.838175
1.8411
1.912575
1.931275
1.977025
2.020925
2.14055
2.15175
2.151875
2.27355
2.282825
2.3695
2.39465
2.418125
2.5123
2.518525
2.5522
2.5876
2.6283
2.62945
2.636125
2.71025
2.792575
2.8421
2.86265
2.890225
2.958525
3.00035
3.0845
3.09805
3.1125
3.12635
3.1384
3.1457
3.191975
3.19925
3.2997
3.338425
3.3533
3.3588
3.47245
3.5117
3.5905
3.660775
3.804825
3.818825
3.847525
3.98565
4.003725
4.147375
4.258875
4.429675
4.44095
4.4497
4.581525
4.94555
5.0085
5.089725
5.203875
5.20785
5.26625
5.35695
5.390075
5.60285
5.6701
5.749625
5.920725
6.0293
6.137925
6.1479
6.217325
6.220675
6.33315
6.3577
6.40375
6.54915
6.5677
6.59785
6.908525
6.95895
7.3818
7.453375
7.5561
7.79995
7.912425
7.944875
8.170225
8.273725
8.32275
8.339675
8.4484
8.5057
8.523225
8.603275
8.816675
8.989525
9.10945
9.113975
9.114525
9.201875
9.33265
9.36115
9.4386
9.7717
9.874725
9.9202
9.9641
183
