0.0532
0.1043
0.217225
0.3586
0.360425
0.444575
0.4749
0.507675
0.5092
0.51345
0.535175
0.5422
0.54315
0.551225
0.5597
0.576625
0.578625
0.578725
0.58705
0.597625
0.616575
0.620675
0.630675
0.648625
0.66455
0.675125
0.6844
0.690375
0.695575
0.702475
0.719475
0.724325
0.77445
0.83015
0.8549
0.8789
0.905025
0.9206
0.92725
1.00955
1.011325
1.0169
1.083775
1.10735
1.124375
1.1845
1.2505
1.26185
1.29165
1.294175
1.3309
1.3698
1.452175
1.459425
1.51815
1.51985
1.524975
1.57925
1.65755
1.667725
1.6765
1.735725
1.7472
1.777475
1.807175
1.842725
1.982875
2.0096
2.062825
2.0863
2.111075
2.32785
2.3894
2.511175
2.54385
2.79005
2.801925
2.8325
2.889625
2.9571
3.149175
3.19145
3.244775
3.27785
3.3271
3.347925
3.365575
3.514225
3.51925
3.5525
3.57025
3.632125
3.769575
3.79835
4.011175
4.081175
4.1674
4.205575
4.271725
4.289275
4.441875
4.587825
4.59755
4.618175
4.649875
4.650275
4.736925
4.7656
4.9661
4.995525
5.08635
5.095525
5.12905
5.138875
5.2756
5.3012
5.500125
5.64625
5.6476
5.784175
5.86985
5.90595
5.935025
5.9399
6.0069
6.1047
6.542875
6.5885
6.622675
6.6742
6.75575
6.8436
6.953025
7.010925
7.076675
7.64965
7.826025
7.89015
8.1182
8.15485
8.185975
8.212825
8.261325
8.266775
8.308
8.336325
8.34435
8.3959
8.4114
8.432525
8.535975
8.556575
8.620925
9.126275
9.272075
9.279875
9.3808
9.721125
158
