0.0755
0.163575
0.345225
0.469275
0.48535
0.4877
0.5098
0.5135
0.5197
0.529175
0.55475
0.569875
0.57205
0.5772
0.583625
0.593925
0.606525
0.618875
0.6214
0.6284
0.633275
0.6427
0.648775
0.663825
0.6929
0.694925
0.69695
0.733375
0.74935
0.75375
0.807575
0.81815
0.84385
0.873375
0.8796
0.91275
0.919025
0.947275
0.9568
0.965
0.97445
0.974675
1.001025
1.0098
1.010825
1.0233
1.024025
1.0416
1.047075
1.055025
1.064925
1.15755
1.194575
1.2456
1.286375
1.31795
1.359275
1.381
1.4005
1.438775
1.463025
1.475725
1.527675
1.567975
1.5882
1.623375
1.6561
1.6567
1.68995
1.771975
1.779875
1.786775
1.843225
1.867575
2.0001
2.07855
2.184075
2.331225
2.332325
2.359575
2.4156
2.581625
2.589675
2.72355
2.753525
2.917125
3.16875
3.1882
3.2228
3.413175
3.56085
3.566975
3.5875
3.599775
3.627775
3.6404
3.710275
3.771
3.78085
3.8665
3.8968
3.931425
3.975825
3.986975
3.9991
4.02695
4.0605
4.077025
4.091075
4.12715
4.18615
4.299325
4.699325
4.704
4.727375
4.796775
4.8379
4.8983
4.96715
5.07935
5.118625
5.458925
5.475325
5.545725
5.55145
5.62265
5.67035
5.73025
5.90605
6.034525
6.042575
6.3271
6.40515
6.606975
6.612175
6.743175
6.883025
6.894575
7.02795
7.131425
7.30265
7.421975
7.606875
7.6127
7.773775
7.8067
7.8745
7.88925
8.0547
8.076725
8.1321
8.45575
8.6758
8.7036
8.837425
8.9277
8.92955
9.0622
9.27275
9.329975
9.355025
9.36875
9.632975
9.7685
9.817725
9.856025
166
