0.12595
0.329725
0.39215
0.457175
0.460875
0.470625
0.4944
0.495475
0.5068
0.516425
0.540075
0.544225
0.5457
0.55695
0.557875
0.565325
0.569725
0.58375
0.608525
0.62125
0.650025
0.6683
0.68395
0.699925
0.703675
0.762375
0.78225
0.8433
0.85935
0.8749
0.8774
0.879875
0.884925
0.900375
0.928975
0.9304
0.943275
0.955
0.99345
1.001025
1.08155
1.1192
1.1318
1.137775
1.166675
1.17
1.188525
1.2192
1.221275
1.30015
1.339975
1.340575
1.35765
1.441275
1.446275
1.47445
1.4866
1.488175
1.653225
1.72835
1.767225
1.912825
1.948325
2.052675
2.126025
2.2059
2.22655
2.304925
2.3165
2.361175
2.363325
2.4591
2.50215
2.577275
2.6364
2.670125
2.68135
2.693825
2.700675
2.72565
2.833425
3.19315
3.236
3.2586
3.30775
3.39815
3.422
3.625925
3.682175
3.69815
3.7645
3.8422
3.872825
3.958375
3.969325
4.02715
4.067
4.148
4.241875
4.360975
4.37305
4.449075
4.46435
4.475525
4.487125
4.913975
5.12305
5.1425
5.15075
5.2023
5.21875
5.239925
5.393375
5.559775
5.706675
5.8562
6.005425
6.0241
6.18975
6.266925
6.3254
6.579475
6.634425
6.69085
6.933225
7.0663
7.077075
7.103125
7.29875
7.4469
7.748375
7.8679
7.896775
7.9268
8.031325
8.04305
8.180525
8.311725
8.387425
8.43715
8.5876
8.769375
8.7853
9.311075
9.4124
9.540975
9.5867
9.612925
9.726775
9.75695
9.765325
9.7688
9.793725
9.84425
9.845075
9.85945
156
