0.180925
0.34265
0.430525
0.45775
0.459525
0.46905
0.5042
0.516625
0.52815
0.5527
0.554375
0.5805
0.5941
0.60275
0.604925
0.613175
0.6182
0.622
0.626875
0.6493
0.667425
0.679825
0.687075
0.76425
0.772875
0.79055
0.79375
0.80065
0.811775
0.817125
0.83235
0.845675
0.885925
0.931025
0.939025
0.948575
0.9624
0.999875
1.08535
1.0936
1.095925
1.0979
1.144775
1.15175
1.158525
1.174375
1.20905
1.23105
1.2715
1.300625
1.3747
1.391675
1.43635
1.508675
1.5368
1.563775
1.609175
1.6332
1.65695
1.749825
1.874625
1.8972
1.903375
1.9683
1.969025
1.986525
2.04845
2.13135
2.15445
2.171075
2.243675
2.269025
2.439575
2.47835
2.604325
2.6878
2.698425
2.77725
2.815525
2.86055
2.896125
2.93675
3.009125
3.0184
3.191825
3.198575
3.220875
3.229
3.282725
3.33325
3.348125
3.358825
3.389925
3.46405
3.4789
3.495775
3.60435
3.7513
3.86515
3.93795
4.041925
4.052675
4.0539
4.113
4.2002
4.245425
4.314125
4.31435
4.321025
4.56945
4.59185
4.64825
4.694675
4.7321
4.8382
4.92795
5.163425
5.19485
5.218325
5.307575
5.31855
5.464825
5.46715
5.600675
5.612075
5.79125
5.808575
5.94905
5.971475
6.157225
6.41195
6.4314
6.682475
6.79355
7.02445
7.1738
7.27705
7.377825
7.4562
7.486
7.579775
7.753925
8.037375
8.090425
8.284775
8.353425
8.35585
8.5551
8.7317
8.861125
9.18595
9.212225
9.231975
9.291525
9.342425
9.5981
9.7367
9.7789
158
