0.0852
0.474725
0.484125
0.485825
0.497025
0.536175
0.5397
0.5415
0.548075
0.5888
0.595375
0.6212
0.651775
0.672675
0.676925
0.698175
0.716975
0.726625
0.72725
0.727325
0.7318
0.738325
0.7552
0.78025
0.86755
0.875
0.8837
0.8861
0.909225
0.9096
0.923075
0.979325
0.98465
1.040875
1.0716
1.0849
1.1392
1.156075
1.1585
1.17055
1.189975
1.192075
1.2373
1.290475
1.297825
1.394925
1.42605
1.466825
1.4876
1.51135
1.587975
1.612275
1.655675
1.71325
1.715975
1.84985
1.91265
1.998225
1.9997
2.02185
2.024175
2.048375
2.059575
2.061875
2.11245
2.11835
2.137825
2.1385
2.167625
2.380625
2.3832
2.407925
2.41455
2.440875
2.4859
2.4952
2.502975
2.567375
2.6248
2.709875
2.792825
2.939375
2.956425
3.026925
3.108525
3.142175
3.3374
3.40615
3.445825
3.483925
3.48795
3.5514
3.65035
3.749975
3.784975
3.7984
3.988175
4.13625
4.1854
4.20545
4.3081
4.33235
4.37535
4.548175
4.600375
4.63105
4.650775
4.6776
5.120375
5.205775
5.524725
5.560375
5.579325
5.662275
5.708425
5.728075
5.904925
5.99785
6.22205
6.417925
6.826775
6.836425
6.913175
7.0574
7.126375
7.216775
7.259025
7.390425
7.501525
7.5602
7.640275
7.75465
7.87285
7.94615
7.952225
8.017975
8.390975
8.528125
8.64065
8.768125
8.829475
9.096025
9.5465
9.633275
9.68065
9.7995
9.8204
9.898275
148
