0.1506
0.29855
0.33975
0.3825
0.47205
0.4802
0.483225
0.49295
0.495575
0.510425
0.51805
0.52515
0.530875
0.5571
0.559475
0.55985
0.582175
0.585825
0.5921
0.5929
0.597975
0.60535
0.6087
0.62265
0.63635
0.649
0.650225
0.657425
0.676125
0.679375
0.6825
0.7158
0.718175
0.730025
0.751925
0.75795
0.773625
0.7871
0.82005
0.82495
0.8302
0.8334
0.9001
0.9218
0.982525
1.077975
1.091375
1.098875
1.10365
1.121225
1.136225
1.191125
1.19515
1.249275
1.251925
1.2551
1.265625
1.267675
1.284075
1.4579
1.4786
1.5475
1.5682
1.5705
1.58195
1.65185
1.699125
1.828725
1.941325
1.9523
1.97945
2.025225
2.026875
2.116325
2.1628
2.164075
2.19685
2.224075
2.2759
2.308075
2.383175
2.38335
2.4079
2.4131
2.43255
2.454625
2.642475
2.66355
2.751
2.7549
2.7906
2.8345
2.872925
2.922125
3.110825
3.222875
3.329225
3.330225
3.350775
3.36675
3.38995
3.41275
3.4805
3.56225
3.58675
3.766875
3.79875
3.830975
3.925825
3.9665
3.99005
3.995725
4.005775
4.02965
4.10285
4.145625
4.2087
4.2094
4.2192
4.252525
4.482775
4.56815
4.598075
4.821725
5.0544
5.08755
5.1017
5.185325
5.230225
5.236025
5.29135
5.339675
5.367
5.488875
5.559575
5.729125
6.0349
6.039225
6.20675
6.3271
6.330275
6.411575
6.4212
6.458425
6.46855
6.495925
6.51705
6.5805
6.62975
6.64855
6.665725
6.6998
7.165325
7.210425
7.3233
7.371925
7.430825
7.54255
7.646525
7.64835
7.75425
8.11615
8.2028
8.256675
8.37015
8.867575
9.092625
9.27155
9.446425
9.46905
9.509875
9.69955
9.95055
173
