0.0209
0.26475
0.2919
0.420475
0.4241
0.45515
0.483725
0.487625
0.4945
0.49955
0.521475
0.5365
0.539175
0.53925
0.5443
0.545125
0.547125
0.5486
0.5519
0.5726
0.575075
0.60015
0.610025
0.6701
0.671525
0.687475
0.6896
0.69855
0.7174
0.7197
0.734725
0.73955
0.740275
0.743675
0.77815
0.7792
0.846425
0.86125
0.87085
0.893225
0.90975
0.92175
0.933925
0.9942
1.01
1.018425
1.026375
1.071975
1.128925
1.136725
1.159975
1.20045
1.231875
1.31455
1.3154
1.345375
1.36825
1.384625
1.466975
1.54765
1.550275
1.63445
1.6493
1.69335
1.818825
1.9097
1.954875
1.956525
1.98745
1.99265
1.999
2.068825
2.1684
2.2217
2.2809
2.282825
2.370275
2.3795
2.383625
2.407625
2.5031
2.5292
2.5484
2.589575
2.638075
2.755625
2.86805
2.878825
2.920375
2.9454
2.985325
3.167
3.19505
3.2383
3.3337
3.38085
3.466025
3.57155
3.656375
3.658325
3.7034
3.731725
3.796775
3.897125
3.9435
3.97415
3.981225
4.08395
4.085275
4.232775
4.5285
4.6722
4.702675
4.78335
4.940325
4.94095
4.941225
5.59105
5.6056
5.6412
5.87975
5.898325
6.0115
6.0144
6.1558
6.173025
6.19515
6.428175
6.5909
6.6193
7.275625
7.3311
7.5385
7.839
7.846075
7.882025
7.924825
8.1074
8.124425
8.165525
8.341625
8.49305
8.507875
8.524625
8.718025
8.85285
8.87345
8.910525
9.111375
9.2397
9.24545
9.8113
9.926675
153
