0.1464
0.2145
0.439275
0.47715
0.478725
0.485725
0.503475
0.527425
0.530775
0.536175
0.536825
0.560075
0.566275
0.56665
0.5736
0.58675
0.605625
0.611425
0.64045
0.6406
0.651775
0.6608
0.6727
0.6759
0.6784
0.681925
0.688
0.695225
0.698525
0.7312
0.735275
0.7602
0.7847
0.794975
0.844125
0.885
0.88775
0.920575
0.921775
0.9696
0.986125
1.01575
1.02545
1.034425
1.08315
1.119625
1.1271
1.13975
1.152225
1.282925
1.3174
1.4224
1.42435
1.5449
1.56015
1.65875
1.68985
1.79245
1.809325
1.8543
1.85875
1.882925
1.88995
1.892025
2.04265
2.10855
2.108975
2.148525
2.1595
2.1652
2.2157
2.325225
2.401725
2.622125
2.6342
2.7546
2.7575
2.7584
2.8172
2.868275
3.1112
3.1169
3.145125
3.2386
3.2833
3.3021
3.474675
3.761525
3.78195
3.790875
3.834
3.860375
3.890225
3.92895
3.9697
3.987525
4.008275
4.05535
4.101575
4.1998
4.206125
4.369825
4.50405
4.59475
4.598725
4.600675
4.628275
5.05865
5.087875
5.1139
5.1506
5.15205
5.2821
5.5291
5.53275
5.66875
5.677525
5.741675
5.90345
5.9716
6.042525
6.291575
6.39225
6.5366
6.666925
6.729525
6.743725
6.7762
6.8114
6.910225
6.926525
7.2294
7.2768
7.462725
7.46535
7.679225
7.71645
7.85155
7.919125
7.92255
7.947775
8.07095
8.14975
8.359225
8.3985
8.447
8.6343
8.803525
8.85935
8.94125
9.03635
9.545125
9.6389
9.80285
9.863975
9.88625
156
