0.1717
0.251475
0.4024
0.41865
0.44575
0.490425
0.5071
0.51135
0.518075
0.528375
0.529075
0.530425
0.533375
0.544425
0.579525
0.592625
0.5935
0.5948
0.596325
0.642875
0.65305
0.65925
0.671175
0.676825
0.6881
0.70445
0.7202
0.7292
0.754425
0.78285
0.786225
0.8213
0.833425
0.839075
0.8619
0.891525
0.966875
0.9774
0.9802
0.997825
1.064625
1.08165
1.131275
1.151625
1.188375
1.20135
1.22375
1.2356
1.2381
1.239125
1.34535
1.42665
1.479
1.486325
1.528875
1.6791
1.720975
1.801225
1.87025
1.939375
1.9582
1.962325
1.96515
2.167625
2.185175
2.19595
2.218075
2.2307
2.233475
2.2829
2.438625
2.504875
2.597375
2.618
2.746825
2.784675
2.80025
2.8589
2.89165
2.914
2.930925
2.956
2.967925
2.97105
3.112725
3.129975
3.176425
3.239925
3.286525
3.41385
3.42515
3.45135
3.50635
3.524875
3.65745
3.826
3.9901
4.057425
4.146225
4.19575
4.385475
4.4765
4.626725
4.687775
4.7517
4.7905
4.805575
4.822
4.923575
4.99375
5.0829
5.416475
5.431775
5.510525
5.5439
5.568575
5.595125
5.677225
6.0945
6.298725
6.573275
6.836525
6.983925
7.204475
7.606925
7.718225
7.783225
7.79605
7.9204
7.934125
8.260925
8.327575
8.504125
8.54415
8.556775
8.59025
8.768275
8.8957
9.25005
9.45465
140
