0.20775
0.4001
0.409825
0.41765
0.459875
0.48015
0.487425
0.538125
0.544
0.546475
0.568325
0.570375
0.577175
0.5807
0.584325
0.585225
0.587775
0.588675
0.595775
0.616675
0.66095
0.66205
0.673925
0.6807
0.698575
0.739425
0.741075
0.76075
0.767225
0.7679
0.78155
0.7961
0.798575
0.808525
0.8099
0.811175
0.819325
0.82505
0.884925
0.9302
0.93795
0.946475
0.9586
0.967875
0.987925
0.992525
0.999675
1.0077
1.02455
1.0627
1.08075
1.12485
1.17445
1.1978
1.209
1.213375
1.216375
1.272875
1.3217
1.398375
1.4269
1.44545
1.4697
1.534525
1.623875
1.714625
1.72215
1.72295
1.834525
1.93
1.955575
1.975725
2.012375
2.02995
2.079275
2.100125
2.17105
2.20955
2.4359
2.476675
2.4794
2.539425
2.592575
2.64445
2.669875
2.740075
2.746525
2.7718
2.925675
2.971025
3.083975
3.09575
3.118525
3.12025
3.126925
3.1429
3.2648
3.38475
3.386325
3.49785
3.7694
3.9517
3.98485
3.993875
4.19665
4.2309
4.29005
4.31015
4.31925
4.3497
4.4083
4.467
4.584275
4.756275
4.958825
5.027525
5.030525
5.08265
5.171825
5.221575
5.27005
5.480075
5.486875
5.586725
5.6138
5.70215
5.843225
5.9077
6.004675
6.072525
6.083125
6.372775
6.4534
6.517675
6.6408
6.7682
6.84625
6.911
6.9568
7.13175
7.2507
7.42045
7.501725
7.629875
7.8724
7.9089
8.054975
8.05535
8.1054
8.183025
8.230325
8.273725
8.373975
8.4034
8.4429
8.46075
8.6018
8.8193
8.9735
9.0277
9.0935
9.19915
9.3991
9.41365
9.721825
9.7289
9.761
9.848925
168
