0.34525
0.471175
0.4878
0.49335
0.4958
0.4977
0.4994
0.501075
0.509475
0.523675
0.529625
0.53345
0.53745
0.54645
0.546625
0.57195
0.571975
0.586175
0.59505
0.596775
0.59685
0.60925
0.6108
0.671625
0.67655
0.67705
0.680025
0.68365
0.696825
0.722875
0.7271
0.730625
0.7343
0.738175
0.742325
0.755
0.77415
0.786275
0.78825
0.80405
0.804975
0.82905
0.8582
0.86055
0.8742
0.912225
0.930475
0.94475
0.95695
0.960325
0.99995
1.034925
1.055525
1.071725
1.073725
1.086325
1.111275
1.134475
1.17535
1.1784
1.2266
1.257875
1.262325
1.269125
1.30715
1.36225
1.364625
1.3783
1.401275
1.493725
1.522825
1.53315
1.536825
1.594675
1.617975
1.6289
1.708775
1.712025
1.762575
1.830925
1.858925
1.909725
1.934625
1.97495
2.02245
2.111575
2.19025
2.19975
2.21255
2.247825
2.275525
2.317925
2.3495
2.448725
2.455
2.48395
2.5506
2.607575
2.6259
2.683025
2.70455
2.7478
2.82615
2.95925
3.026425
3.1401
3.2029
3.243025
3.250625
3.32425
3.341475
3.6495
3.656075
3.70175
3.84855
3.9588
3.973125
3.978325
4.075825
4.110025
4.185975
4.251425
4.2592
4.2656
4.304225
4.36765
4.4702
4.64215
4.6862
4.9921
5.0894
5.1548
5.266925
5.32385
5.392525
5.4235
5.453025
5.611725
5.750825
5.7579
5.850775
5.88425
5.923675
6.0748
6.09565
6.232775
6.289275
6.515825
6.580325
6.8352
7.0501
7.104075
7.27145
7.312325
7.403975
7.47425
7.72815
7.9691
8.09175
8.209525
8.25485
8.32465
8.564725
8.584325
8.771875
8.921675
9.020975
9.36765
9.431075
9.455575
9.57675
9.86205
9.89975
173
