0.03565
0.487625
0.488625
0.490525
0.505675
0.509925
0.5201
0.533725
0.53745
0.587825
0.594125
0.595825
0.61595
0.6253
0.6296
0.655925
0.667275
0.673625
0.6739
0.6876
0.697725
0.70005
0.750425
0.77685
0.791325
0.802725
0.852975
0.8809
0.8845
0.909175
0.9278
0.982525
1.046925
1.1021
1.13355
1.134975
1.14015
1.211725
1.25485
1.2566
1.32775
1.351275
1.37565
1.376775
1.376925
1.3969
1.493
1.606
1.6411
1.658825
1.681625
1.730525
1.809725
1.836925
1.878075
1.94125
1.95505
1.956275
2.0271
2.117775
2.136975
2.2534
2.3683
2.36965
2.38845
2.479275
2.493375
2.57495
2.5813
2.59705
2.63325
2.699525
2.75905
2.8164
2.857575
2.88215
2.921275
2.9338
2.9365
3.144325
3.213525
3.2339
3.252275
3.2786
3.292125
3.377425
3.409875
3.423425
3.45055
3.528025
3.66275
3.707475
3.781675
3.8667
3.895425
3.9399
3.9541
4.082275
4.108525
4.191125
4.24805
4.38515
4.391425
4.409475
4.5856
4.60815
4.611625
4.62995
4.681925
4.687425
4.92735
5.002175
5.047575
5.100225
5.302175
5.3407
5.492425
5.63115
5.730075
5.8382
5.868075
6.107825
6.1899
6.27235
6.284675
6.31275
6.318225
6.329975
6.448925
6.580125
6.7394
6.8111
6.83505
7.005825
7.01975
7.029225
7.05685
7.0893
7.11575
7.206225
7.215525
7.24515
7.360375
7.4893
7.4994
7.524325
7.562725
7.726275
7.7371
7.74615
8.096475
8.1246
8.190075
8.239175
8.31095
8.401975
8.436575
8.4999
8.585275
8.645825
8.772925
8.81405
8.831375
8.9805
9.044725
9.130725
9.641
9.710625
9.92815
169
