0.04445
0.1905
0.268125
0.279525
0.425425
0.4393
0.44965
0.451075
0.4704
0.487575
0.50055
0.514025
0.547
0.550475
0.55135
0.551725
0.55915
0.567
0.6059
0.634025
0.638975
0.646125
0.668825
0.673475
0.673575
0.689425
0.7151
0.71755
0.7403
0.742475
0.743575
0.7488
0.77985
0.78395
0.798225
0.81115
0.81135
0.824275
0.832725
0.85325
0.881625
0.920075
0.9469
0.95135
0.9878
0.998575
1.01675
1.01965
1.033975
1.044275
1.0546
1.08265
1.100075
1.124175
1.133325
1.30995
1.311325
1.31325
1.3385
1.33925
1.36525
1.38965
1.39695
1.4202
1.4205
1.424425
1.43275
1.477325
1.5081
1.60395
1.65615
1.673525
1.76045
1.7809
1.889325
1.927075
1.9697
1.9814
1.99505
2.0201
2.141425
2.216475
2.272
2.47465
2.538075
2.574925
2.736625
2.77055
2.817525
2.86315
2.915825
2.930125
2.9868
2.99975
3.062975
3.08585
3.18455
3.303075
3.3093
3.617925
3.74905
3.7511
3.7567
3.780775
3.882425
3.91515
3.96825
4.0293
4.12655
4.1335
4.231175
4.383325
4.548975
4.5723
4.659275
4.8518
4.937975
5.092375
5.094675
5.12385
5.19195
5.197675
5.217775
5.224275
5.26795
5.273925
5.42
5.45915
5.54775
5.710975
5.7481
5.759375
5.925675
5.99265
6.092825
6.0976
6.160275
6.226225
6.370675
6.536825
6.555275
6.570325
6.603125
6.7715
6.78715
6.8897
6.973825
7.041
7.146675
7.372425
7.4767
7.539225
7.6851
7.745675
7.768325
8.13235
8.2217
8.244175
8.32685
8.336275
8.404225
8.6442
8.673625
8.7215
8.727
8.957425
9.11335
9.1471
9.21365
9.354525
9.405525
9.498225
9.631575
9.6727
174
