0.023
0.0693
0.188375
0.4119
0.452775
0.49605
0.504875
0.513625
0.523325
0.52805
0.53405
0.53485
0.536675
0.554025
0.557975
0.56605
0.566625
0.59785
0.600225
0.60525
0.61325
0.617875
0.620725
0.6326
0.63575
0.64105
0.646375
0.647725
0.652475
0.6586
0.691525
0.702
0.721175
0.73065
0.733325
0.773575
0.77675
0.825525
0.83815
0.8388
0.85445
0.87075
0.8829
0.903175
0.9105
0.91315
0.920975
0.931625
0.95105
0.984475
0.98675
0.99145
1.010025
1.012425
1.055975
1.066325
1.08925
1.094
1.153775
1.22805
1.325375
1.3679
1.37535
1.4972
1.54125
1.564525
1.749825
1.75775
1.8384
1.99095
2.0039
2.0722
2.10285
2.130525
2.135925
2.146925
2.22205
2.263225
2.399275
2.500475
2.55
2.712025
2.7184
2.766925
2.8233
2.873825
2.8867
2.90825
2.92865
3.01125
3.01505
3.23475
3.307275
3.378975
3.383625
3.386
3.3971
3.3979
3.398625
3.399325
3.4124
3.43295
3.491475
3.535875
3.747375
3.782875
3.883525
3.9086
3.948825
3.986275
4.210425
4.346625
4.358075
4.5552
4.6224
4.7205
4.75135
4.7767
4.803075
4.9452
5.147975
5.263375
5.32235
5.326275
5.3472
5.4869
5.715025
5.781225
6.18045
6.207725
6.29185
6.390125
6.43265
6.57645
6.66885
6.7168
6.719675
6.763525
6.779675
6.792675
6.803925
6.9003
7.065075
7.1624
7.20725
7.2329
7.2587
7.39275
7.4074
7.6154
7.67615
7.88295
8.1568
8.25605
8.28315
8.74485
8.876625
8.9401
8.94415
9.089675
9.09775
9.1895
9.2411
9.254325
9.3962
9.470575
9.48785
9.533575
9.614325
9.6579
9.776675
9.90955
9.93115
173
