0.0454
0.054075
0.06
0.189975
0.268575
0.3988
0.404425
0.407875
0.4672
0.495025
0.502225
0.507975
0.510375
0.51335
0.514275
0.515325
0.52305
0.536025
0.55395
0.574475
0.608975
0.61115
0.614325
0.622725
0.625625
0.6297
0.646675
0.647575
0.655725
0.68005
0.713325
0.725875
0.7315
0.73955
0.74125
0.76865
0.779125
0.783475
0.870325
0.88075
0.9066
0.92225
0.967475
0.97645
0.981125
0.993175
1.000275
1.0377
1.070675
1.079025
1.085925
1.1029
1.118225
1.156225
1.1901
1.270725
1.27845
1.361225
1.38225
1.411925
1.41325
1.4338
1.4497
1.474675
1.546825
1.645675
1.66185
1.743275
1.783125
1.913375
1.957875
2.042625
2.055225
2.075125
2.186575
2.265275
2.295825
2.35635
2.40885
2.464925
2.47045
2.478
2.5367
2.542675
2.555325
2.596825
2.715825
2.862125
2.9365
3.005
3.0123
3.037
3.136325
3.166
3.204875
3.22185
3.241075
3.2504
3.263825
3.27775
3.3003
3.315875
3.3177
3.343
3.5835
3.6405
3.76635
3.839025
3.888875
3.9223
3.947125
3.9509
3.9891
4.06155
4.20415
4.263425
4.273075
4.293575
4.3414
4.345975
4.44275
4.5711
4.61035
4.666475
4.6684
4.760625
4.93095
5.0047
5.078625
5.22185
5.280525
5.43725
5.451475
5.4536
5.61425
5.70625
5.751225
5.7784
5.799275
5.813475
5.973175
5.9849
6.019425
6.12535
6.1647
6.211
6.22195
6.234925
6.4066
6.68645
6.69985
6.833225
6.8835
7.018975
7.070075
7.21405
7.339925
7.386175
7.711925
7.7772
7.862875
7.883675
8.051425
8.341825
8.442375
8.4582
8.469225
8.583625
8.966875
9.004225
9.1106
9.341925
9.39535
9.4679
9.476125
9.494075
9.49585
9.5499
9.647025
9.67605
9.742225
9.780325
9.8822
9.9235
9.978925
185
