0.05045
0.1485
0.1683
0.184275
0.2989
0.40985
0.4527
0.45935
0.50365
0.50415
0.507575
0.51425
0.518125
0.525375
0.532925
0.5477
0.553
0.55405
0.556475
0.5588
0.573725
0.57785
0.5976
0.599575
0.606275
0.61975
0.6295
0.641025
0.648175
0.653425
0.664075
0.68185
0.710025
0.72065
0.733225
0.7408
0.7442
0.748625
0.769675
0.7796
0.809425
0.8146
0.831375
0.841175
0.84905
0.866225
0.875275
0.892775
0.902675
0.9081
0.9219
0.949875
0.9538
0.973575
0.982825
0.98495
0.99885
1.0016
1.001975
1.023325
1.0478
1.05575
1.0562
1.0582
1.087875
1.1189
1.145575
1.152575
1.1607
1.165675
1.1729
1.176475
1.178225
1.181875
1.19545
1.263925
1.29605
1.296725
1.296825
1.317175
1.358375
1.379
1.43285
1.440025
1.537325
1.67585
1.796875
1.8735
1.87915
2.0669
2.105875
2.114775
2.1172
2.16445
2.1808
2.206875
2.22315
2.2425
2.32135
2.4142
2.444675
2.5388
2.58335
2.6517
2.660075
2.661475
2.697425
2.7462
2.795
2.866425
2.975475
3.244425
3.340125
3.341525
3.366075
3.403225
3.672275
3.7776
3.77885
3.949175
4.032825
4.0729
4.11835
4.1204
4.499925
4.506575
4.57405
4.57685
4.63855
4.6491
4.654325
4.727575
4.831475
4.85895
4.995475
5.034475
5.062675
5.10565
5.1771
5.704925
5.800875
5.843725
5.9903
6.1423
6.143675
6.279975
6.2968
6.458
6.647075
6.67715
6.92535
7.29845
7.3954
7.484
7.650375
7.763625
7.78215
8.332625
8.408475
8.4189
8.58075
8.74865
8.8116
8.8269
9.344025
9.3602
9.528125
9.541875
168
