0.158525
0.164925
0.4524
0.4614
0.484925
0.493375
0.5095
0.51615
0.54915
0.5555
0.559225
0.572175
0.5964
0.60415
0.643925
0.645425
0.6544
0.657175
0.6658
0.68175
0.684225
0.6924
0.72445
0.727475
0.7285
0.734925
0.7363
0.73985
0.744975
0.76895
0.770575
0.776025
0.809775
0.83515
0.847025
0.889475
0.925925
0.957975
1.01805
1.0211
1.086125
1.08765
1.112375
1.1195
1.121725
1.128725
1.1685
1.2699
1.27195
1.28495
1.304375
1.314125
1.3369
1.44145
1.48055
1.4806
1.48515
1.593275
1.610575
1.63445
1.654375
1.70555
1.7259
1.72625
1.740625
1.748325
1.75935
1.827675
1.8791
1.95605
1.9734
2.1418
2.1441
2.2096
2.38535
2.39765
2.397725
2.40905
2.488325
2.514
2.5454
2.598225
2.665725
2.70645
2.90305
2.910425
3.097225
3.1174
3.118275
3.378275
3.45015
3.476175
3.479475
3.52175
3.576525
3.5901
3.7825
3.85425
3.857625
3.8672
3.899
3.937175
3.965525
4.102675
4.16745
4.194975
4.277625
4.28885
4.331
4.43685
4.4466
4.484175
4.554325
4.81985
4.84015
4.870625
4.903225
4.9352
4.98675
5.217675
5.263425
5.27855
5.29635
5.4728
5.544725
5.683675
5.817025
5.88145
6.02975
6.0346
6.15015
6.433425
6.499025
6.531025
6.712875
6.842275
6.886575
7.01955
7.454425
7.92635
8.112875
8.19365
8.195825
8.47345
8.550625
8.5534
8.636925
8.82105
8.9178
9.02945
9.035225
9.339425
9.368075
9.3707
9.4088
9.572325
9.9184
157
