0.004825
0.01875
0.062425
0.152725
0.257675
0.277275
0.4297
0.4687
0.479825
0.480525
0.48275
0.4974
0.502925
0.503325
0.503775
0.51485
0.524525
0.535475
0.5406
0.55205
0.55935
0.56005
0.562125
0.562625
0.566475
0.568225
0.56975
0.59965
0.682425
0.6979
0.707125
0.71105
0.716125
0.721425
0.737525
0.756125
0.759675
0.761775
0.764325
0.77305
0.7779
0.793175
0.79595
0.86175
0.86375
0.8852
0.892475
0.912175
0.912575
0.953225
0.9985
1.018475
1.03705
1.050825
1.0703
1.07105
1.11865
1.158425
1.168875
1.183675
1.21135
1.2598
1.260875
1.267425
1.333875
1.352125
1.394225
1.397
1.40035
1.441575
1.489375
1.5218
1.66315
1.811825
1.8691
1.89835
1.975475
2.0065
2.02905
2.0687
2.08105
2.125075
2.139275
2.2033
2.233525
2.24375
2.28985
2.38055
2.40775
2.4135
2.469475
2.50045
2.52845
2.539025
2.69505
2.72795
2.7876
2.839475
2.8408
2.8682
2.87695
2.891725
2.957475
3.084
3.1314
3.13655
3.14355
3.1697
3.2627
3.283075
3.302025
3.341975
3.4476
3.486775
3.490875
3.697425
3.703125
3.7204
3.90215
3.91415
3.9347
3.986
4.2459
4.275925
4.34335
4.620325
4.658175
4.6783
4.88325
4.9323
5.16015
5.165575
5.331575
5.369325
5.44215
5.528825
5.544375
5.7329
6.04435
6.229525
6.2471
6.333675
6.636975
6.64315
6.97155
7.040575
7.07815
7.44905
7.558725
7.686475
7.7412
7.747225
7.7991
7.920925
7.998525
8.0838
8.1725
8.227475
8.31245
8.331875
8.40015
8.4538
8.59725
9.0181
9.37805
9.52205
9.77045
9.817925
168
