0.033
0.25865
0.400125
0.447925
0.46245
0.482675
0.4845
0.4859
0.488325
0.488525
0.493675
0.497225
0.499575
0.5171
0.52555
0.52575
0.538025
0.552675
0.55625
0.561975
0.564525
0.56805
0.587675
0.5988
0.608
0.6287
0.637875
0.638075
0.64045
0.667275
0.67845
0.68455
0.699025
0.717925
0.742475
0.760525
0.784125
0.78525
0.792775
0.797225
0.803575
0.80645
0.82815
0.870375
0.894975
0.930925
0.932875
0.94175
0.94875
0.962875
0.968975
0.9763
0.984775
1.00675
1.01675
1.04125
1.0421
1.06085
1.108725
1.126775
1.16865
1.171
1.171775
1.180775
1.1957
1.271425
1.271625
1.2728
1.289225
1.31705
1.33335
1.34845
1.365925
1.4306
1.57545
1.61285
1.63735
1.654575
1.743725
1.879525
1.940725
1.9506
2.018875
2.023725
2.028725
2.060475
2.15315
2.18315
2.224075
2.30375
2.3746
2.4091
2.417125
2.488475
2.49895
2.66165
2.7001
2.83375
2.83415
2.880275
2.89295
2.9558
2.9801
3.113325
3.150825
3.4076
3.425
3.60175
3.64125
3.757875
3.781675
3.784575
3.7859
3.838175
3.976625
3.9882
4.027925
4.06745
4.131025
4.15575
4.262
4.290725
4.320825
4.360825
4.6378
4.74875
4.902825
4.978275
5.35075
5.360275
5.37495
5.391325
5.4737
5.5443
5.763175
5.827575
5.858
5.978875
6.025575
6.039725
6.06565
6.241125
6.34425
6.381825
6.478625
7.0749
7.206
7.3626
7.5369
7.608125
7.664825
7.806925
8.02285
8.11535
8.7636
8.827575
8.881975
9.15395
9.2442
9.307425
9.32865
9.3621
9.466525
9.47005
9.6886
9.7132
9.84295
9.86385
9.875325
9.898125
9.963775
171
