0.125975
0.20055
0.421775
0.43255
0.453325
0.468425
0.50195
0.5043
0.5046
0.505825
0.5358
0.55515
0.556525
0.556675
0.568225
0.570125
0.59835
0.64035
0.64175
0.654525
0.655175
0.6672
0.67665
0.682975
0.68935
0.689475
0.7095
0.70975
0.7525
0.76065
0.7892
0.806275
0.8226
0.823975
0.82565
0.833525
0.835675
0.8411
0.880225
0.895
0.914575
0.929925
0.9343
1.0661
1.0705
1.140875
1.1776
1.204425
1.206025
1.231125
1.269475
1.296925
1.306575
1.399525
1.44505
1.486025
1.503925
1.510075
1.577125
1.581525
1.593675
1.619075
1.670375
1.67295
1.720825
1.723475
1.728375
1.767975
1.93055
2.03375
2.181775
2.208975
2.387325
2.406525
2.469325
2.536175
2.53855
2.59695
2.658725
2.958175
2.960475
3.03055
3.039625
3.144075
3.14895
3.18795
3.199575
3.286175
3.3209
3.5004
3.6147
3.64215
3.712025
3.78
4.048675
4.1335
4.14035
4.324775
4.3544
4.43245
4.61465
4.766575
4.830775
5.0133
5.027125
5.236375
5.326525
5.49315
5.72735
5.8024
5.8776
5.995175
6.053125
6.0964
6.1051
6.13355
6.36665
6.5867
6.7115
6.78635
6.806925
6.808725
6.9002
7.05505
7.2697
7.3306
7.340375
7.448225
7.552975
7.616125
7.7839
7.80245
7.811325
7.9068
7.92685
8.037575
8.1262
8.31105
8.3318
8.4469
8.5269
8.649375
8.763625
8.781975
8.9623
9.0524
9.053375
9.30005
9.439925
9.766325
9.9731
151
