0.053375
0.203575
0.4327
0.4919
0.49875
0.503025
0.509325
0.5096
0.5242
0.537875
0.590325
0.591775
0.592175
0.608975
0.61615
0.625625
0.641275
0.67335
0.679375
0.689
0.71485
0.73
0.762625
0.770525
0.780075
0.78125
0.789325
0.80485
0.8114
0.828125
0.830975
0.8328
0.8598
0.8644
0.878675
0.897775
0.922925
0.93705
0.97325
0.985725
1.006975
1.037975
1.03855
1.05595
1.087075
1.099125
1.1105
1.1568
1.21655
1.2206
1.244625
1.263825
1.335175
1.37875
1.38815
1.430475
1.4937
1.612575
1.617125
1.636525
1.718325
1.72295
1.796575
1.830125
1.886925
1.930375
2.016525
2.024075
2.091825
2.1488
2.163925
2.1745
2.21165
2.212375
2.229325
2.2919
2.3033
2.309275
2.324
2.3363
2.4145
2.437025
2.446625
2.4673
2.483025
2.5624
2.576425
2.590075
2.71785
2.770325
2.79345
2.836275
2.876225
2.9526
3.09165
3.11285
3.18
3.226425
3.264775
3.28595
3.289125
3.331375
3.477425
3.635775
3.655625
3.82955
3.847775
3.86155
4.185875
4.2694
4.4108
4.43335
4.492775
4.495575
4.500675
4.6405
4.68115
4.972925
5.009975
5.019375
5.021825
5.0559
5.232025
5.6537
5.700675
5.827975
5.91155
6.119975
6.13965
6.225675
6.273775
6.3732
6.440025
6.5782
6.61595
6.686975
6.852425
6.977125
7.058825
7.259025
7.262875
7.33705
7.376775
7.7521
7.7978
7.804175
8.038475
8.1776
8.3234
8.36975
8.42585
8.625025
8.881525
8.94045
9.1383
9.172725
9.373625
9.413225
9.45975
9.4662
9.868325
9.9184
162
