0.10575
0.31755
0.3958
0.469425
0.476875
0.484475
0.4923
0.495075
0.4999
0.5065
0.5154
0.518275
0.53125
0.536025
0.545925
0.549175
0.5518
0.553625
0.57315
0.5879
0.596675
0.6069
0.61675
0.623725
0.649075
0.652025
0.670875
0.67945
0.681675
0.735575
0.744025
0.75245
0.7615
0.8036
0.808625
0.821975
0.8296
0.852875
0.855325
0.87855
0.88465
0.8935
0.949075
0.9495
0.980025
1.045325
1.0522
1.0818
1.091825
1.103425
1.105925
1.11265
1.1167
1.12735
1.132
1.150625
1.191475
1.2168
1.233275
1.243775
1.2481
1.29665
1.42485
1.443175
1.45935
1.5029
1.638275
1.658525
1.694625
1.71985
1.729825
1.7311
1.8331
1.89385
1.92075
1.9568
2.010675
2.050775
2.052225
2.1977
2.305125
2.329275
2.444575
2.639925
2.685
2.701575
2.8053
2.829875
2.871125
2.9576
3.026925
3.231525
3.262625
3.30085
3.358675
3.372825
3.4171
3.593975
3.6782
3.802725
3.821425
3.87405
4.2263
4.237525
4.265475
4.266225
4.31155
4.33495
4.422925
4.539725
4.607525
4.621575
4.627325
4.682625
4.712325
4.820575
4.8739
4.903325
4.99935
5.275175
5.31555
5.4822
5.4848
5.558425
5.579125
5.611575
5.72585
5.727025
5.731025
5.774525
5.822575
5.838175
5.869175
5.930575
5.952825
5.9678
6.056625
6.163625
6.165925
6.178325
6.218225
6.360125
6.387825
6.59675
6.6022
6.724275
6.76055
6.7654
6.806525
6.965575
7.3037
7.32535
7.36215
7.443925
7.5295
7.609575
7.63465
7.761675
7.777475
7.863825
7.9592
8.0337
8.17615
8.2809
8.37835
8.607775
8.8081
8.9557
9.013025
9.025175
9.2024
9.30705
9.3844
9.556675
9.7059
175
