0.03855
0.091475
0.12185
0.443225
0.46465
0.4873
0.494775
0.496
0.4981
0.5044
0.511875
0.5268
0.55335
0.561475
0.569675
0.578675
0.5848
0.5897
0.598225
0.6067
0.628625
0.6306
0.633725
0.654075
0.661175
0.668925
0.715225
0.73
0.731925
0.738525
0.752875
0.787925
0.7925
0.793575
0.804225
0.824275
0.82975
0.8396
0.8656
0.86835
0.8754
0.875725
0.8766
0.888175
0.951175
0.95465
0.9746
0.9808
0.99995
1.03875
1.0464
1.0508
1.1182
1.181475
1.23325
1.253475
1.272425
1.326325
1.3539
1.418075
1.434525
1.465425
1.469125
1.485575
1.50455
1.508575
1.540325
1.58695
1.594825
1.62175
1.68525
1.749975
1.9208
1.93595
1.942225
1.950175
2.028475
2.0422
2.05025
2.052
2.094275
2.152075
2.20685
2.219875
2.2481
2.2737
2.289275
2.29755
2.3506
2.35475
2.398075
2.451725
2.49075
2.524875
2.70975
2.84395
3.173125
3.2847
3.294725
3.389875
3.536375
3.6842
3.700475
3.73925
3.740675
3.765725
3.85205
4.014325
4.046475
4.2359
4.312475
4.41715
4.42925
4.44635
4.456375
4.484225
4.5712
4.580225
4.595825
4.6535
4.890125
4.90505
4.97695
4.98535
5.12235
5.39255
5.535
5.6766
5.860825
5.92445
5.9508
5.9611
6.096375
6.5205
7.0181
7.12535
7.364725
7.408575
7.558425
7.576875
8.098525
8.12775
8.483075
8.497125
8.52855
8.545825
8.6313
8.682
8.75315
8.783825
8.9189
9.004175
9.12315
9.142575
9.2305
9.243775
9.42285
9.594725
9.62385
9.803625
9.946375
9.951225
162
