0.016825
0.057025
0.06225
0.096975
0.177725
0.232325
0.32535
0.347675
0.403725
0.4039
0.45405
0.511925
0.5169
0.52145
0.521725
0.522975
0.536125
0.540575
0.54845
0.55195
0.554025
0.554675
0.5569
0.5719
0.592525
0.596725
0.601175
0.605075
0.611
0.613925
0.62525
0.646875
0.648675
0.65165
0.665625
0.6922
0.71015
0.75025
0.7557
0.7727
0.774625
0.784125
0.7968
0.798725
0.853475
0.855425
0.87415
0.8817
0.883725
0.9042
0.916075
0.93185
1.0045
1.005075
1.0146
1.046525
1.056075
1.0669
1.08965
1.19145
1.197675
1.1989
1.25345
1.268475
1.279925
1.28445
1.30315
1.328175
1.331375
1.343075
1.371325
1.414325
1.416675
1.41745
1.4181
1.420075
1.4786
1.481575
1.48305
1.5062
1.520375
1.5249
1.53335
1.6624
1.7078
1.7374
1.7394
1.756125
2.153275
2.1757
2.183675
2.238375
2.46295
2.463175
2.489875
2.5175
2.526175
2.61215
2.7031
2.7382
2.771875
3.0159
3.26775
3.301525
3.3085
3.443
3.5964
3.604875
3.635
3.714525
3.7836
3.87705
3.926
4.014975
4.134925
4.1514
4.156675
4.19465
4.262775
4.4055
4.47665
4.478775
4.584025
4.588675
4.604225
4.68635
4.71365
4.75855
5.017775
5.103575
5.177125
5.23355
5.309325
5.510225
5.650125
5.69905
5.701325
5.716925
5.744375
5.84135
5.8832
5.886625
5.92485
6.005625
6.03395
6.066775
6.118625
6.211325
6.244875
6.2537
6.4425
6.471375
6.5823
6.60615
6.661625
6.6644
6.78835
6.796675
7.00125
7.025325
7.045675
7.06085
7.08025
7.240725
7.394875
7.5988
7.657725
7.880775
7.9806
8.081175
8.09885
8.1921
8.31745
8.33525
8.48475
8.568225
8.747825
8.8767
8.891525
8.92775
9.15655
9.275475
9.4083
9.41225
9.470375
9.581625
9.69565
9.738875
9.972425
189
