0.2835
0.488275
0.503875
0.534225
0.544025
0.56375
0.577175
0.577275
0.583425
0.58435
0.596075
0.59765
0.61475
0.62695
0.636825
0.6465
0.671825
0.686475
0.686725
0.689825
0.70345
0.703675
0.705525
0.711325
0.737775
0.74525
0.754875
0.76215
0.799425
0.8079
0.832525
0.83605
0.878125
0.881125
0.881475
0.9008
0.903525
0.92875
0.943375
1.026925
1.08395
1.13525
1.1388
1.147575
1.1704
1.177475
1.276475
1.27955
1.28145
1.28985
1.302725
1.30805
1.329175
1.33655
1.351
1.385525
1.4144
1.45225
1.471775
1.591625
1.657
1.750825
1.76475
1.766925
1.815475
1.8438
1.8736
1.90605
1.9876
2.0063
2.02045
2.08585
2.137125
2.14355
2.147325
2.15925
2.207
2.2289
2.260725
2.28575
2.425675
2.426825
2.49715
2.68645
2.71915
2.7264
2.801825
2.80265
2.822425
2.877375
2.88335
2.964625
3.022575
3.0257
3.1601
3.162925
3.17855
3.28155
3.440025
3.446625
3.48255
3.50585
3.50935
3.518125
3.584625
3.596725
3.6763
3.726225
3.7452
3.7537
3.802525
3.819925
3.82905
3.8368
3.997075
4.098025
4.141275
4.20935
4.34295
4.482525
4.590575
4.60335
4.765125
5.019075
5.020575
5.0626
5.08965
5.17795
5.206625
5.22025
5.254125
5.278225
5.521225
5.65795
5.80715
5.8903
5.983675
6.167825
6.22965
6.582275
6.7655
6.793725
6.796625
6.81075
6.9601
7.014625
7.129075
7.137225
7.304275
7.393075
7.50875
7.71795
7.80295
7.933425
8.16425
8.228525
8.3322
8.438325
8.527375
8.562425
8.6953
8.700375
9.2871
9.3496
9.436275
9.45865
9.561125
9.995075
168
