0.209575
0.305875
0.38825
0.415925
0.490725
0.500925
0.503825
0.5054
0.520175
0.530175
0.5362
0.538625
0.5608
0.57785
0.589075
0.590675
0.596325
0.6005
0.608875
0.626825
0.6297
0.6352
0.641375
0.6416
0.644675
0.65335
0.659775
0.680225
0.692725
0.699425
0.735325
0.754575
0.756925
0.7791
0.7811
0.79335
0.816025
0.8236
0.825375
0.8357
0.849875
0.854975
0.85725
0.86735
0.880775
0.888625
0.8945
0.90855
0.9237
0.954125
0.96305
0.97285
0.982125
0.9871
1.002925
1.005825
1.056475
1.1168
1.1307
1.135175
1.165525
1.166175
1.171025
1.179325
1.242825
1.326025
1.335675
1.35035
1.4056
1.46445
1.49505
1.49755
1.5643
1.57055
1.595325
1.609025
1.65135
1.6809
1.689125
1.6912
1.73125
1.7889
1.8603
1.88465
1.9295
2.057875
2.06155
2.0914
2.112125
2.130475
2.160575
2.197475
2.197975
2.26065
2.29185
2.4418
2.442875
2.613225
2.629525
2.691175
2.7075
2.7356
2.805625
2.839925
2.8912
2.93785
2.96645
2.9933
3.11855
3.170875
3.21965
3.334975
3.34195
3.3885
3.43485
3.439275
3.597025
3.676875
3.689975
3.876825
4.032975
4.043625
4.225275
4.23005
4.391725
4.4195
4.6682
4.6915
4.817375
4.830825
4.8543
4.919275
4.947325
4.995675
5.018
5.057575
5.075425
5.087125
5.08955
5.177625
5.21855
5.243575
5.342425
5.350575
5.631925
5.662125
5.92025
5.9822
6.019725
6.08365
6.26155
6.351075
6.380575
6.5997
6.61195
6.634775
6.727225
6.772275
6.9502
6.98765
7.0175
7.31865
7.3806
7.41895
7.5626
7.627775
7.7003
7.861525
7.98975
8.110075
8.133325
8.1914
8.453625
8.49295
8.784075
8.793825
8.7954
9.01275
9.09115
9.106025
9.20865
9.209375
9.311925
9.3527
9.4167
9.46235
9.5096
9.84525
9.961525
189
