0.101225
0.204325
0.22705
0.267825
0.4108
0.439925
0.488
0.492075
0.509925
0.5396
0.55865
0.5681
0.578225
0.5863
0.5869
0.61775
0.6181
0.62995
0.634975
0.640325
0.649075
0.65735
0.677675
0.7137
0.729625
0.754475
0.77825
0.784925
0.79075
0.798925
0.8192
0.826425
0.856625
0.8912
0.915575
0.9248
0.935975
0.969025
0.9808
0.99285
1.0073
1.02645
1.044775
1.059325
1.069175
1.07865
1.15205
1.185575
1.185725
1.287625
1.287725
1.301625
1.309275
1.32295
1.323475
1.338425
1.34055
1.417675
1.474175
1.514325
1.649125
1.663975
1.767125
1.7754
1.834675
1.859925
1.903525
1.939325
1.952375
2.070725
2.0916
2.0935
2.16825
2.181075
2.19715
2.272925
2.3002
2.32265
2.34225
2.379625
2.444975
2.446
2.486575
2.553925
2.56855
2.654675
2.72965
2.738425
2.7572
2.7686
2.780875
2.827975
2.840975
2.9761
2.979475
3.0158
3.03595
3.07855
3.209525
3.3556
3.367625
3.59455
3.7903
3.892975
3.943525
4.067475
4.182125
4.216175
4.232725
4.260125
4.43265
4.48875
4.5341
4.73455
4.7629
4.77655
4.8191
4.906175
5.027225
5.09925
5.123525
5.461725
5.4694
5.637925
5.65635
5.748475
5.76785
5.83495
5.875475
5.9018
5.913475
5.93155
5.9582
6.017775
6.0189
6.172025
6.23135
6.23215
6.23775
6.2654
6.34645
6.542225
6.55135
6.67075
7.089625
7.16205
7.203225
7.4726
7.488925
7.6994
7.712975
7.895025
7.91305
8.01435
8.02185
8.0726
8.215025
8.223125
8.288425
8.414075
8.52385
8.54365
9.25165
9.422325
9.54365
9.72545
9.83875
9.867825
9.96415
169
