0.200525
0.35085
0.43435
0.4777
0.48725
0.49315
0.51685
0.52935
0.552625
0.574225
0.579475
0.5825
0.60215
0.634775
0.660475
0.662025
0.702925
0.711175
0.716325
0.76055
0.7731
0.788425
0.792325
0.79495
0.809225
0.84365
0.855425
0.8655
0.869025
0.878925
0.8838
0.8934
0.89395
0.90165
0.906025
0.92445
0.956825
0.9841
0.986825
0.999525
1.028025
1.069175
1.08765
1.1125
1.11605
1.11645
1.11935
1.1499
1.183425
1.217125
1.219875
1.23985
1.2659
1.266725
1.28485
1.390725
1.403525
1.46335
1.60535
1.6736
1.67985
1.761925
1.817225
1.8339
1.900075
1.936875
2.0616
2.0839
2.114075
2.1263
2.14075
2.174225
2.2077
2.228625
2.346075
2.364425
2.4066
2.440075
2.45445
2.45455
2.6339
2.90805
2.957825
3.04605
3.09485
3.199675
3.202725
3.22045
3.234525
3.239675
3.31695
3.553975
3.5629
3.572925
3.58365
3.59505
3.608225
3.615375
3.635725
3.64525
3.73245
3.7535
3.799925
3.8709
3.981575
4.15505
4.1776
4.235225
4.348075
4.36485
4.366525
4.40135
4.438025
4.488625
4.669725
5.348225
5.389025
5.48635
5.496175
5.51295
5.551375
5.621025
5.668125
5.67275
5.8396
5.8505
5.90685
6.059025
6.0803
6.089875
6.218325
6.2196
6.4114
6.56535
6.566825
6.6122
6.64645
6.80995
6.891325
6.93625
6.973825
7.152075
7.2881
7.4504
7.482425
7.5704
7.720175
7.7838
7.81815
8.295875
8.455875
8.513425
8.564025
8.719975
8.736325
8.980275
9.131825
9.168475
9.329975
9.502825
9.527625
9.6714
9.9342
9.968725
9.991025
165
