0.049975
0.350225
0.454575
0.468975
0.48695
0.488225
0.4977
0.4991
0.5024
0.5031
0.505175
0.5096
0.5231
0.530625
0.5334
0.54095
0.542575
0.558025
0.559725
0.574625
0.593075
0.605225
0.6161
0.623375
0.63155
0.6349
0.64865
0.658475
0.66635
0.675
0.680575
0.69875
0.70335
0.712775
0.71375
0.7694
0.772825
0.78185
0.7897
0.793425
0.807775
0.8109
0.82255
0.823
0.844025
0.8555
0.876975
0.87925
0.89715
0.9036
0.9662
0.97875
1.026425
1.037575
1.0493
1.089575
1.08965
1.1283
1.132625
1.13555
1.174975
1.177325
1.228725
1.25445
1.2924
1.4159
1.432875
1.44135
1.45385
1.49235
1.4983
1.500225
1.54435
1.552575
1.567725
1.62465
1.639475
1.647325
1.692625
1.7243
1.795175
1.887125
2.01295
2.1848
2.1999
2.302425
2.32205
2.348
2.36735
2.370175
2.48295
2.52045
2.594175
2.697125
2.8816
3.012825
3.156275
3.16855
3.28695
3.303675
3.361275
3.47065
3.49295
3.502075
3.527
3.5855
3.622875
3.68575
3.983975
3.9981
4.194375
4.2047
4.223175
4.315275
4.47335
4.59085
4.64155
4.66905
4.7267
4.876775
4.899475
4.967775
5.003
5.0584
5.336025
5.5212
5.52175
5.579225
5.651725
5.7782
5.795725
5.849525
5.85075
5.88405
5.938375
6.04445
6.0589
6.06485
6.13405
6.150225
6.258675
6.290425
6.36375
6.3642
6.391775
6.424875
6.60595
6.8189
6.82275
6.896725
7.189025
7.23535
7.3855
7.393575
7.514325
7.541075
7.62305
7.64805
7.808525
7.851225
7.9388
7.9941
8.324925
8.525
8.61325
8.66995
8.67145
8.88415
9.140025
9.166325
9.319975
9.390825
9.53095
9.8897
9.9442
175
