0.072075
0.285125
0.3922
0.40365
0.417475
0.437625
0.45425
0.454325
0.46105
0.47055
0.4782
0.510725
0.524825
0.527475
0.534825
0.535675
0.54365
0.5673
0.576575
0.59845
0.612475
0.61985
0.622775
0.65795
0.661575
0.675975
0.686425
0.69325
0.70025
0.719625
0.731275
0.762775
0.77035
0.831375
0.837475
0.908325
0.9112
0.9396
0.942775
0.94375
0.954575
0.980475
1.012875
1.016
1.039075
1.075
1.117875
1.11925
1.14615
1.151525
1.16065
1.231875
1.2527
1.31385
1.37
1.41325
1.458025
1.506475
1.648825
1.65255
1.66125
1.691825
1.730225
1.76205
1.846275
1.896675
1.94935
2.027475
2.139875
2.152
2.1762
2.270775
2.2873
2.2967
2.312575
2.3957
2.425325
2.46625
2.510275
2.70305
2.737375
2.768175
2.830325
2.83925
2.84545
2.932725
3.0493
3.055875
3.146
3.3016
3.505075
3.5757
3.727075
3.81175
3.862475
4.05695
4.063925
4.521325
4.601875
4.6118
4.845475
5.0453
5.1337
5.142425
5.264075
5.3035
5.535125
5.5798
5.646325
5.670625
5.686125
5.7941
5.82785
5.8508
6.1906
6.2136
6.4139
6.540675
6.6261
6.786075
6.881275
7.069875
7.2891
7.412025
7.47945
7.6058
7.629725
7.7769
7.8739
8.04175
8.12725
8.378425
8.507
8.848
8.886925
8.962325
9.025175
9.06345
9.2772
9.56435
9.603
9.65115
9.78625
9.85455
9.928275
9.9863
146
