0.1272
0.291675
0.4268
0.469925
0.48635
0.499225
0.504325
0.511875
0.5156
0.54195
0.546225
0.55625
0.5694
0.57855
0.587425
0.60425
0.6063
0.607425
0.608925
0.6188
0.624675
0.641025
0.694825
0.76245
0.7692
0.77115
0.797075
0.79965
0.81665
0.84115
0.8433
0.8462
0.847175
0.8477
0.863025
0.870925
0.889125
0.889475
0.8933
0.905275
0.9381
0.95745
0.95935
0.98005
1.0114
1.03275
1.094425
1.127825
1.134025
1.134675
1.13975
1.149225
1.18915
1.238
1.293675
1.298275
1.316025
1.339975
1.35145
1.36285
1.3674
1.37055
1.420075
1.43225
1.4534
1.5986
1.735925
1.817
1.9089
2.007325
2.1202
2.164025
2.191
2.21105
2.25435
2.25875
2.498275
2.62515
2.700275
2.82215
2.857525
2.8765
2.89995
2.91665
2.981325
3.159125
3.197875
3.20815
3.21555
3.22745
3.474825
3.582575
3.9767
4.094075
4.375025
4.44335
4.657425
4.7892
4.958025
4.99735
5.13835
5.1863
5.280675
5.4278
5.502725
5.546725
5.554575
5.6317
5.871225
5.95425
5.992625
6.0967
6.243925
6.308525
6.315925
6.319275
6.36715
6.6665
7.10595
7.14545
7.221925
7.4326
7.597675
7.737975
8.05245
8.056775
8.06405
8.1896
8.234125
8.263325
8.44125
8.455225
8.52895
8.6341
8.7039
8.730925
8.751175
9.103625
9.1779
9.318725
9.344425
9.363125
142
