0.08305
0.083425
0.31675
0.3201
0.390125
0.4037
0.455375
0.461425
0.511075
0.5129
0.51705
0.527775
0.54565
0.55695
0.566025
0.568275
0.5845
0.5907
0.606325
0.61015
0.634175
0.6396
0.642725
0.6477
0.649625
0.670725
0.68585
0.693625
0.6963
0.713975
0.7524
0.761725
0.764925
0.81775
0.8344
0.842075
0.84935
0.858475
0.866675
0.89565
0.89865
0.9194
0.9275
0.9897
1.0483
1.064475
1.08145
1.093175
1.107225
1.132375
1.16645
1.1765
1.212525
1.22195
1.24035
1.2443
1.307425
1.3156
1.32085
1.32655
1.434375
1.58125
1.586475
1.59235
1.595
1.5963
1.611575
1.62955
1.6599
1.674
1.689225
1.702125
1.74535
1.7637
1.84665
1.8994
1.90915
2.023875
2.1665
2.177525
2.1985
2.2083
2.274225
2.343575
2.37455
2.39915
2.521175
2.9439
2.986775
2.993725
3.0131
3.01645
3.024175
3.307225
3.319225
3.37785
3.3877
3.42005
3.513225
3.595175
3.839275
3.913975
4.00815
4.0871
4.11675
4.126125
4.17745
4.18725
4.20565
4.23315
4.249075
4.409125
4.7049
4.708125
4.735075
4.74975
4.7522
4.9196
5.077875
5.079375
5.10205
5.1525
5.2855
5.497775
5.5757
5.589575
5.728675
5.780025
5.9201
5.990025
6.042125
6.091525
6.0978
6.1652
6.246025
6.26595
6.27395
6.301475
6.359425
6.404325
6.545825
6.6042
6.63185
6.686075
6.726575
6.746475
6.8071
6.8206
6.9314
7.020875
7.025625
7.05145
7.3637
7.433175
7.4927
7.569325
7.580675
7.582875
7.6504
7.657475
7.664225
7.75895
7.783875
7.916275
8.241825
8.490475
8.58305
8.685025
8.810925
8.8163
8.85895
8.920225
8.971775
9.2789
9.4029
9.42585
9.47485
9.784975
9.8743
9.877875
9.893775
181
