0.0511
0.0532
0.173875
0.31115
0.39895
0.40735
0.4929
0.499375
0.5055
0.522775
0.5238
0.53955
0.544225
0.545675
0.55895
0.563975
0.57395
0.57945
0.5845
0.5966
0.5967
0.606325
0.613325
0.61755
0.61795
0.634575
0.64075
0.66145
0.685825
0.6957
0.708625
0.720075
0.7225
0.724025
0.735675
0.742675
0.76015
0.7836
0.7872
0.788075
0.798625
0.824175
0.841725
0.84205
0.84825
0.862775
0.89825
0.900625
0.952675
0.956
0.9815
0.982075
0.992425
1.031025
1.0898
1.095275
1.10965
1.28575
1.3135
1.32355
1.33925
1.39135
1.435025
1.445125
1.449675
1.590525
1.620875
1.798025
1.934125
1.98605
1.986275
2.001
2.078925
2.19715
2.251725
2.2605
2.26305
2.28365
2.305025
2.3747
2.406225
2.453175
2.4718
2.480925
2.5195
2.536525
2.578075
2.6032
2.655325
2.66385
2.694975
2.7281
2.737975
2.90295
3.034675
3.0917
3.147175
3.2032
3.290525
3.305325
3.369725
3.792775
3.81535
3.866325
3.937075
4.06505
4.29255
4.341775
4.46685
4.61075
4.814825
4.948875
5.045425
5.25485
5.423225
5.43175
5.610925
5.616275
5.6517
5.700425
5.8313
5.882625
5.91705
6.114475
6.15255
6.1599
6.370775
6.441025
6.5336
6.631875
6.735775
6.90525
6.915175
6.961075
7.276025
7.29655
7.573575
7.774275
7.80995
7.923125
7.947525
8.05075
8.167025
8.2581
8.293375
8.412025
8.5554
8.83185
8.9317
9.08125
9.145375
9.30375
9.377375
9.672625
9.82945
9.83155
9.9493
157
