0.306675
0.35575
0.481
0.505575
0.56875
0.575625
0.580225
0.593825
0.5968
0.608
0.616975
0.61875
0.6214
0.6548
0.661975
0.662825
0.670725
0.687875
0.69685
0.729025
0.735525
0.74665
0.756825
0.75765
0.7801
0.7857
0.806375
0.808125
0.82315
0.861525
0.8662
0.8805
0.88905
0.901625
0.952175
0.96965
0.987425
0.98785
0.991175
1.01195
1.0151
1.019575
1.02015
1.02685
1.064175
1.074925
1.104175
1.1577
1.1705
1.1735
1.183
1.206375
1.224375
1.2268
1.243075
1.2591
1.27715
1.314675
1.3345
1.35205
1.474375
1.537825
1.59495
1.6067
1.621025
1.6694
1.704175
1.7339
1.808625
1.8142
1.896875
1.9252
2.0314
2.056375
2.06335
2.1615
2.279975
2.369525
2.38705
2.39625
2.40415
2.42
2.5064
2.51535
2.659625
2.6645
2.6656
2.70765
2.723375
2.74515
2.763725
2.763775
2.778575
2.98615
3.003775
3.024775
3.078225
3.180275
3.2554
3.337425
3.3748
3.560925
3.58875
3.73445
3.796475
3.7989
3.80175
3.93305
3.950325
4.028325
4.115275
4.353325
4.4038
4.7294
4.861575
4.985125
5.2261
5.419325
5.4205
5.465225
5.471475
5.52975
5.639825
6.39325
6.784375
6.878675
7.0384
7.407825
7.46875
7.5122
7.595925
7.669125
7.672225
7.90125
7.90475
7.9144
7.9308
8.165
8.2035
8.3579
8.538975
8.60595
8.6441
8.6563
8.74155
8.79175
9.223275
9.270275
9.347575
9.44445
9.55405
9.6349
9.6516
9.8025
154
