0.161125
0.398875
0.420575
0.457025
0.45865
0.486825
0.487275
0.487425
0.50015
0.501425
0.5171
0.525825
0.536625
0.543225
0.55775
0.56725
0.580275
0.5924
0.60435
0.608175
0.610775
0.622125
0.62625
0.63875
0.64195
0.652
0.666625
0.70375
0.745425
0.75645
0.795
0.805975
0.812225
0.835175
0.8428
0.850575
0.8707
0.903725
0.907925
0.935025
0.96295
0.9827
1.001525
1.069825
1.09125
1.100875
1.1354
1.14915
1.15655
1.167925
1.22705
1.2284
1.2288
1.26305
1.34965
1.384225
1.402225
1.41955
1.4347
1.4373
1.470675
1.47645
1.481675
1.49025
1.494825
1.513725
1.597275
1.687975
1.72105
1.975075
2.00855
2.08825
2.181725
2.318625
2.415125
2.4759
2.526475
2.572
2.669425
2.681575
2.715925
2.754125
2.7581
2.873275
2.878925
2.954625
2.965725
2.9837
3.1493
3.224875
3.24455
3.284075
3.284575
3.3608
3.512075
3.652275
3.66425
3.670525
3.68175
3.863725
3.890225
3.907425
3.9238
3.96315
3.97255
4.098275
4.264
4.3135
4.3741
4.4131
4.4417
4.4935
4.57235
4.591925
4.613925
4.820825
4.885825
5.0458
5.189225
5.201825
5.42235
5.464
5.496
5.57485
5.67085
5.707725
5.94175
5.99675
6.0316
6.044325
6.06115
6.1853
6.2039
6.273775
6.341625
6.3948
6.84025
6.96865
7.2102
7.31075
7.4099
7.51305
7.643675
7.77625
7.839975
7.9038
8.257375
8.6224
8.6451
8.72285
8.83945
8.84305
8.847975
8.8774
9.19255
9.386525
9.457
9.6976
9.8451
9.950175
160
