0.0037
0.159275
0.25955
0.320725
0.444525
0.450875
0.480125
0.480475
0.490575
0.492275
0.4983
0.51515
0.523525
0.5258
0.53155
0.5353
0.543525
0.5613
0.562875
0.5656
0.56635
0.5882
0.58955
0.5934
0.599525
0.605275
0.6179
0.629175
0.637525
0.6416
0.650875
0.654575
0.664175
0.66565
0.6684
0.678425
0.6969
0.702575
0.74885
0.750775
0.773
0.78405
0.7923
0.8061
0.8334
0.8501
0.86325
0.87195
0.8926
0.91555
0.9165
0.9176
0.917825
0.944125
0.950325
0.9687
1.0666
1.070925
1.08075
1.1487
1.153075
1.174125
1.187125
1.2067
1.20985
1.2148
1.24215
1.26915
1.285025
1.287975
1.346075
1.375825
1.377725
1.39215
1.405375
1.42855
1.4394
1.45875
1.5469
1.5639
1.584475
1.596525
1.6034
1.789625
1.86235
1.870875
1.9403
1.998025
2.042825
2.1479
2.16245
2.18345
2.314425
2.44385
2.4633
2.484975
2.6296
2.6738
2.6869
2.7923
2.928475
2.931775
2.958875
3.0745
3.1371
3.2311
3.300575
3.336475
3.3804
3.4129
3.51675
3.528325
3.6112
3.6587
3.672475
3.84875
4.110975
4.24925
4.4427
4.48215
4.48475
4.688
4.823425
4.97805
4.982425
5.024175
5.07685
5.349625
6.213175
6.359075
6.5676
6.59725
6.639
6.677675
6.737275
6.963675
7.0536
7.126075
7.1281
7.17515
7.474025
7.602175
7.870425
7.8958
8.0873
8.1349
8.139525
8.506875
8.560825
8.56125
8.82145
8.86815
8.886925
8.907025
8.9297
8.98975
9.1171
9.1308
9.372375
9.4515
9.4988
9.73665
9.75905
9.800425
9.807825
9.822
166
