0.28045
0.415325
0.447225
0.45995
0.476875
0.4859
0.508375
0.509475
0.51025
0.5106
0.526325
0.55255
0.59805
0.611525
0.6174
0.6267
0.629925
0.66305
0.6799
0.6862
0.745075
0.753425
0.769125
0.790875
0.80535
0.80805
0.8111
0.849425
0.8655
0.866
0.883975
0.8908
0.934975
0.9615
0.966975
0.9759
1.0396
1.0444
1.072275
1.083425
1.094175
1.152075
1.161025
1.19875
1.261825
1.266
1.2967
1.309425
1.439825
1.4694
1.491025
1.518775
1.539925
1.542875
1.638975
1.6601
1.6642
1.6988
1.79555
1.992225
2.002225
2.010325
2.0926
2.1713
2.24385
2.292575
2.313675
2.334475
2.68445
2.928625
3.18245
3.184325
3.2139
3.4691
3.488
3.570775
3.57845
3.588225
3.59195
3.61415
3.62315
3.81235
3.818375
3.90125
3.93565
4.13665
4.183675
4.217725
4.23035
4.479225
4.5359
4.6258
4.628775
4.91015
4.9845
5.067
5.1707
5.2268
5.25075
5.30995
5.31475
5.47575
5.573975
5.6919
5.745925
5.837375
5.9006
5.99105
6.171525
6.187475
6.2803
6.355125
6.4076
6.539225
6.715875
6.720125
6.737525
6.88735
7.168675
7.1874
7.402775
7.45175
7.457275
7.5414
7.676925
7.703675
7.75955
8.180575
8.2721
8.325375
8.473375
8.720825
8.72705
8.830075
8.97755
9.07355
9.289475
9.49135
9.77235
9.902725
140
