0.167075
0.17555
0.255525
0.437175
0.46455
0.4756
0.4926
0.515175
0.517025
0.536525
0.5396
0.541225
0.543925
0.549125
0.5546
0.55635
0.5633
0.57585
0.587575
0.592375
0.63405
0.65175
0.6595
0.6654
0.676425
0.698175
0.7079
0.711375
0.71385
0.7232
0.770125
0.782175
0.80745
0.819475
0.854925
0.87585
0.890125
0.899225
0.92295
0.92425
0.946125
0.9552
0.97175
0.994075
1.01465
1.048825
1.123325
1.2334
1.26885
1.284
1.2863
1.2938
1.314525
1.4481
1.469725
1.542475
1.647475
1.653025
1.7976
1.81315
1.8664
1.934525
2.025525
2.031225
2.034725
2.053525
2.085225
2.112725
2.1437
2.19235
2.232925
2.26145
2.301775
2.3097
2.385275
2.4436
2.520025
2.593
2.6323
2.67255
2.910425
2.98005
2.9816
2.99395
3.048275
3.082925
3.126525
3.16675
3.23185
3.23325
3.3147
3.322675
3.3336
3.356125
3.4412
3.484875
3.6241
3.847225
3.938725
3.939775
3.9686
4.249575
4.25405
4.261125
4.4658
4.482975
4.732575
4.7832
4.8196
4.824675
4.84065
4.8509
4.89415
4.90895
4.971675
5.0056
5.0084
5.095825
5.2039
5.2146
5.30205
5.4531
5.5556
5.793075
5.85395
5.92955
5.930375
5.9356
5.9865
6.1458
6.161175
6.17715
6.215925
6.234125
6.28445
6.46325
6.5855
6.585775
6.608275
7.3627
7.4058
7.694175
7.800725
8.1154
8.278925
8.2899
8.30815
8.56405
8.661675
8.680175
8.740025
8.940075
9.4767
9.5267
9.54955
9.65115
9.71915
9.79155
9.86785
9.905
9.953275
161
