0.073425
0.160975
0.4273
0.4806
0.482825
0.5084
0.512275
0.536275
0.547225
0.56125
0.589225
0.590825
0.61335
0.616975
0.617775
0.647225
0.651925
0.657375
0.681325
0.697275
0.71155
0.71505
0.733475
0.740975
0.757375
0.7704
0.8139
0.81625
0.82475
0.8292
0.8447
0.879375
0.888375
0.9399
0.9754
0.976875
1.013275
1.04045
1.14395
1.207675
1.215575
1.27925
1.302725
1.323675
1.348025
1.366225
1.399475
1.423425
1.467075
1.483425
1.487075
1.5198
1.591
1.614925
1.660975
1.79625
1.8159
2.002625
2.0349
2.0627
2.0899
2.099275
2.111725
2.165175
2.178675
2.1791
2.235975
2.4233
2.423675
2.45685
2.5454
2.5705
2.66935
2.79985
2.826875
2.840675
2.875325
3.052975
3.05995
3.0677
3.1221
3.15645
3.235325
3.28355
3.3286
3.40685
3.410025
3.4216
3.471375
3.607175
3.63945
3.739125
3.749525
3.768525
3.9094
3.93685
4.0673
4.09205
4.1386
4.25755
4.359525
4.408475
4.41055
4.591075
4.7143
4.8083
4.911175
4.9203
4.97605
5.052
5.085275
5.351425
5.37105
5.4618
5.48745
5.550425
5.608
5.683775
5.88425
5.894975
5.98685
6.18045
6.387275
6.42625
6.531525
6.7601
6.974525
7.08665
7.092375
7.100275
7.1294
7.142275
7.22625
7.3321
7.349925
7.38905
7.917475
7.925875
7.943875
8.005075
8.076625
8.07845
8.113475
8.2327
8.2888
8.32935
8.499725
8.6899
8.72275
8.725075
9.35175
9.531375
9.558575
9.824775
9.87295
155
