0.137
0.196525
0.21565
0.24925
0.430675
0.462025
0.465075
0.492425
0.495475
0.499375
0.5025
0.5257
0.52775
0.53395
0.54745
0.551325
0.554225
0.565275
0.586225
0.593325
0.5963
0.599175
0.60735
0.607675
0.61
0.615275
0.61805
0.6216
0.622975
0.63405
0.6499
0.65645
0.677825
0.71205
0.72935
0.747575
0.775075
0.782975
0.8014
0.808975
0.85025
0.859025
0.9187
0.95185
0.95685
1.00695
1.02345
1.025425
1.113525
1.12835
1.141075
1.14935
1.1822
1.21545
1.2419
1.252975
1.30775
1.33455
1.34
1.39205
1.4107
1.420925
1.443
1.67815
1.685425
1.744525
1.93415
1.975925
1.9885
2.036675
2.088225
2.14795
2.160325
2.17275
2.2536
2.2604
2.274
2.357075
2.36615
2.370875
2.42945
2.454375
2.53865
2.555
2.5824
2.64515
2.65245
2.675625
2.822775
2.830075
2.893375
3.0513
3.057175
3.229675
3.245475
3.3374
3.350025
3.358825
3.3664
3.3785
3.404725
3.4554
3.6045
3.606375
3.779175
3.819575
3.85835
3.865275
3.978075
3.991625
4.012375
4.24605
4.26325
4.403275
4.513375
4.526975
4.577775
4.6232
4.65515
4.741075
4.774775
4.926425
5.22085
5.37155
6.02435
6.06905
6.1884
6.20795
6.284625
6.51855
6.549375
6.876
6.96815
7.06735
7.10375
7.198175
7.2452
7.418125
7.4816
7.510275
7.5185
7.531
7.6501
7.82225
7.87675
7.920625
7.96225
8.053475
8.1315
8.398625
8.406575
8.4444
8.506575
8.557725
8.5629
8.574375
8.625125
8.660775
8.813375
9.019675
9.113275
9.317725
9.3336
9.38615
9.395475
9.412725
9.5173
9.533075
9.571575
9.744775
9.79665
9.849825
9.96755
173
