0.0285
0.32995
0.38845
0.39055
0.414475
0.4184
0.4404
0.445175
0.463625
0.47565
0.507225
0.5173
0.52075
0.5363
0.551275
0.565
0.5683
0.5925
0.599775
0.618925
0.639
0.647
0.65055
0.6591
0.672275
0.67655
0.6868
0.69845
0.707425
0.707625
0.710925
0.763975
0.770425
0.83275
0.853025
0.8746
0.913825
0.926775
0.934475
0.959175
0.969725
0.9769
0.99875
1.033275
1.0514
1.0879
1.151975
1.177175
1.19995
1.220275
1.2257
1.25355
1.2588
1.276775
1.2895
1.317625
1.33175
1.368375
1.38385
1.413575
1.43175
1.4397
1.4461
1.44785
1.4784
1.564725
1.60925
1.7036
1.710275
1.75625
1.7873
1.834
1.8485
1.85275
1.896725
1.9945
2.09095
2.1067
2.132225
2.1752
2.235675
2.2925
2.318875
2.324125
2.33745
2.48095
2.526625
2.558875
2.59815
2.703025
2.79985
2.804125
2.849275
2.95005
2.973475
3.02875
3.05075
3.08815
3.208375
3.279825
3.298075
3.3392
3.34955
3.548225
3.567325
3.596175
3.650175
3.724925
3.73205
4.03385
4.0706
4.103725
4.15885
4.17115
4.222425
4.337325
4.4508
4.553125
4.58215
4.7096
4.744725
4.7583
4.851925
4.8648
4.876725
4.958575
5.014225
5.025075
5.119025
5.137675
5.311425
5.3609
5.436525
5.673525
5.937
6.30265
6.3701
6.509025
6.5207
6.598125
6.8015
6.857875
6.890925
7.008725
7.027325
7.036625
7.078675
7.0836
7.239325
7.323675
7.37755
7.538075
7.7487
7.8163
8.045325
8.118575
8.240675
9.041375
9.050425
9.11545
9.315025
9.451425
9.517125
9.548325
9.619725
165
