0.180775
0.34725
0.34995
0.467425
0.476875
0.499
0.520525
0.524175
0.526425
0.54035
0.565525
0.571975
0.577725
0.579825
0.586875
0.60225
0.607275
0.6516
0.6812
0.6816
0.72515
0.766625
0.769875
0.776475
0.7871
0.80915
0.8153
0.818975
0.82515
0.83015
0.87815
0.901925
0.914125
0.929925
0.99665
1.01735
1.017875
1.038075
1.0665
1.07965
1.07985
1.10165
1.1369
1.140075
1.159625
1.176125
1.236675
1.26785
1.3148
1.344425
1.390925
1.392675
1.39465
1.4129
1.473075
1.50305
1.51725
1.573
1.60405
1.607525
1.61245
1.686125
1.7175
1.761225
1.85175
1.897375
2.1277
2.147875
2.293925
2.3186
2.40045
2.5831
2.63855
2.643875
2.71395
2.825325
2.849975
2.911975
2.954475
3.0091
3.057975
3.05835
3.0882
3.149875
3.221625
3.25025
3.312675
3.385375
3.396375
3.485
3.5924
3.630775
3.667025
3.67035
3.891875
3.97605
4.09865
4.193875
4.214125
4.2825
4.305875
4.395275
4.47245
4.660625
4.722125
4.898175
5.07085
5.082
5.1709
5.552075
5.62805
5.7157
5.815575
5.940175
5.951625
6.12155
6.14925
6.286925
6.290175
6.343075
6.4918
6.5451
6.548
6.636325
6.8859
7.073725
7.38385
7.48605
7.6009
7.7589
7.8174
7.848575
8.2939
8.3288
8.401575
8.552275
8.663125
8.687025
8.898375
9.408125
9.609425
9.674425
9.726375
9.844475
144
