0.08735
0.1538
0.272325
0.383275
0.479925
0.488725
0.5031
0.507775
0.513625
0.5286
0.541175
0.549475
0.55345
0.561025
0.5697
0.574875
0.598625
0.598775
0.6035
0.6063
0.616775
0.61775
0.624925
0.63645
0.687525
0.6912
0.6933
0.72635
0.7308
0.7474
0.755075
0.775525
0.7858
0.789825
0.831925
0.83385
0.84725
0.866825
0.881525
0.899725
0.901275
0.92315
0.937
0.964
1.020575
1.020725
1.0516
1.073275
1.08415
1.084975
1.107675
1.19655
1.227575
1.268525
1.290425
1.2909
1.2964
1.356275
1.357475
1.394075
1.40495
1.51
1.57915
1.7319
1.739725
1.803275
1.843775
1.85775
1.9265
2.0082
2.036175
2.11515
2.11805
2.122375
2.12835
2.33345
2.4235
2.42745
2.511025
2.56335
2.604725
2.660675
2.693625
2.6997
2.725775
2.850175
2.923425
3.233975
3.420675
3.421375
3.5376
3.5534
3.644325
3.702925
3.875825
3.91715
3.9488
4.03775
4.07885
4.1398
4.212925
4.248325
4.4711
4.52435
4.59605
4.632175
4.7351
4.758075
4.831075
4.83475
4.898925
4.940975
5.002875
5.0735
5.268
5.310775
5.3226
5.526725
5.5878
5.638025
5.749975
5.780175
5.8128
5.9348
5.9641
6.001675
6.001875
6.026625
6.203825
6.239225
6.28525
6.304575
6.37965
6.4665
6.70125
7.13665
7.2597
7.74185
7.779175
7.79065
8.11755
8.3187
8.387625
8.39265
8.4457
8.52295
8.568525
8.6127
8.850475
8.898575
8.91685
8.9388
9.056475
9.210675
9.214025
9.501625
9.546525
9.6179
9.640475
9.7269
9.775125
9.825175
9.956
163
