0.103275
0.144725
0.186025
0.26665
0.361925
0.493025
0.4971
0.51055
0.51975
0.5348
0.53775
0.537975
0.54875
0.551525
0.57295
0.583275
0.586625
0.608025
0.617325
0.6281
0.647075
0.648125
0.657225
0.682
0.68325
0.6924
0.757225
0.7577
0.769375
0.7858
0.794675
0.8363
0.867725
0.870625
0.88465
0.885825
0.891625
0.902325
0.915975
0.920625
0.9231
0.923725
0.957625
0.96925
0.98645
0.9894
0.991
1.00695
1.0114
1.03225
1.033275
1.040225
1.04125
1.068975
1.073025
1.083675
1.12125
1.16495
1.167975
1.201375
1.2901
1.29895
1.40035
1.412375
1.487575
1.733925
1.89545
1.915775
1.959725
1.97395
2.006075
2.05575
2.07955
2.2455
2.28845
2.378375
2.407375
2.41845
2.4344
2.584275
2.60285
2.637375
2.65145
2.7317
2.7469
2.7676
2.779125
2.8157
2.8487
2.90825
3.043375
3.083375
3.1508
3.166175
3.171475
3.244325
3.2827
3.3381
3.3433
3.4407
3.539775
3.755375
3.78275
3.831875
3.837125
4.1364
4.18285
4.224275
4.241575
4.24495
4.3597
4.393025
4.436175
4.4596
4.4694
4.54035
4.541
4.582
4.613025
4.693425
4.87145
4.9875
5.092575
5.231475
5.2364
5.3171
5.347925
5.40755
5.5787
5.69935
5.73925
5.82275
5.8915
6.176125
6.18415
6.2002
6.212575
6.2443
6.75745
7.007075
7.373425
7.55995
7.572925
7.6832
7.8348
7.89875
8.0649
8.109475
8.124875
8.366075
8.6485
8.70525
8.811475
8.9946
9.208975
9.428575
9.5553
9.8121
158
