0.0278
0.141325
0.1758
0.259625
0.39445
0.4038
0.411025
0.476175
0.49395
0.493975
0.505925
0.53085
0.5317
0.5338
0.56625
0.587425
0.600225
0.61835
0.6206
0.63415
0.647575
0.6531
0.6614
0.67195
0.699875
0.717025
0.718225
0.723775
0.738375
0.74595
0.766575
0.772425
0.772925
0.793025
0.829725
0.836425
0.8403
0.84385
0.912625
0.937025
0.942725
0.94885
0.9849
1.00075
1.096725
1.1135
1.123275
1.142925
1.146475
1.1515
1.153225
1.200925
1.204
1.224775
1.237675
1.2714
1.284625
1.3096
1.33275
1.4032
1.41135
1.430875
1.455825
1.47
1.4815
1.487225
1.518325
1.64275
1.659575
1.682975
1.702675
1.728525
1.742425
1.779775
1.799375
1.803375
1.81775
1.824425
1.829325
1.852325
1.8687
1.9695
2.030625
2.077575
2.079
2.09665
2.19445
2.275925
2.362225
2.38515
2.462925
2.467075
2.48825
2.508775
2.6167
2.6589
2.712875
2.8329
3.011725
3.0216
3.0684
3.137525
3.156875
3.41205
3.496
3.59895
3.6208
3.622425
3.664375
3.67065
3.722625
3.744875
3.75155
3.804875
3.864525
3.922575
3.96605
4.005725
4.044625
4.079075
4.139575
4.15455
4.176875
4.222125
4.225425
4.3323
4.3786
4.502325
4.5434
4.65505
4.7809
4.81265
4.825925
4.89555
4.945675
5.048
5.07075
5.4596
5.515975
5.54255
5.601175
5.7751
5.776125
5.84275
5.860475
5.914975
5.91505
5.995875
6.054025
6.318
6.3707
6.394425
6.4599
6.489925
6.60345
6.673975
6.748875
6.9233
7.017675
7.04795
7.055925
7.084575
7.364175
7.927225
7.9641
8.201625
8.27905
8.4832
8.498325
8.542325
8.57765
8.577675
8.58955
9.10955
9.245275
9.66225
9.834825
9.88605
9.97765
179
