0.368275
0.394275
0.42995
0.4499
0.47895
0.483425
0.499675
0.505075
0.506025
0.5096
0.51025
0.517425
0.543875
0.55415
0.5661
0.57785
0.597475
0.59775
0.60225
0.613825
0.62175
0.623875
0.635725
0.6435
0.647525
0.663325
0.683475
0.71935
0.744775
0.7688
0.771975
0.77855
0.797725
0.81855
0.83765
0.8606
0.89365
0.921425
0.94255
0.974125
0.9896
0.9945
1.0062
1.04835
1.091525
1.1427
1.1715
1.1737
1.178125
1.1793
1.187125
1.223125
1.266025
1.300125
1.3174
1.31885
1.332375
1.3545
1.3576
1.5525
1.6035
1.65955
1.759425
1.765775
1.86405
1.876825
1.911275
1.9316
1.98545
1.9945
2.072725
2.12745
2.2405
2.267575
2.270525
2.31345
2.3325
2.3584
2.366375
2.3806
2.441725
2.47865
2.501
2.5524
2.846625
2.995775
3.145725
3.179875
3.30845
3.3195
3.4416
3.58185
3.61275
3.616375
3.879875
3.8876
3.890725
3.940225
4.108575
4.18205
4.375375
4.5087
4.5475
4.558825
4.565125
4.6126
4.669075
4.698325
4.73815
4.7557
4.803475
4.89875
5.129325
5.13845
5.211575
5.2589
5.264725
5.3178
5.318
5.38775
5.72525
5.824475
5.92285
6.151
6.18965
6.685925
7.29605
7.392225
7.545025
7.604475
7.7922
8.1621
8.62135
8.666775
8.780275
8.818025
8.838325
8.8829
9.02025
9.063875
9.1035
9.121175
9.186575
9.2689
9.2841
9.5365
9.60785
9.856325
9.941075
9.988025
150
