0.148575
0.290625
0.29545
0.29755
0.370775
0.42255
0.458875
0.468575
0.470725
0.4878
0.493325
0.5002
0.518625
0.521375
0.536225
0.54645
0.550725
0.558725
0.60125
0.6126
0.6152
0.61625
0.63845
0.64355
0.648475
0.656225
0.674275
0.68
0.68025
0.686525
0.688175
0.698225
0.701675
0.704425
0.7132
0.714275
0.716125
0.733975
0.8148
0.816175
0.82345
0.846675
0.869625
0.87735
0.881275
0.9282
1.01435
1.056025
1.062025
1.065675
1.0667
1.101575
1.135
1.140975
1.156525
1.1597
1.167025
1.209125
1.209675
1.2207
1.25385
1.25495
1.28555
1.307125
1.344275
1.361675
1.36565
1.3986
1.422225
1.442525
1.4662
1.516425
1.524825
1.5489
1.55105
1.62305
1.641075
1.6461
1.706725
1.73795
1.8108
1.81995
1.844025
1.85225
1.876375
1.90255
1.973075
2.022025
2.033025
2.134725
2.17245
2.223775
2.243275
2.246925
2.285225
2.317175
2.3441
2.444525
2.522775
2.609025
2.61765
2.63615
2.684025
2.748025
2.79475
2.845875
2.969125
3.088975
3.116525
3.133375
3.145525
3.250775
3.312675
3.352075
3.587525
3.600175
3.8183
3.926025
4.0093
4.0153
4.123275
4.129675
4.141725
4.2013
4.27905
4.346675
4.350925
4.3577
4.4371
4.482925
4.79185
4.872725
4.90905
5.0313
5.0479
5.09665
5.184125
5.37915
5.438225
5.51955
5.5323
5.63345
5.6782
5.77975
6.166875
6.171075
6.200825
6.3843
6.4424
6.450275
6.4741
6.5606
6.598625
6.614575
6.647625
6.81655
6.937275
7.198525
7.373475
7.495525
7.59905
7.60985
7.66975
8.012025
8.157775
8.38065
8.385575
8.422875
8.523375
8.6532
8.934475
8.93975
9.07005
9.2328
9.25345
9.374925
9.446175
9.55905
9.657975
9.694425
9.789575
9.8735
9.995225
183
