0.035275
0.1421
0.173425
0.206375
0.273625
0.3058
0.440425
0.442825
0.50135
0.547275
0.554525
0.556225
0.562175
0.57525
0.575775
0.5774
0.577725
0.578425
0.586625
0.60715
0.61015
0.61205
0.6164
0.619525
0.641475
0.654275
0.6577
0.67025
0.674475
0.682375
0.68715
0.69625
0.696525
0.726675
0.73755
0.7498
0.76165
0.783725
0.788525
0.79855
0.7988
0.82675
0.8388
0.86105
0.87685
0.89985
0.905075
0.9208
0.939275
0.972525
1.011225
1.0553
1.0643
1.067825
1.128825
1.141225
1.155125
1.168675
1.200275
1.21365
1.238875
1.27855
1.298925
1.321175
1.3462
1.4394
1.508525
1.535625
1.620275
1.6231
1.648475
1.6574
1.7089
1.731275
1.738225
1.795675
1.806675
1.917025
1.93745
2.1559
2.220725
2.266175
2.269475
2.335675
2.381175
2.457275
2.485475
2.528425
2.67745
2.761625
2.76415
2.91805
3.072975
3.19115
3.239825
3.272475
3.316575
3.58965
3.5964
3.70475
3.780325
3.809925
3.865675
3.8783
3.9019
3.925925
3.9294
3.95045
4.02625
4.056875
4.18235
4.223775
4.231475
4.258575
4.388475
4.398675
4.692925
4.701475
4.78815
4.91175
4.960975
5.083375
5.387275
5.44795
5.48045
5.5493
5.635375
6.129025
6.217925
6.22195
6.30065
6.3398
6.40755
6.506025
6.6966
6.7469
6.95805
6.95955
7.042275
7.059575
7.101475
7.1213
7.49445
7.51425
7.550625
7.6339
7.690975
7.833625
7.924275
7.991525
8.008125
8.012925
8.502025
8.577525
8.662025
9.021925
9.199775
9.28665
9.42355
9.453525
9.7587
9.8898
9.982325
163
