0.052275
0.2021
0.392525
0.46665
0.4684
0.471875
0.497825
0.509675
0.540675
0.54585
0.559225
0.58075
0.58455
0.587375
0.6002
0.603575
0.633
0.64435
0.644375
0.695
0.707625
0.739425
0.74195
0.76285
0.7634
0.77935
0.78005
0.78415
0.819175
0.8216
0.8331
0.837075
0.840975
0.848975
0.85825
0.8773
0.901025
0.91885
0.958125
0.972075
0.994775
1.005275
1.016575
1.019875
1.042775
1.0519
1.0561
1.057025
1.07515
1.08175
1.106075
1.140925
1.141275
1.169275
1.173975
1.1745
1.18545
1.20355
1.22815
1.23715
1.2587
1.261975
1.2959
1.29925
1.308175
1.3272
1.37035
1.400675
1.4025
1.40515
1.40935
1.42075
1.4512
1.45725
1.46895
1.595475
1.634
1.746125
1.75975
1.817575
1.8834
1.88455
1.91525
1.921825
1.932325
2.002
2.111325
2.190825
2.316275
2.3435
2.419325
2.44195
2.5752
2.586325
2.6857
2.7093
2.891325
2.891875
2.897625
3.0697
3.09115
3.093
3.129025
3.176825
3.183425
3.194675
3.204425
3.232375
3.23425
3.275825
3.3001
3.35235
3.437725
3.4558
3.506875
3.509125
3.576425
3.9033
3.95105
3.96875
4.02315
4.036675
4.162825
4.224825
4.28505
4.39845
4.525675
4.527475
4.572325
4.65495
4.723025
4.786725
4.8241
4.886825
4.91485
4.917925
5.0258
5.17835
5.40875
5.415475
5.5257
5.528625
5.648
5.66255
5.72695
5.827675
5.93075
5.994125
6.2276
6.32255
6.424275
6.425775
6.48605
6.714975
6.851425
7.00285
7.1255
7.199
7.2648
7.296725
7.525475
7.539975
7.54795
7.6327
7.660925
7.942875
8.289775
8.383575
8.529275
8.5922
8.616925
8.690125
8.691875
8.784475
8.903
9.033075
9.209025
9.239375
9.353225
9.41715
9.41785
9.4385
9.5596
9.620875
9.679
9.8265
9.95735
187
