0.11085
0.2519
0.3324
0.39635
0.4304
0.43855
0.479325
0.490175
0.494775
0.5112
0.512075
0.51695
0.54495
0.55985
0.56875
0.580525
0.596275
0.615525
0.6183
0.62205
0.6281
0.661975
0.666125
0.67805
0.697175
0.708325
0.717375
0.720775
0.73115
0.75085
0.754475
0.7704
0.796025
0.79915
0.885925
0.891475
0.895825
0.9103
0.9559
0.97095
0.97725
0.996225
1.041825
1.04815
1.113525
1.13785
1.17645
1.189375
1.251925
1.29495
1.32095
1.36175
1.36755
1.40845
1.408525
1.430625
1.45585
1.4694
1.52655
1.541925
1.56365
1.56735
1.5701
1.664125
1.722175
1.7261
1.76855
1.775275
1.7886
1.790425
1.898125
1.96735
1.975425
1.97815
2.020675
2.0645
2.1367
2.16325
2.169
2.21825
2.219925
2.247675
2.250225
2.284775
2.299925
2.32595
2.363525
2.365025
2.426475
2.650775
2.738525
2.8432
2.853875
2.85765
2.9186
2.98455
3.122725
3.15955
3.16565
3.329625
3.370075
3.676575
3.754425
3.855075
3.8977
3.9339
3.9623
4.017975
4.0584
4.09465
4.162175
4.217825
4.34135
4.3631
4.44215
4.4593
4.58755
4.6876
4.71715
4.729375
4.736975
4.796875
4.881925
4.9652
5.067625
5.0966
5.115125
5.19945
5.3155
5.586625
5.716125
5.9923
6.027875
6.201525
6.320925
6.329325
6.380375
6.3828
6.415525
6.520875
6.529425
6.544825
6.7743
6.782075
7.07665
7.31005
7.347825
7.4243
7.437875
7.623025
7.64195
7.644625
7.717275
8.105275
8.262925
8.28895
8.4219
8.471575
8.51925
8.52805
8.836975
9.08525
9.35755
9.3923
9.6552
9.6597
9.768825
9.8025
9.85575
169
