0.073925
0.3273
0.33995
0.351325
0.40495
0.431625
0.440925
0.448725
0.473075
0.484425
0.492675
0.4967
0.505925
0.514025
0.520625
0.5249
0.528375
0.54035
0.560125
0.5677
0.5717
0.5797
0.583575
0.588475
0.60045
0.600725
0.6018
0.60815
0.61515
0.618725
0.620125
0.6367
0.642075
0.65295
0.662775
0.66745
0.6823
0.70745
0.7099
0.710125
0.720525
0.735275
0.756675
0.782075
0.823775
0.864025
0.8757
0.877125
0.880325
0.90725
0.9197
0.9769
0.9829
1.0448
1.052775
1.05395
1.0956
1.1251
1.139225
1.226725
1.2569
1.2665
1.2773
1.376125
1.43295
1.444725
1.451375
1.50045
1.544825
1.556025
1.585
2.018775
2.129475
2.169225
2.23185
2.26845
2.29595
2.3573
2.362725
2.38965
2.395275
2.428275
2.43005
2.4369
2.468075
2.655075
2.688125
2.7612
2.841375
2.925825
2.9305
2.946825
2.990975
3.084475
3.12195
3.124975
3.202775
3.243625
3.308225
3.353725
3.3658
3.45615
3.516425
3.51655
3.742225
3.81425
3.8561
3.886875
3.891975
3.940425
3.96285
4.042875
4.07405
4.2628
4.293025
4.294425
4.2979
4.396575
4.43405
4.49045
4.5606
4.57915
4.5963
4.660325
4.766275
4.817525
4.8314
4.8538
4.934425
4.9713
5.14775
5.2213
5.52135
5.531475
5.544575
5.5523
5.561725
5.588325
5.8
5.85235
5.987075
6.0927
6.2402
6.2535
6.2891
6.3066
6.55665
6.7331
6.7491
6.8428
6.9535
6.9585
7.08645
7.126725
7.223625
7.469425
7.473775
7.60795
7.71865
8.138175
8.166375
8.232875
8.254425
8.31
8.384025
8.40285
8.434725
8.81045
8.81885
8.87
8.882475
9.009825
9.04035
9.16205
9.279375
9.423575
9.4564
9.56225
9.617925
9.68155
9.703625
9.812075
9.940375
183
