0.00335
0.02445
0.38855
0.457675
0.46905
0.491125
0.495275
0.525475
0.52845
0.533525
0.5448
0.56225
0.563075
0.56895
0.579675
0.583425
0.588175
0.615275
0.627975
0.6307
0.63415
0.662725
0.698475
0.7318
0.73605
0.7679
0.774875
0.78035
0.8133
0.814075
0.81695
0.841325
0.9074
0.911075
0.94655
0.985925
1.02385
1.026825
1.046475
1.048975
1.066
1.0789
1.09995
1.14645
1.212025
1.3393
1.3628
1.43025
1.4484
1.489675
1.57555
1.600225
1.67845
1.708325
1.7503
1.8201
1.827825
1.87375
1.894325
1.91525
2.02675
2.11045
2.1231
2.151525
2.158775
2.209075
2.28475
2.418325
2.45245
2.612925
2.61775
2.62755
2.7226
2.8024
2.933425
3.224875
3.267275
3.372975
3.4135
3.573125
3.597025
3.730925
3.747425
3.77645
3.8414
3.88155
3.919725
3.9886
3.9969
4.02745
4.123625
4.219525
4.234325
4.260525
4.466625
4.50705
4.52885
4.691475
4.77135
4.82135
4.822925
4.83725
4.96915
4.995975
5.00095
5.014875
5.147475
5.207525
5.312475
5.496275
5.727275
5.882175
5.88545
5.9556
5.978075
6.116525
6.153325
6.176625
6.184
6.186275
6.294375
6.7337
6.840225
6.98255
7.15985
7.162375
7.2136
7.2231
7.3088
7.479075
7.4798
7.66835
7.707425
7.8028
7.889175
8.01265
8.040675
8.23955
8.2434
8.343075
8.3452
8.5305
8.5369
8.5584
8.640125
8.73465
8.754075
8.79
8.8739
8.957875
8.984375
8.991675
9.12985
9.229075
9.809125
9.836325
9.8418
9.85475
9.863175
9.92195
9.997175
161
