0.0611
0.074425
0.09865
0.220625
0.240325
0.4382
0.480675
0.492625
0.497625
0.505075
0.50655
0.507825
0.5092
0.513125
0.520125
0.5221
0.525825
0.530075
0.532525
0.5383
0.5438
0.54695
0.562775
0.575575
0.582425
0.587825
0.5899
0.60325
0.613975
0.615175
0.627575
0.649475
0.6777
0.70775
0.7153
0.71765
0.754125
0.785075
0.787975
0.802225
0.837525
0.8488
0.88385
0.93035
0.931675
0.9326
0.93475
0.970625
1.016875
1.04015
1.0442
1.05825
1.108575
1.109925
1.119175
1.159225
1.1648
1.170925
1.246525
1.279125
1.305675
1.313725
1.375075
1.550075
1.679475
1.692275
1.79545
1.796425
1.808025
1.8175
1.8707
1.8971
1.89715
1.898775
1.929375
1.988225
2.119425
2.127025
2.20215
2.2852
2.3563
2.362725
2.422825
2.576875
2.6055
2.63145
2.6774
2.7292
2.777675
2.830175
2.9492
3.068725
3.083225
3.1227
3.251
3.373325
3.482375
3.4836
3.560775
3.61835
3.741825
3.83255
3.896225
3.98035
4.050825
4.084675
4.19715
4.270675
4.328875
4.4434
4.658625
4.72295
4.8976
5.0393
5.06855
5.1813
5.267475
5.291525
5.318325
5.5021
5.570525
5.633
5.7977
5.856425
5.93125
5.97595
6.032025
6.06825
6.226425
6.284125
6.3109
6.506125
6.528275
6.77085
6.859675
6.958475
6.973225
6.97395
7.07945
7.3267
7.372275
7.5875
7.7042
7.808575
7.96995
7.986875
8.018525
8.21625
8.2428
8.27895
8.29655
8.35515
8.468875
8.508025
8.529875
8.546675
8.551325
8.578175
8.835025
8.874825
8.96565
8.969575
9.079
9.251725
9.417875
9.429825
9.67115
9.777375
168
