0.451475
0.51215
0.514425
0.53805
0.5475
0.5477
0.547975
0.548325
0.55535
0.561925
0.573875
0.586475
0.600675
0.61145
0.6325
0.648475
0.65555
0.685825
0.71035
0.7315
0.7392
0.74935
0.78735
0.8085
0.8114
0.87965
0.912575
0.91565
0.917375
0.93135
0.98995
1.00155
1.00625
1.01105
1.012975
1.044875
1.059375
1.05965
1.081
1.109025
1.136525
1.178975
1.18275
1.1852
1.236425
1.249025
1.29625
1.321275
1.3266
1.4055
1.409775
1.45915
1.52355
1.524825
1.5301
1.59605
1.641775
1.642775
1.6436
1.64845
1.6685
1.687525
1.697275
1.763375
1.7956
1.8016
1.8694
1.872125
1.902025
1.904825
1.908525
2.05145
2.0615
2.135375
2.16375
2.188525
2.19055
2.235975
2.249375
2.2732
2.3372
2.357375
2.39075
2.404825
2.458
2.519925
2.631675
2.63825
2.6516
2.6883
3.012075
3.06375
3.173275
3.182775
3.27155
3.3317
3.393825
3.405425
3.462775
3.52415
3.564275
3.734475
3.749775
3.755025
3.7794
3.947075
3.947975
4.00585
4.051675
4.197975
4.3234
4.3451
4.41945
4.5693
4.58375
4.72915
4.775175
5.14095
5.194725
5.2334
5.258325
5.2896
5.301525
5.419575
5.4609
5.86475
5.9192
6.0365
6.153975
6.3315
6.3639
6.723075
6.9222
6.932775
7.1092
7.154325
7.723325
7.9914
8.116925
8.194375
8.222175
8.269975
8.3166
8.344025
8.351275
8.622925
8.76985
8.830725
8.900875
8.94605
9.12615
9.137525
9.19845
9.30335
9.407475
9.748125
9.845375
9.96615
158
