0.00865
0.019425
0.1672
0.2237
0.2441
0.40485
0.44225
0.454
0.456975
0.46065
0.47475
0.47585
0.49815
0.498325
0.52115
0.528875
0.535875
0.556625
0.587525
0.619025
0.630325
0.65275
0.66445
0.6715
0.6719
0.67315
0.681575
0.693475
0.70565
0.71985
0.73315
0.7335
0.757975
0.8001
0.82075
0.833825
0.8669
0.8997
0.91385
0.927775
0.943525
0.968625
0.9896
1.003275
1.023025
1.0355
1.03885
1.042725
1.0593
1.093225
1.095225
1.138075
1.18325
1.1886
1.2142
1.2386
1.2987
1.30085
1.310475
1.34555
1.369625
1.44925
1.45115
1.478225
1.521475
1.5347
1.57915
1.593375
1.6308
1.71675
1.724325
1.76155
1.761575
1.76325
1.770325
1.775325
1.8785
1.910575
1.941725
2.038275
2.0409
2.0453
2.048575
2.062825
2.075075
2.07835
2.100875
2.239175
2.311425
2.36265
2.4058
2.589775
2.59995
2.606625
2.6668
2.731275
2.805425
2.8159
2.83365
2.84185
2.874625
2.899075
2.9561
3.00595
3.02235
3.3171
3.414475
3.547175
3.5677
3.5701
3.67785
3.7497
3.797925
3.951175
4.097525
4.1684
4.289375
4.289575
4.360175
4.39885
4.58515
4.80335
4.87455
5.046725
5.09155
5.12605
5.13245
5.1485
5.17765
5.179475
5.3736
5.446175
5.4944
5.527
5.745325
5.9619
6.02865
6.0535
6.062975
6.18465
6.209775
6.38625
6.4304
6.4451
6.61575
6.900975
6.906425
6.924775
7.01235
7.374675
7.5356
7.72145
7.844825
7.861225
7.959775
7.98745
8.188325
8.19225
8.209625
8.4228
8.611825
8.78545
8.825
8.921475
8.933125
9.207125
9.346575
9.41295
9.4526
9.461125
9.61575
9.619225
9.788575
9.85985
174
