0.3061
0.3583
0.4293
0.455725
0.477525
0.4945
0.5047
0.50545
0.5066
0.51905
0.524025
0.530875
0.5336
0.552125
0.55685
0.55705
0.5772
0.6221
0.653375
0.66515
0.6766
0.689425
0.719775
0.730075
0.738725
0.74095
0.74415
0.77555
0.778025
0.786225
0.786425
0.796125
0.79765
0.82805
0.880425
0.8812
0.896
0.913425
0.939275
0.94055
0.958925
0.96485
0.977825
0.983975
1.023
1.02475
1.036625
1.0596
1.0752
1.080275
1.088375
1.2434
1.248675
1.251275
1.275825
1.291625
1.324725
1.40565
1.447275
1.47105
1.487725
1.57045
1.6063
1.634725
1.71685
1.78635
1.8574
1.915875
1.9168
1.9872
2.055575
2.1345
2.1588
2.2183
2.26545
2.364775
2.369875
2.4453
2.61565
2.650575
2.661275
2.71795
2.730225
2.78615
2.7901
2.891075
2.909125
2.999225
3.070025
3.074875
3.24375
3.257775
3.343525
3.51555
3.5864
3.58935
3.6838
3.791925
3.8061
3.96735
4.03855
4.089525
4.180725
4.2015
4.24995
4.2803
4.5413
4.548275
4.587375
4.6276
4.65305
4.70435
4.8133
4.842425
4.863925
4.874425
4.89355
4.9658
5.01505
5.03795
5.355925
5.471
5.540225
5.620875
5.75465
5.882375
5.979675
6.0138
6.072875
6.106025
6.33045
6.514025
6.6515
6.887575
6.91745
6.938825
7.098575
7.14155
7.277
7.457025
7.525975
7.61335
7.777325
7.984675
8.158775
8.2144
8.35335
8.609
8.841525
8.931225
8.945625
8.946125
9.088925
9.235225
9.54705
9.619475
9.7546
9.7765
9.912275
9.9406
160
