0.0962
0.38375
0.4477
0.487
0.494625
0.4967
0.49725
0.5085
0.5223
0.522325
0.53825
0.5404
0.54215
0.5509
0.577975
0.591125
0.59355
0.59405
0.621775
0.64605
0.6616
0.687825
0.695775
0.698225
0.709975
0.723425
0.73965
0.7422
0.762325
0.808025
0.864675
0.875275
0.8767
0.910225
0.987375
0.991725
1.03325
1.042325
1.07845
1.1403
1.2003
1.202125
1.204925
1.205475
1.2169
1.233625
1.247225
1.252525
1.2526
1.28465
1.2932
1.363925
1.4255
1.563275
1.564
1.5653
1.58035
1.581375
1.610575
1.7767
1.850625
1.922125
1.9521
2.03825
2.191325
2.334875
2.42465
2.440575
2.495225
2.546525
2.558925
2.635425
2.64315
2.6665
2.667125
2.681575
2.684
2.7255
2.734475
2.74495
2.765175
2.7971
2.865675
2.92185
2.9457
3.007025
3.0171
3.405225
3.414125
3.46175
3.463125
3.580825
3.585675
3.6245
3.6572
3.883525
3.915875
3.991275
4.074425
4.221325
4.2535
4.28445
4.301475
4.319975
4.336525
4.354375
4.407725
4.5194
4.5828
4.587225
4.738575
4.7581
4.77625
4.7901
4.874975
4.9546
4.978225
4.998525
5.0161
5.05215
5.064275
5.06595
5.079775
5.08155
5.104
5.319375
5.467825
5.4693
5.509625
5.600875
5.7262
5.9313
5.94205
5.94795
6.1065
6.15725
6.16035
6.257975
6.342725
6.413825
6.42865
6.429975
6.8046
6.940675
6.983225
7.053775
7.09765
7.3587
7.40515
7.487925
7.50075
7.522775
7.599425
7.6936
7.8803
7.9349
8.013525
8.03475
8.118925
8.258875
8.27455
8.285725
8.5951
8.750975
8.865275
8.8787
9.025125
9.14635
9.387525
9.446325
9.541675
9.60885
9.684975
9.741925
9.790475
175
