0.046025
0.048675
0.0597
0.407475
0.458375
0.48125
0.4904
0.49625
0.498925
0.499475
0.51375
0.539675
0.541875
0.544925
0.5452
0.560225
0.564125
0.5655
0.57115
0.5919
0.596725
0.59735
0.609125
0.647025
0.66495
0.680625
0.6821
0.694275
0.72135
0.756525
0.76655
0.788475
0.81045
0.83305
0.834875
0.8371
0.8529
0.8646
0.903175
0.904425
0.9148
0.92765
1.00105
1.08975
1.098675
1.124775
1.129875
1.159825
1.18315
1.236075
1.263275
1.347525
1.37185
1.431675
1.505175
1.6918
1.699525
1.708975
1.72505
1.819275
1.92185
2.0661
2.1249
2.13555
2.148525
2.2102
2.46265
2.55485
2.5559
2.588975
2.607375
2.6424
2.769725
2.878875
2.936225
2.94655
3.030475
3.0322
3.0644
3.191175
3.3587
3.4373
3.472075
3.5251
3.606175
3.67185
3.67275
3.811675
3.94255
3.94695
3.9844
4.0118
4.0234
4.115475
4.170725
4.176125
4.22285
4.28745
4.2895
4.319875
4.38385
4.42215
4.4864
4.547875
4.60705
4.9606
4.994625
5.0824
5.15915
5.1998
5.206275
5.34655
5.359075
5.59735
5.668275
5.7089
5.99405
6.080175
6.08025
6.158
6.180475
6.19035
6.236675
6.253225
6.60495
6.61685
6.675475
6.9874
7.051125
7.0769
7.1276
7.1797
7.1972
7.5906
7.7936
7.979525
8.150475
8.277025
8.6032
8.7423
8.748725
9.238275
9.24485
9.360875
9.369675
9.443375
9.46275
9.466625
9.502875
9.60455
9.847525
151
