2.5e-05
0.053325
0.13605
0.17425
0.220425
0.227
0.243625
0.476625
0.481475
0.48165
0.484725
0.4943
0.5079
0.525175
0.53545
0.53675
0.542575
0.563475
0.566025
0.577475
0.5809
0.590875
0.593775
0.644875
0.646525
0.651525
0.660325
0.66885
0.6811
0.701825
0.702625
0.745
0.75105
0.7532
0.77025
0.77445
0.786725
0.7872
0.78825
0.78855
0.790975
0.8111
0.8133
0.815425
0.8239
0.829475
0.8325
0.834325
0.83595
0.84545
0.8515
0.8568
0.8705
0.87185
0.8729
0.874625
0.875375
0.875825
0.9016
0.918425
0.925675
0.932025
0.953675
0.9902
1.027875
1.041075
1.043025
1.088325
1.179325
1.181225
1.201575
1.20715
1.215775
1.25915
1.31605
1.367425
1.380275
1.381475
1.382575
1.39465
1.40375
1.4429
1.461375
1.462775
1.611925
1.638025
1.6777
1.698125
1.752975
1.806975
1.814
1.870825
1.8943
1.9149
1.920475
1.961475
1.99945
2.01435
2.059725
2.06475
2.084425
2.1296
2.141025
2.19945
2.225825
2.330525
2.392175
2.40225
2.545425
2.5919
2.64205
2.702475
2.833175
2.8738
2.89245
2.951925
3.047775
3.202475
3.2054
3.258575
3.272425
3.3386
3.4519
3.4754
3.72045
3.780375
3.8768
3.877125
3.972
3.977925
4.065
4.072475
4.15375
4.213675
4.29485
4.29915
4.305575
4.31345
4.71265
4.767
4.8944
4.898925
4.913975
4.92235
5.0243
5.183225
5.305475
5.33885
5.419975
5.4602
5.46395
5.46635
5.4848
5.52425
5.5764
5.62615
5.7752
5.832025
5.91635
5.9931
6.106125
6.163825
6.19035
6.2841
6.46405
6.5748
6.72295
6.840875
6.9239
6.974275
7.122525
7.21015
7.471775
7.65115
7.759425
7.9195
7.957675
7.96085
7.988675
8.1907
8.226075
8.477875
8.56755
8.9209
8.954475
9.1466
9.221675
9.274975
9.41925
9.523075
9.60395
9.672375
9.96115
193
