0.1223
0.458675
0.468775
0.4704
0.4802
0.4806
0.48675
0.510325
0.510475
0.51075
0.513075
0.518025
0.52535
0.5286
0.532725
0.54185
0.54485
0.56395
0.5649
0.575125
0.6168
0.62975
0.6344
0.659375
0.663325
0.673875
0.685325
0.686075
0.700875
0.7175
0.719725
0.756375
0.759225
0.762775
0.799875
0.802025
0.86755
0.873975
0.89035
0.8905
0.9018
0.9497
0.96175
0.979025
1.01205
1.0281
1.083
1.10465
1.195725
1.203575
1.2079
1.2174
1.22885
1.262325
1.28265
1.29085
1.30455
1.3252
1.365425
1.4001
1.46045
1.477725
1.49795
1.503625
1.505975
1.519375
1.56195
1.636325
1.667825
1.675875
1.745675
1.795575
1.810075
1.8204
1.831225
1.876
1.98815
1.999425
2.00785
2.107225
2.172375
2.27565
2.314175
2.382975
2.5981
2.5992
2.636075
2.646775
2.67215
2.71445
2.816975
2.83775
2.84595
2.89785
2.9192
3.02665
3.048725
3.1157
3.2305
3.2366
3.2435
3.2544
3.291625
3.4849
3.72575
3.843325
3.976575
3.9825
3.98415
4.173325
4.2523
4.497125
4.556375
4.617925
4.641025
4.7431
4.7438
4.773
5.18695
5.400925
5.485225
5.553625
5.5561
5.777075
5.784525
5.92015
5.980325
6.31295
6.4592
6.5975
6.863475
7.178425
7.255725
7.4908
7.553825
7.661575
7.711525
7.731425
7.74385
7.880175
8.07205
8.0806
8.214775
8.217225
8.29635
8.3565
8.5526
8.5847
8.9906
9.010775
9.02615
9.13295
9.389675
9.4162
9.697125
9.698675
9.788075
9.940325
158
