0.0514
0.3715
0.475775
0.4785
0.490575
0.492475
0.498325
0.503925
0.510775
0.511175
0.512225
0.5261
0.53165
0.563075
0.6033
0.604925
0.619525
0.62065
0.632175
0.633475
0.63365
0.655475
0.68205
0.684625
0.704425
0.708725
0.733975
0.74505
0.746125
0.746375
0.749125
0.7649
0.768125
0.781825
0.79665
0.82085
0.830875
0.868125
0.8823
0.911275
0.932375
0.97035
0.984325
1.02625
1.042275
1.09255
1.1117
1.179
1.185625
1.223975
1.233475
1.28185
1.285275
1.285375
1.293425
1.314375
1.3507
1.375875
1.3924
1.40195
1.47865
1.52895
1.54055
1.548525
1.5512
1.554925
1.59165
1.66575
1.699425
1.769225
1.792975
1.862075
1.880225
1.90365
1.932525
2.128025
2.15015
2.161625
2.19585
2.2571
2.370575
2.409525
2.4258
2.43285
2.5542
2.5708
2.583225
2.621275
2.62685
2.678675
2.8272
2.851475
2.936175
2.965925
3.020175
3.031325
3.164175
3.1877
3.195125
3.1993
3.210225
3.26735
3.3085
3.32535
3.4736
3.514675
3.6179
3.660325
3.7846
4.03035
4.074325
4.124925
4.1597
4.223225
4.243325
4.26905
4.4749
4.49655
4.6434
4.68395
4.812475
4.886875
4.888225
4.9245
5.003975
5.28755
5.485375
5.694575
5.7292
5.831825
5.8825
5.92375
6.2346
6.3033
6.359125
6.558175
6.754
6.766125
6.93055
7.1307
7.214875
7.245525
7.30285
7.30935
7.32835
7.351975
7.564425
7.623825
7.672325
7.696375
7.878125
8.1201
8.138575
8.188725
8.225625
8.3021
8.393925
8.673975
8.755375
8.7636
8.87465
8.90305
8.914975
9.21275
9.213075
9.5746
9.750925
9.836125
168
