0.0628
0.201425
0.20625
0.48255
0.485575
0.50125
0.509375
0.5224
0.5254
0.526475
0.52845
0.532
0.536875
0.538125
0.54055
0.54215
0.550575
0.556475
0.565875
0.5706
0.578775
0.5796
0.5817
0.5898
0.6005
0.61115
0.6253
0.6552
0.674275
0.682875
0.721825
0.7375
0.7452
0.76295
0.764675
0.774925
0.78
0.80565
0.839875
0.840775
0.849475
0.872225
0.8726
0.9187
0.94805
1.002725
1.03805
1.04025
1.072775
1.0821
1.121075
1.1413
1.14815
1.149325
1.158825
1.188875
1.19
1.199075
1.274725
1.2817
1.2917
1.318875
1.3279
1.3743
1.4176
1.49775
1.520675
1.549925
1.6059
1.6227
1.65125
1.7075
1.790925
1.84415
1.865125
1.879975
1.916075
1.93845
2.01005
2.01755
2.043625
2.0576
2.060475
2.082125
2.382525
2.40495
2.424125
2.429625
2.49065
2.59745
2.694575
2.774125
2.955225
2.971975
3.0344
3.1186
3.186325
3.249225
3.3133
3.326675
3.4467
3.4482
3.461225
3.511975
3.641175
3.654625
3.708525
3.846275
3.847725
3.93535
3.93965
3.977225
4.062575
4.1517
4.2092
4.2866
4.3291
4.373975
4.50165
4.5878
4.608025
4.69585
4.8594
4.9599
5.02225
5.141175
5.161275
5.646075
5.721225
5.78795
5.997925
6.139525
6.177225
6.43405
6.435725
6.634775
6.65165
6.683575
6.7905
6.827225
6.8441
6.8442
6.911625
6.943075
6.982675
7.01675
7.018775
7.023425
7.15335
7.28395
7.654175
7.881025
7.9124
7.9622
8.0946
8.16005
8.172975
8.271225
8.742025
8.937
8.970825
9.12355
9.2825
9.31825
9.398175
9.514475
9.645375
9.663725
9.925225
9.99525
170
