0.123525
0.209275
0.212825
0.34275
0.4015
0.456875
0.482925
0.487525
0.503175
0.512
0.514875
0.520175
0.5224
0.53025
0.537325
0.5631
0.565325
0.566625
0.5691
0.5693
0.577675
0.578125
0.5993
0.623725
0.624325
0.698825
0.700375
0.705825
0.706175
0.738975
0.7496
0.756875
0.75835
0.759375
0.762725
0.77965
0.79935
0.82165
0.838125
0.8514
0.855925
0.859725
0.8616
0.87835
0.885025
0.892425
0.98405
1.025875
1.046325
1.06005
1.100025
1.103325
1.119875
1.132125
1.14785
1.198175
1.272525
1.281175
1.297725
1.303475
1.30425
1.315875
1.373525
1.402375
1.40305
1.419275
1.472475
1.4914
1.68665
1.7272
1.75135
1.7976
1.909375
2.077075
2.078
2.084775
2.092925
2.109925
2.1375
2.1823
2.2235
2.2391
2.25815
2.349675
2.3725
2.39785
2.414275
2.41705
2.45145
2.4876
2.50605
2.518025
2.5444
2.5621
2.707
2.792
2.948025
2.997175
3.03685
3.123125
3.129275
3.153175
3.203725
3.241525
3.2773
3.2987
3.3188
3.352975
3.408575
3.409125
3.448925
3.652
3.702
3.706
3.72025
3.87005
3.881775
3.95265
4.47325
4.54655
4.59685
4.78895
5.192275
5.338275
5.378175
5.397925
5.481275
5.531675
5.56645
5.8727
5.998175
6.084175
6.135075
6.388325
6.518525
6.8152
6.8293
7.171625
7.1877
7.261825
7.26485
7.31935
7.422775
7.49075
7.621425
7.707675
7.990075
8.024325
8.31075
8.632275
8.638075
8.915075
8.996775
9.1621
9.384225
9.799525
156
