0.084
0.12825
0.2109
0.23715
0.273025
0.323475
0.333575
0.47145
0.47735
0.4791
0.484
0.48815
0.5439
0.553775
0.560675
0.564
0.565575
0.568375
0.56965
0.571325
0.58665
0.596225
0.609275
0.609825
0.622325
0.62955
0.646125
0.657175
0.65825
0.66015
0.66675
0.68585
0.695275
0.713575
0.725475
0.745
0.748025
0.75305
0.769075
0.799375
0.81435
0.8694
0.883825
0.90235
0.9061
0.9187
0.96645
1.00465
1.02975
1.0395
1.048075
1.09295
1.097475
1.1305
1.13585
1.146525
1.1596
1.1836
1.253625
1.290375
1.3226
1.3555
1.357225
1.4453
1.44715
1.46485
1.52225
1.54475
1.55335
1.646775
1.661025
1.6648
1.67285
1.6758
1.725025
1.75355
1.802375
1.811875
1.82255
1.842925
1.8853
1.88575
1.910575
1.9229
1.979025
2.015225
2.07065
2.0862
2.10825
2.138475
2.143425
2.228675
2.234225
2.24065
2.4485
2.4782
2.478575
2.5161
2.6155
2.70535
2.8275
2.946075
3.015125
3.02565
3.03675
3.16945
3.2446
3.26115
3.3682
3.657775
3.98095
4.083675
4.084875
4.108175
4.431025
4.44305
4.499
4.591725
4.67045
4.68365
4.755
4.802625
4.897225
5.022425
5.2361
5.461825
5.759425
5.826275
6.00435
6.2028
6.6277
6.6378
6.853025
7.27425
7.398425
7.423175
7.449
7.522975
7.657575
7.6928
7.78055
7.794775
7.995025
8.13925
8.217525
8.380025
8.410425
8.5125
8.643725
9.30975
9.693275
151
