0.0149
0.0157
0.160825
0.27595
0.321375
0.45355
0.478825
0.49325
0.4934
0.49825
0.5003
0.512025
0.519575
0.5342
0.552125
0.566125
0.58725
0.594975
0.619475
0.6598
0.678775
0.6838
0.68385
0.7233
0.748825
0.820125
0.85145
0.853425
0.939125
0.94965
0.9551
0.95565
0.971725
1.034525
1.066875
1.08555
1.094625
1.09995
1.11795
1.12455
1.12485
1.1269
1.1394
1.17235
1.1811
1.18715
1.23565
1.252
1.267975
1.2689
1.2948
1.34715
1.353275
1.357575
1.378775
1.385175
1.44955
1.4633
1.499475
1.522925
1.53175
1.54935
1.550425
1.628725
1.646275
1.679
1.72385
1.7356
1.741125
1.769475
1.773575
1.804325
1.87015
1.879475
1.892725
2.062
2.114025
2.14585
2.165325
2.378925
2.447475
2.465725
2.48375
2.4904
2.50375
2.5255
2.5942
2.617775
2.6517
2.662875
2.6664
2.829925
2.850075
2.88415
3.011525
3.017975
3.018275
3.0246
3.046125
3.0573
3.132375
3.24995
3.270325
3.29625
3.4052
3.4056
3.4444
3.636425
3.65095
3.712925
3.744525
3.907425
4.076675
4.216975
4.289475
4.29845
4.4963
4.96975
4.99045
4.994075
5.224175
5.247025
5.28015
5.3424
5.4532
5.5348
5.553125
5.608675
5.6261
5.854775
6.0475
6.070725
6.086175
6.3135
6.319325
6.3459
6.41675
6.6285
6.664825
6.6983
6.806225
6.8141
6.83645
7.00905
7.061325
7.089625
7.10625
7.1227
7.169625
7.2298
7.36905
7.637475
7.763
7.77775
7.857475
7.89745
7.95275
7.9969
8.00225
8.016775
8.07275
8.223375
8.294225
8.5287
8.579125
8.7111
9.05445
9.176625
9.18575
9.18815
9.265675
9.307475
9.418475
9.8072
9.83865
9.8628
9.982975
177
