0.04915
0.066425
0.163325
0.234175
0.24735
0.2671
0.342275
0.444325
0.448275
0.45865
0.50125
0.5041
0.508975
0.512525
0.5144
0.524975
0.5259
0.581225
0.59575
0.60115
0.60245
0.6428
0.6486
0.654475
0.676825
0.69235
0.721975
0.7321
0.737575
0.7402
0.75225
0.758575
0.7612
0.77605
0.82275
0.832875
0.83325
0.8418
0.84745
0.851925
0.856225
0.8947
0.912025
0.9552
0.96305
0.97135
1.05095
1.084375
1.109925
1.13865
1.159625
1.1831
1.195125
1.198525
1.20195
1.202925
1.22075
1.2397
1.2633
1.36515
1.41525
1.416725
1.42195
1.456975
1.4692
1.516875
1.5318
1.63745
1.653275
1.6683
1.682525
1.74105
1.8451
1.871375
1.873075
1.8829
1.93015
1.946325
1.997975
2.005625
2.03095
2.04185
2.056975
2.1502
2.168
2.1801
2.22995
2.2993
2.30645
2.31035
2.396275
2.5329
2.6489
2.7105
2.7319
2.743575
2.8265
2.978175
3.041075
3.052525
3.06295
3.07535
3.1232
3.126025
3.14545
3.1469
3.169025
3.227475
3.267025
3.282625
3.38765
3.395
3.40045
3.43235
3.580675
3.5842
3.85945
3.901025
4.076075
4.132
4.20915
4.337375
4.41475
4.45125
4.587475
4.609575
4.772575
5.023225
5.0476
5.08485
5.258175
5.404325
5.494
5.734475
5.75675
5.7742
5.776075
5.795325
5.81185
5.981525
6.087175
6.1775
6.34245
6.34825
6.369875
6.449125
6.851875
6.8725
6.878425
6.886875
6.962375
7.181325
7.481775
7.495825
7.49585
7.509225
7.53255
7.71285
7.85605
7.913675
7.96765
8.24795
8.347975
8.607025
8.66325
8.77125
8.775425
8.814825
8.8779
9.169225
9.200525
9.38495
9.86925
173
