0.0829
0.3059
0.4444
0.4736
0.48795
0.505825
0.508525
0.511175
0.52885
0.5422
0.5497
0.551575
0.5701
0.571425
0.5754
0.577025
0.593825
0.607325
0.607525
0.62125
0.626975
0.64825
0.66005
0.670025
0.676125
0.6821
0.70055
0.707025
0.7418
0.754
0.7551
0.788625
0.8159
0.8182
0.8255
0.828125
0.848975
0.8586
0.859525
0.893325
0.8982
0.9298
0.930925
0.960625
0.99055
1.03295
1.071575
1.11465
1.114675
1.186125
1.2395
1.26325
1.277175
1.2838
1.299025
1.321675
1.4236
1.48905
1.556225
1.590175
1.5961
1.682
1.6906
1.7604
1.7718
1.84815
1.85695
1.86655
1.96685
1.982175
1.993875
2.070875
2.088125
2.101025
2.146125
2.166225
2.2177
2.221425
2.242125
2.29765
2.312775
2.4156
2.64585
2.651525
2.662125
2.7258
2.736925
2.77185
2.797825
2.8646
2.872
2.88805
2.93505
2.946925
2.955975
2.971725
2.9755
2.98585
3.057875
3.075225
3.179925
3.415725
3.460225
3.46745
3.55505
3.83015
3.86695
3.938975
4.011175
4.076275
4.118825
4.142825
4.21205
4.229775
4.233225
4.34825
4.4075
4.443075
4.587125
4.5976
4.63665
4.643675
4.686925
4.881125
4.892225
4.93935
4.964525
4.983675
5.072575
5.196825
5.2148
5.3824
5.4035
5.4285
5.428975
5.4306
5.5466
5.897075
6.1311
6.1696
6.2651
6.29125
6.364475
6.399175
6.44795
6.467075
6.4679
6.59705
6.678675
6.6846
6.70895
6.8646
6.976575
7.087825
7.39995
7.6837
7.69345
7.725675
7.82075
7.8559
8.012675
8.025775
8.163575
8.349525
8.404025
8.7177
8.980375
9.14745
9.2078
9.272525
9.3269
9.383375
9.4869
9.526475
9.969225
9.99505
176
