0.145475
0.369775
0.451925
0.46105
0.483875
0.529525
0.53315
0.5377
0.54795
0.55475
0.560475
0.577425
0.58025
0.588075
0.59255
0.6071
0.613825
0.6166
0.62365
0.631
0.639275
0.6403
0.6453
0.65525
0.672025
0.67665
0.682475
0.6916
0.693525
0.706375
0.708375
0.74675
0.756
0.75855
0.762075
0.780325
0.78255
0.826225
0.844925
0.863725
0.89205
0.95495
0.979475
1.000075
1.019075
1.025225
1.07715
1.119725
1.167875
1.197425
1.197625
1.207525
1.2199
1.23165
1.27655
1.303525
1.37495
1.414225
1.415725
1.46945
1.55365
1.559275
1.568675
1.650975
1.72885
1.76385
1.85475
1.874875
1.915925
1.925825
1.930375
1.9863
1.9875
2.031675
2.072825
2.0813
2.132575
2.150825
2.195925
2.20135
2.21675
2.313275
2.348025
2.399125
2.4683
2.529925
2.574825
2.660125
2.6646
2.703075
2.716025
2.738525
2.77145
2.786125
2.88245
2.9
3.023475
3.1361
3.145925
3.245025
3.2757
3.2821
3.58515
3.616925
3.6381
3.6944
3.714925
3.745875
3.864425
4.10415
4.11175
4.59145
4.608825
4.61185
4.6213
4.63955
5.165975
5.184675
5.20285
5.281675
5.3256
5.429425
5.50175
5.767975
5.9374
5.9582
6.42735
6.588875
6.804375
6.8061
7.0049
7.072725
7.08165
7.110875
7.176775
7.19125
7.2368
7.28725
7.5307
7.6324
7.638125
7.706475
7.83755
7.9708
7.9995
8.0155
8.05735
8.20795
8.385925
8.48075
8.4822
8.513975
8.549425
8.582225
8.66765
8.73095
8.797625
8.798475
9.070175
9.115475
9.265325
9.299275
9.364675
9.455625
9.6818
9.810325
9.93415
167
