0.341225
0.43625
0.45575
0.461675
0.48285
0.522125
0.529875
0.53655
0.556225
0.580475
0.58475
0.59705
0.6019
0.61155
0.6378
0.682975
0.694075
0.6979
0.7048
0.743075
0.749375
0.781025
0.796775
0.805875
0.8143
0.816625
0.8429
0.847425
0.85535
0.87675
0.8919
0.893275
0.900725
0.906575
0.941175
0.969375
0.9712
0.977575
0.98315
1.060325
1.068125
1.126475
1.14895
1.170475
1.225
1.314925
1.320825
1.3266
1.399375
1.41135
1.415175
1.4507
1.45255
1.453525
1.505175
1.505275
1.572275
1.594575
1.609675
1.648125
1.6923
1.730625
1.768325
1.8001
1.966325
1.98255
1.996675
2.00585
2.018375
2.0651
2.124125
2.2258
2.252175
2.263675
2.3064
2.35735
2.368825
2.5314
2.621825
2.676
2.696475
2.7023
2.7414
2.875875
2.901575
3.1609
3.205275
3.326625
3.33885
3.42885
3.44085
3.452925
3.45505
3.523
3.549575
3.73585
3.91745
3.95395
3.964825
4.159875
4.4372
4.54345
4.59425
4.660675
4.667375
4.711875
4.803325
4.8127
4.89675
5.133125
5.154025
5.1574
5.23445
5.2444
5.464925
5.511825
5.680475
5.684125
5.695825
6.304025
6.37275
6.471075
6.643525
6.835775
6.8872
7.240225
7.419725
7.5795
7.69625
7.69655
7.95475
8.0033
8.278675
8.2979
8.572875
8.6832
8.826825
9.072675
9.10205
9.3691
9.667875
9.9315
9.973125
143
