0.002875
0.15125
0.166625
0.259825
0.275525
0.470475
0.472575
0.47955
0.48665
0.49055
0.496225
0.49765
0.4983
0.50235
0.514625
0.51675
0.5323
0.534325
0.5347
0.553825
0.558925
0.563775
0.577525
0.593775
0.60305
0.61145
0.614675
0.61555
0.61965
0.62015
0.62815
0.637625
0.646375
0.647125
0.648875
0.655725
0.73875
0.740475
0.779075
0.800325
0.835325
0.85245
0.8761
0.900075
0.91
0.927325
0.930825
0.9374
0.948075
0.960475
0.97335
0.981775
0.985125
1.03535
1.037725
1.039325
1.061725
1.1037
1.114325
1.15565
1.15895
1.182725
1.20045
1.23375
1.235675
1.25675
1.281725
1.2926
1.3175
1.3188
1.323925
1.33285
1.34835
1.38045
1.391225
1.4053
1.4313
1.49385
1.50375
1.5062
1.52795
1.58595
1.69665
1.7399
1.744125
1.84645
1.848525
1.9354
1.9647
1.981025
2.0232
2.0526
2.0533
2.10765
2.160825
2.195575
2.200675
2.2742
2.3203
2.346475
2.60935
2.633575
2.6706
2.674775
2.7051
2.717025
2.732675
2.75645
2.869475
2.902675
2.9072
2.9425
3.030375
3.144625
3.19845
3.244575
3.2856
3.31695
3.43615
3.4965
3.52285
3.6212
3.660625
3.68155
3.72955
3.781825
3.8051
3.978875
3.99815
4.017825
4.0216
4.22425
4.294875
4.395075
4.424875
4.5817
4.691225
4.7317
4.77035
5.01775
5.09045
5.146175
5.192425
5.32445
5.4778
5.5299
5.7527
5.7556
5.786975
6.003775
6.02295
6.03935
6.14415
6.145675
6.397075
6.4319
6.5698
6.572375
6.77395
6.97605
6.99535
7.090275
7.40035
7.5695
7.6034
7.6852
7.7707
7.89215
7.938725
7.949275
8.11735
8.12855
8.170775
8.19845
8.28565
8.3981
8.439825
8.497525
8.573625
9.125775
9.33305
9.340125
9.369775
9.489
9.635725
9.711125
186
