0.065575
0.1026
0.4249
0.475625
0.47875
0.5321
0.533175
0.5485
0.5572
0.557225
0.568625
0.57415
0.577375
0.60675
0.610125
0.626675
0.636525
0.65665
0.65795
0.658325
0.6624
0.7093
0.713775
0.714425
0.7212
0.727
0.733875
0.75045
0.7532
0.789175
0.8039
0.815225
0.86065
0.86345
0.880975
0.887725
0.89485
0.932075
1.039075
1.051425
1.06895
1.087075
1.093425
1.0947
1.10635
1.114675
1.118775
1.1365
1.136825
1.21535
1.21565
1.240125
1.2441
1.314875
1.3606
1.371775
1.376425
1.3794
1.392975
1.442325
1.459175
1.46985
1.537375
1.5402
1.55355
1.584475
1.70765
1.781025
1.785
1.8454
1.871975
1.9033
2.0929
2.18865
2.301725
2.31625
2.3765
2.434525
2.4962
2.526975
2.52785
2.542875
2.572575
2.6167
2.675725
2.6802
2.77995
2.856675
2.91705
2.9209
3.007975
3.010025
3.06155
3.08135
3.123625
3.19585
3.210925
3.38655
3.480675
3.518025
3.5271
3.5911
3.6361
3.68515
3.872675
3.884475
3.979725
4.084625
4.098425
4.21875
4.312425
4.372525
4.413675
4.434575
4.5208
4.58125
4.625875
4.688875
4.696325
4.791825
4.827275
4.943175
4.9435
5.046075
5.18715
5.2219
5.38215
5.405375
5.6783
5.778275
5.905925
6.01665
6.048175
6.259575
6.334875
6.45815
6.459475
6.5069
6.51085
6.520375
6.7156
6.76275
6.81085
6.816575
6.92255
7.02075
7.03375
7.1018
7.224825
7.549025
7.5517
7.758475
8.123775
8.13975
8.2385
8.279125
8.284725
8.34985
8.38275
8.44415
8.4681
8.6325
8.66395
8.68045
8.8302
9.63835
9.7084
167
