0.179
0.419375
0.4638
0.4647
0.481775
0.4914
0.49815
0.525125
0.559575
0.560675
0.5676
0.5727
0.57655
0.57935
0.585775
0.60695
0.60865
0.612275
0.6258
0.6376
0.643025
0.6492
0.667675
0.690875
0.724575
0.725675
0.7345
0.7375
0.759475
0.759725
0.83285
0.83515
0.85835
0.87045
0.870575
0.88295
0.9139
0.918675
0.941575
0.9632
0.968225
0.970975
0.9944
0.994975
1.003275
1.011875
1.030475
1.0348
1.07675
1.11625
1.139425
1.148825
1.1603
1.164925
1.1683
1.16935
1.1713
1.17355
1.1762
1.287
1.375775
1.392725
1.394175
1.4274
1.45635
1.46175
1.4907
1.49475
1.565375
1.696225
1.7616
1.779525
1.857025
1.88075
1.986425
1.9867
2.0375
2.045425
2.0526
2.1065
2.157525
2.192125
2.2584
2.319875
2.327275
2.4363
2.57505
2.6008
2.73255
2.77625
2.825075
2.841425
2.853075
2.945875
3.075075
3.088125
3.227675
3.25425
3.268125
3.485975
3.510575
3.5327
3.571525
3.573375
3.597425
3.720125
3.804075
4.042975
4.16625
4.167025
4.21105
4.229675
4.333625
4.353325
4.36145
4.5137
4.5339
4.5521
4.555075
4.6575
4.8598
4.94885
5.187925
5.22475
5.232025
5.414425
5.505175
5.718925
5.730025
5.854325
5.8821
5.938625
5.97145
6.16395
6.214
6.2703
6.30655
6.463925
6.61195
7.150475
7.253625
7.283175
7.39565
7.4611
7.51465
7.526175
7.6661
7.86605
8.004775
8.049475
8.105175
8.15045
8.385575
8.451
8.609875
8.626975
8.679325
8.755275
9.028875
9.263825
9.409225
9.454025
9.475825
9.628725
9.717475
9.83905
9.90135
9.96025
9.977025
169
