0.33635
0.37665
0.38375
0.397875
0.450375
0.502175
0.504275
0.504575
0.511975
0.516375
0.529425
0.532775
0.53625
0.6124
0.616
0.6354
0.64515
0.660025
0.699525
0.71295
0.754925
0.761475
0.8205
0.8517
0.8697
0.90685
0.9287
0.937875
0.94175
0.9983
1.0046
1.01295
1.020975
1.029025
1.0317
1.07285
1.07385
1.113025
1.118675
1.152375
1.16345
1.1796
1.1818
1.19525
1.22875
1.239275
1.282675
1.2848
1.286725
1.287975
1.29325
1.302475
1.334375
1.357125
1.364525
1.378725
1.38665
1.38955
1.420825
1.51015
1.5217
1.646025
1.7053
1.7402
1.7507
1.76465
1.89265
1.928925
2.0235
2.072875
2.078
2.078125
2.096025
2.134325
2.221025
2.2275
2.237925
2.238275
2.3378
2.43455
2.49545
2.4981
2.614125
2.6215
2.71265
2.74945
2.7757
2.779425
2.86215
3.1182
3.2407
3.26615
3.34715
3.387025
3.43825
3.473975
3.574475
3.664925
3.6692
3.69465
3.889125
3.8994
3.947025
3.9882
4.0802
4.109775
4.199825
4.28515
4.3481
4.371325
4.4067
4.42645
4.448575
4.634
4.844375
4.847325
5.072075
5.18195
5.19145
5.4167
5.625675
5.6591
5.661725
5.67305
5.779
6.037025
6.1069
6.1296
6.191075
6.373125
6.479375
6.486425
6.716475
6.837175
6.978
7.109025
7.13845
7.313275
7.403925
7.443175
7.4582
7.492975
7.5807
7.6149
7.6646
7.703425
7.81075
7.92165
7.945425
8.07295
8.0754
8.12735
8.7919
9.04865
9.11365
9.401
9.477025
9.513225
9.586625
9.650925
9.738725
9.792525
9.835825
9.887225
9.9043
165
