0.0325
0.090725
0.120375
0.12555
0.2637
0.483725
0.49855
0.504925
0.512175
0.513575
0.514475
0.516625
0.5286
0.5374
0.543375
0.547375
0.549725
0.5672
0.580725
0.617425
0.62925
0.64325
0.693325
0.734775
0.7374
0.742975
0.74575
0.764675
0.7868
0.8236
0.8357
0.840325
0.848975
0.8713
0.878875
0.882675
0.8997
0.943125
0.995475
1.005075
1.051
1.078675
1.084925
1.09715
1.15305
1.168675
1.189175
1.25595
1.2827
1.289125
1.406275
1.4836
1.511875
1.5303
1.695475
1.764725
1.771875
1.848525
1.96425
2.04515
2.079675
2.092725
2.2673
2.312625
2.40185
2.46665
2.475325
2.64545
2.7239
2.823125
2.8534
2.97835
3.017225
3.0716
3.09355
3.134625
3.15925
3.201375
3.23095
3.241825
3.2443
3.251775
3.344475
3.3559
3.385775
3.487525
3.5318
3.5498
3.697075
3.7326
3.8505
3.8522
3.870925
3.922825
3.927475
3.931375
4.05535
4.06065
4.084675
4.100275
4.2811
4.30555
4.35495
4.358975
4.374675
4.49455
4.522275
4.540325
4.6266
4.8256
5.1049
5.13175
5.246
5.268225
5.329175
5.633375
5.808925
5.819075
5.836525
5.838275
5.850475
5.882225
5.8966
6.31205
6.313925
6.49385
6.546925
7.113525
7.350225
7.544475
7.58465
7.5884
7.602025
7.686375
7.8133
7.991925
8.0083
8.181225
8.240075
8.75675
8.77525
8.78405
8.85805
8.990375
9.11495
9.13975
9.182525
9.24265
9.433125
9.7883
9.803075
9.809225
9.91545
153
