0.481875
0.494275
0.4977
0.499375
0.511125
0.5166
0.521325
0.53615
0.545425
0.546775
0.5526
0.561075
0.570075
0.58075
0.582925
0.589625
0.59925
0.623675
0.63535
0.6479
0.696625
0.72015
0.7266
0.729425
0.753375
0.768475
0.776125
0.783325
0.796375
0.834525
0.846925
0.859075
0.85945
0.863475
0.87555
0.9497
0.958025
0.972325
0.9967
1.00965
1.022475
1.026575
1.03325
1.088375
1.120725
1.124025
1.131325
1.14255
1.145875
1.210825
1.248525
1.2596
1.2883
1.31465
1.364375
1.409975
1.418625
1.46265
1.463125
1.490575
1.517825
1.570425
1.613975
1.6745
1.731125
1.87045
1.87495
1.95615
2.025475
2.187325
2.2249
2.292675
2.453975
2.566275
2.59525
2.849225
3.042825
3.0481
3.164625
3.2108
3.249225
3.2699
3.41055
3.4634
3.4671
3.592225
3.6098
3.62745
3.6297
3.6792
3.683625
3.8759
3.957275
3.974425
3.9796
4.0848
4.171275
4.2045
4.215025
4.364925
4.454825
4.636525
4.68285
4.75755
4.89855
4.999175
5.112125
5.209225
5.268125
5.466575
5.622425
5.774075
5.96005
6.22575
6.270325
6.39585
6.4174
6.485775
6.525725
6.575475
6.70525
6.7487
6.7923
7.044125
7.054225
7.066775
7.118575
7.12385
7.131425
7.1855
7.412625
7.50145
7.544875
7.663525
7.692725
7.746725
7.952175
7.9652
8.221125
8.29675
8.470975
8.95195
9.455475
9.475625
9.665425
9.686125
9.7033
9.745475
9.84075
9.8474
150
