0.0279
0.176325
0.2696
0.34195
0.373675
0.37525
0.44485
0.483175
0.4996
0.51345
0.517875
0.5191
0.5314
0.536275
0.559425
0.57955
0.582225
0.612625
0.621325
0.629775
0.63905
0.652175
0.6762
0.6889
0.689725
0.69345
0.69975
0.714675
0.716
0.733575
0.745925
0.747625
0.7546
0.75485
0.772825
0.77325
0.7797
0.78635
0.80495
0.822
0.9082
0.9164
0.9372
0.9389
0.9394
0.9531
1.01285
1.0432
1.047125
1.049825
1.0731
1.13415
1.1544
1.1618
1.2262
1.26195
1.278775
1.298225
1.35765
1.3728
1.412
1.470025
1.508225
1.626825
1.672975
1.713375
1.71605
1.717125
1.75255
1.829
1.86895
1.87885
1.953275
1.970425
1.996325
2.0004
2.00605
2.07405
2.111625
2.15575
2.17745
2.261125
2.288925
2.39475
2.525725
2.527675
2.54395
2.59155
2.62785
2.64375
2.7181
2.741175
2.754675
2.814675
2.857225
2.869525
2.895875
2.9006
2.951475
2.95925
3.0105
3.045625
3.1276
3.2609
3.345025
3.41215
3.434975
3.480875
3.584175
3.60975
3.6339
3.643225
3.68765
3.740925
3.771025
3.802775
3.874575
4.05925
4.09005
4.1704
4.36355
4.385975
4.451125
4.53765
4.5889
4.711775
4.739175
4.7523
4.800975
4.885725
4.92865
5.0749
5.1334
5.1428
5.19065
5.20145
5.23665
5.36375
5.5554
5.564725
5.963025
6.1306
6.157125
6.242075
6.6003
6.9586
7.031625
7.05085
7.4631
7.56175
7.643525
7.64465
7.733025
7.9508
8.123475
8.2345
8.38015
8.5005
8.514875
8.691125
8.70635
8.75635
8.80485
8.954575
9.252075
9.283925
9.379775
9.435625
9.438425
9.4423
9.541925
9.543325
9.642925
9.7848
9.895325
175
