0.085675
0.454525
0.516075
0.5261
0.53025
0.5811
0.602125
0.603925
0.6057
0.611775
0.612825
0.61495
0.656975
0.6582
0.65865
0.678975
0.6796
0.68065
0.693725
0.7149
0.718525
0.7939
0.805425
0.818425
0.82935
0.8419
0.880225
0.883225
0.884025
0.88925
0.895925
0.91955
0.954775
0.971825
1.027875
1.053225
1.064375
1.07
1.10465
1.128925
1.135575
1.13995
1.212125
1.227375
1.27095
1.30105
1.33365
1.394
1.486875
1.491525
1.498525
1.5265
1.54085
1.5695
1.586725
1.61195
1.7118
1.73235
1.741525
1.779875
1.93825
2.0055
2.057725
2.095625
2.21135
2.213
2.241075
2.389875
2.416625
2.4942
2.50855
2.5463
2.620275
2.62775
2.6328
2.6635
2.6706
2.6765
2.714025
2.80625
2.8231
2.84805
3.001125
3.0279
3.2268
3.237875
3.257525
3.301475
3.342425
3.53625
3.54005
3.5994
3.68035
3.707325
3.7622
3.7681
3.9207
3.97515
3.9892
4.01765
4.032875
4.073325
4.0876
4.098275
4.1594
4.1643
4.224225
4.29285
4.348725
4.35455
4.551225
4.5777
4.62785
4.64505
4.667975
4.6956
4.74595
4.881
4.980375
5.039475
5.149925
5.215725
5.358975
5.474975
5.5241
5.607275
5.89075
5.8975
5.9259
6.000875
6.223375
6.320075
6.334025
6.352625
6.406775
6.462675
6.473975
6.582375
6.6376
6.682475
6.704475
6.7353
6.767725
6.8101
6.90185
7.105675
7.25995
7.46825
7.71345
7.811525
7.873
7.9135
7.964825
8.1589
8.395125
8.4353
8.6102
8.831175
8.885375
8.889325
8.980425
9.3456
9.519475
9.543275
9.576575
9.84725
9.8793
9.949675
9.99475
169
