0.081275
0.270075
0.31885
0.4403
0.458575
0.4737
0.502225
0.51255
0.51355
0.5203
0.524725
0.526375
0.533475
0.544875
0.5599
0.57515
0.60405
0.6184
0.6241
0.648875
0.64915
0.659325
0.677825
0.69125
0.697175
0.741075
0.774775
0.783475
0.7927
0.79325
0.803575
0.807725
0.80815
0.821325
0.8221
0.85545
0.886575
0.909725
0.930075
0.952675
0.9784
1.055725
1.06975
1.083125
1.098625
1.1351
1.142125
1.182575
1.19985
1.20775
1.2197
1.2464
1.282725
1.29225
1.298875
1.33175
1.3599
1.369175
1.387975
1.4966
1.5006
1.509675
1.514725
1.5877
1.602725
1.63115
1.751975
1.782075
1.85605
1.941275
1.968875
1.988975
1.990325
2.009375
2.23875
2.306225
2.312925
2.318
2.32635
2.32865
2.389075
2.446475
2.519625
2.537275
2.551475
2.595475
2.659525
2.66575
2.931425
2.96865
3.143975
3.199575
3.26355
3.32655
3.424375
3.428475
3.496875
3.561975
3.654375
3.688825
3.703275
3.704325
3.707425
3.80405
3.841025
3.9178
3.983825
3.9882
4.145025
4.19145
4.3108
4.321575
4.356
4.376875
4.3873
4.419425
4.428375
4.448
4.509125
4.560025
4.63765
4.814775
4.835425
4.84635
4.912275
4.9239
4.964525
5.032275
5.126525
5.179425
5.213375
5.3316
5.350825
5.39805
5.433625
5.550625
5.565625
5.779925
5.815975
5.845325
5.847125
6.036875
6.04755
6.0488
6.058075
6.56635
6.574225
6.705275
6.764475
6.8015
7.0568
7.07025
7.142425
7.1442
7.1469
7.202925
7.20675
7.29155
7.2929
7.448
7.459775
7.589175
7.6816
7.821075
7.867275
7.88715
8.050525
8.05955
8.187175
8.287825
8.543925
8.65785
8.860975
8.9855
9.424875
9.69195
9.75465
177
