0.3271
0.348
0.443
0.4596
0.463025
0.5049
0.5084
0.50845
0.5317
0.532625
0.553925
0.564225
0.5814
0.59005
0.603075
0.616175
0.643925
0.646825
0.656425
0.659725
0.6606
0.66515
0.7297
0.74445
0.7481
0.796025
0.799575
0.821625
0.82175
0.83135
0.842275
0.8986
0.90205
0.906625
0.964175
0.979375
0.990825
0.996725
1.00975
1.070875
1.1131
1.1278
1.129
1.14725
1.151025
1.171525
1.197525
1.21505
1.2958
1.304725
1.310725
1.343475
1.3456
1.346225
1.387025
1.419675
1.474775
1.47925
1.494675
1.5274
1.547475
1.5723
1.60925
1.655725
1.692725
1.718325
1.801425
1.808675
1.931825
1.980325
2.018075
2.046075
2.0834
2.21945
2.22635
2.265825
2.324825
2.3898
2.4576
2.516625
2.623975
2.6892
2.714625
2.74935
2.796725
2.8203
2.888425
3.032225
3.04865
3.056575
3.0979
3.180575
3.49675
3.516575
3.53395
3.5962
3.6377
3.679775
3.8306
3.854875
4.103625
4.20685
4.2467
4.246975
4.33995
4.409825
4.418525
4.82075
4.915575
5.28315
5.349475
5.38795
5.392
5.4377
5.487775
5.629525
5.6817
5.720925
5.736025
5.8662
5.91635
5.939975
5.943
5.983425
5.98375
6.02845
6.19345
6.214875
6.303425
6.56515
6.5996
6.68915
6.8701
6.880975
6.97435
7.2267
7.2427
7.30875
7.326525
7.3781
7.4396
7.489575
7.6033
7.69965
7.891175
8.16745
8.235825
8.296275
8.3281
8.405075
8.4325
8.51925
8.6327
8.65425
9.22505
9.257075
9.40995
9.554475
9.569325
9.612425
9.66035
9.834775
162
