0.04785
0.421175
0.426125
0.434975
0.439575
0.454075
0.458625
0.48
0.509125
0.5127
0.517875
0.518475
0.5289
0.56685
0.576075
0.614875
0.61785
0.6189
0.632075
0.633
0.643775
0.647525
0.6618
0.678675
0.69925
0.700525
0.701175
0.701425
0.712825
0.713875
0.725325
0.737775
0.747625
0.7551
0.778825
0.80035
0.8127
0.835925
0.89435
0.9385
0.951275
0.980375
1.01355
1.102925
1.110475
1.113475
1.171375
1.199825
1.295775
1.44495
1.4521
1.4548
1.4727
1.525675
1.55305
1.604175
1.664525
1.7045
1.807675
1.815075
1.815925
1.8738
1.933225
2.019
2.117575
2.13285
2.137275
2.151275
2.180625
2.206275
2.2065
2.2172
2.240125
2.279725
2.285425
2.2892
2.31935
2.341575
2.3552
2.412825
2.4184
2.432025
2.539125
2.550525
2.62575
2.635475
2.658675
2.808925
2.926375
2.966225
2.986875
3.03345
3.116025
3.1604
3.2154
3.2354
3.2628
3.3157
3.47485
3.5424
3.56945
3.573475
3.677275
3.71885
3.77495
3.776525
3.79355
3.830175
3.87845
3.9162
3.97115
4.10305
4.1674
4.17515
4.181675
4.471475
4.537275
4.616375
4.754925
4.778675
4.819775
4.87345
4.9401
4.989475
5.09345
5.202325
5.2181
5.30415
5.522025
5.537375
5.54865
5.56795
5.8781
5.893
6.029475
6.1267
6.25945
6.332675
6.404775
7.16475
7.1877
7.250475
7.641975
7.8839
7.8949
7.9731
8.034775
8.169725
8.29335
8.410375
8.5728
8.683275
8.815175
8.988575
9.295425
9.3949
9.442625
9.45975
9.4773
9.853675
160
