0.425925
0.48605
0.516425
0.519975
0.523375
0.532
0.53325
0.535625
0.539375
0.544525
0.544675
0.58335
0.59415
0.601075
0.61515
0.619075
0.624025
0.629775
0.67745
0.6784
0.68105
0.70065
0.701775
0.7102
0.72595
0.72715
0.7997
0.82175
0.8498
0.920075
0.954525
0.9563
0.97035
0.983075
1.03355
1.039075
1.047725
1.05575
1.0667
1.0758
1.08145
1.106275
1.17595
1.17735
1.207025
1.213225
1.238975
1.2392
1.2444
1.301425
1.31475
1.325975
1.3904
1.4379
1.482925
1.486275
1.560875
1.76145
2.020875
2.0213
2.116075
2.156075
2.166225
2.188175
2.373
2.387325
2.44675
2.454075
2.512925
2.551025
2.554025
2.6408
2.6667
2.716175
2.858075
2.92635
2.980275
3.099025
3.1216
3.15225
3.199175
3.563625
3.574675
3.65415
3.7051
3.74865
3.812725
4.235175
4.31465
4.350925
4.4602
4.475175
4.498225
4.59055
4.631
4.731775
4.868875
4.8877
4.9388
5.040925
5.13525
5.33955
5.34765
5.417125
5.444425
5.490275
5.5611
5.666675
5.679225
5.79915
5.924025
6.2402
6.3046
6.307325
6.32635
6.71475
6.73365
6.8529
6.91445
6.920775
6.9287
7.0548
7.07515
7.096575
7.120075
7.144225
7.405025
7.52415
7.627425
7.8903
7.893675
7.916125
7.96365
7.984075
7.988225
8.376475
8.40475
8.58455
8.7526
8.829925
9.364375
9.4031
9.655925
9.734775
9.8028
9.858225
9.952525
147
