0.33525
0.33535
0.42495
0.42845
0.437525
0.48035
0.4968
0.50585
0.50855
0.523775
0.52555
0.526925
0.5401
0.55075
0.583575
0.59005
0.594025
0.613025
0.6225
0.63635
0.637925
0.64125
0.65315
0.69645
0.7001
0.720925
0.7259
0.751075
0.7623
0.7774
0.786825
0.7873
0.78735
0.795475
0.818325
0.82225
0.829975
0.8345
0.8704
0.880675
0.881125
0.88175
0.998
1.040275
1.0984
1.136325
1.139825
1.22125
1.267125
1.26955
1.351475
1.37815
1.40395
1.4079
1.4584
1.4711
1.478125
1.4933
1.5065
1.532675
1.57
1.59515
1.597875
1.602475
1.61365
1.736325
1.745275
1.7767
1.786525
1.789875
1.8986
1.91975
2.000125
2.0173
2.065425
2.174525
2.2349
2.26385
2.326675
2.46405
2.504075
2.550675
2.5841
2.6355
2.63685
2.6808
2.763875
2.890475
2.9709
3.1431
3.151525
3.190175
3.43685
3.530025
3.57025
3.580125
3.665975
3.688925
3.7372
3.913025
3.919975
3.952825
3.963475
4.0072
4.1594
4.440825
4.530425
4.544
4.67445
4.77275
4.8055
4.8593
4.893325
5.03255
5.1609
5.16945
5.177825
5.254725
5.301375
5.321275
5.35385
5.535175
5.536525
5.6987
5.723225
5.72735
5.74635
5.762825
5.981725
6.242825
6.260425
6.380625
6.5452
6.682875
6.68985
6.7004
6.8302
6.915425
6.918375
6.93995
7.311925
7.3461
7.5698
7.635275
7.84125
8.035525
8.15055
8.56085
8.591125
8.6412
8.70665
8.7756
8.8542
9.565
9.66175
9.681025
9.733125
9.8232
9.926075
159
