0.038725
0.14095
0.407175
0.45455
0.479625
0.492775
0.4953
0.51585
0.5226
0.523025
0.5409
0.548975
0.575875
0.576275
0.59705
0.612575
0.622725
0.631425
0.641
0.643925
0.650225
0.659625
0.665425
0.66545
0.68665
0.694675
0.702425
0.71015
0.734175
0.745125
0.763125
0.771025
0.81185
0.8318
0.83375
0.852525
0.86235
0.87515
0.879175
0.952125
0.9537
0.9607
0.968425
0.9803
0.989725
0.990725
1.0595
1.064225
1.072175
1.091175
1.103475
1.11275
1.14935
1.215525
1.21845
1.42885
1.437875
1.463675
1.470975
1.581625
1.587175
1.727375
1.741925
1.75115
1.76345
1.864825
1.96435
2.028375
2.1337
2.136475
2.274675
2.365375
2.38685
2.42385
2.549025
2.6076
2.6254
2.654175
2.6834
2.833
2.88405
2.911475
3.03125
3.150975
3.191625
3.34915
3.4871
3.569875
3.713975
3.717125
3.786225
3.82865
3.88655
3.959125
4.1811
4.2718
4.282575
4.282825
4.368025
4.46395
4.51305
4.541925
4.552525
4.611725
4.644925
4.69145
4.8604
4.907525
5.004425
5.05935
5.0654
5.107325
5.3533
5.361925
5.3632
5.411625
5.48085
5.521475
5.680125
5.682575
5.845725
5.87925
5.908925
6.003825
6.067675
6.116075
6.274425
6.30665
6.5865
6.615375
6.855975
6.92945
7.231325
7.239275
7.250375
7.485025
7.5086
7.6032
7.715
8.1537
8.269125
8.27695
8.2956
8.370825
8.453775
8.4834
8.679175
8.742875
8.7784
8.7964
8.80515
8.850975
9.07365
9.1727
9.191975
9.194675
9.207725
9.2582
9.3146
9.3243
9.42685
9.441675
9.74875
9.89145
9.920925
9.925775
166
