0.047775
0.05615
0.113725
0.41155
0.449725
0.450275
0.490975
0.500125
0.5094
0.51635
0.52725
0.529175
0.554875
0.5655
0.56595
0.57735
0.587225
0.590775
0.60765
0.631525
0.633325
0.6337
0.6416
0.6468
0.6571
0.6633
0.684175
0.68815
0.70375
0.714575
0.7255
0.7345
0.738
0.74155
0.75465
0.761125
0.76385
0.78145
0.8041
0.821375
0.83615
0.856325
0.861875
0.876175
0.882975
0.89035
0.8971
0.9247
0.93315
0.939525
0.946125
0.9635
1.02585
1.07825
1.164825
1.174325
1.214725
1.241825
1.2898
1.305
1.4211
1.4906
1.503525
1.61015
1.611525
1.680575
1.7322
1.734025
1.7479
1.825825
1.83865
1.895775
1.902475
1.983925
1.993225
2.08605
2.1299
2.171275
2.1826
2.25
2.2541
2.2936
2.3191
2.411875
2.46605
2.4862
2.598625
2.7387
2.791275
2.841975
3.0594
3.100775
3.1387
3.151125
3.1894
3.20825
3.21435
3.22215
3.28775
3.324125
3.3531
3.373075
3.5202
3.56795
3.6239
3.64605
3.8374
3.977575
4.05655
4.14275
4.2068
4.231675
4.632125
4.7003
4.777325
4.7932
4.83735
4.839025
5.100175
5.138575
5.2258
5.313025
5.530725
5.594375
5.8456
5.927625
6.181775
6.25045
6.71965
6.767775
6.80395
6.857775
6.977125
7.018775
7.24555
7.3995
7.58845
7.6431
7.741475
7.805625
7.8534
7.857375
7.923325
7.957225
8.1338
8.153575
8.37915
8.3848
8.50135
8.57655
8.58895
8.6326
8.718325
8.8623
8.97565
9.0137
9.0865
9.21665
9.5154
9.5536
9.780225
9.91805
162
