0.418775
0.447575
0.4717
0.477275
0.481125
0.503675
0.510975
0.51755
0.527125
0.528725
0.53025
0.5339
0.541775
0.55755
0.567875
0.571825
0.5789
0.584775
0.585875
0.586675
0.587725
0.603125
0.64095
0.6473
0.668425
0.700425
0.7047
0.706275
0.7139
0.7245
0.728975
0.76905
0.7906
0.8013
0.81965
0.84455
0.84615
0.8486
0.85275
0.874025
0.8956
0.938675
0.94505
0.958525
0.994225
0.998875
1.014925
1.025
1.032325
1.049025
1.1353
1.136275
1.140925
1.189175
1.2378
1.2498
1.268675
1.305175
1.320125
1.35485
1.358
1.359125
1.361325
1.3623
1.3691
1.394675
1.4275
1.436125
1.4371
1.4948
1.6609
1.731525
1.737775
1.763175
1.78315
1.788525
1.8333
1.874425
1.95035
1.9605
1.9823
2.00125
2.015675
2.03665
2.29645
2.4062
2.4667
2.47085
2.4818
2.636475
2.6573
2.70015
2.759925
2.775175
2.84845
2.925025
3.09805
3.14165
3.2148
3.25025
3.306825
3.556175
3.623225
3.62875
3.6932
3.7392
3.787825
3.822825
3.895175
3.9129
3.981525
4.2052
4.36725
4.467975
4.5054
4.621975
4.95035
5.072
5.276775
5.292625
5.531225
5.5862
5.736525
5.86985
6.304575
6.452025
6.92165
7.036925
7.060275
7.11095
7.184275
7.31175
7.3323
7.47955
7.508875
7.586675
7.991325
8.11985
8.17165
8.2282
8.421775
8.427075
8.563075
8.84605
9.030625
9.163475
9.39525
9.42805
9.612425
9.750575
150
