0.023675
0.434525
0.5068
0.510575
0.519725
0.52815
0.535275
0.535625
0.545175
0.620825
0.640825
0.640875
0.643575
0.645825
0.658125
0.6622
0.669225
0.68035
0.683025
0.68355
0.68655
0.724
0.737075
0.73905
0.742725
0.746175
0.75945
0.760575
0.772625
0.81075
0.829025
0.830425
0.833875
0.8451
0.856125
0.8816
0.89075
0.92845
0.942975
0.9922
1.0256
1.06165
1.08445
1.102325
1.109675
1.1459
1.16055
1.2348
1.251225
1.2599
1.346775
1.35195
1.386025
1.398975
1.4197
1.423725
1.435675
1.438875
1.4681
1.56765
1.595525
1.615525
1.64295
1.654
1.753325
1.768725
1.805825
1.817
1.93465
2.01605
2.0786
2.0817
2.168325
2.171175
2.183475
2.1956
2.196
2.208125
2.244475
2.302375
2.345475
2.407525
2.44685
2.480775
2.5605
2.63935
2.72525
2.73395
2.7555
2.861325
2.9314
3.071325
3.231525
3.260325
3.261
3.3301
3.343225
3.34755
3.3606
3.376625
3.4756
3.603225
3.6497
3.77325
3.96575
4.02065
4.143175
4.1641
4.42655
4.42665
4.438825
4.478975
4.479725
4.679575
4.697875
4.943975
4.973
5.009375
5.017325
5.056225
5.132825
5.37465
5.5336
5.64335
5.8286
5.90165
5.90285
5.91375
5.9353
5.96615
6.09875
6.158925
6.2619
6.27225
6.3199
6.515725
6.59225
7.514275
7.54425
7.804325
7.8117
7.8872
7.9204
7.922525
8.21345
8.303675
8.434
8.593025
8.614725
8.804925
8.890875
8.91285
8.94765
9.366675
9.430225
9.4681
9.61175
9.723
9.957825
159
