0.083325
0.204725
0.20645
0.40645
0.4255
0.43715
0.45985
0.465875
0.473025
0.479675
0.49035
0.497625
0.509825
0.51265
0.519675
0.528625
0.541475
0.5587
0.559175
0.5636
0.57755
0.612225
0.614625
0.61635
0.618975
0.619925
0.652225
0.67645
0.7247
0.735075
0.741625
0.750425
0.768925
0.804025
0.8241
0.832025
0.8541
0.855225
0.889175
0.889325
0.9772
0.980025
0.990425
1.029275
1.0713
1.185325
1.216175
1.21955
1.22765
1.2316
1.2394
1.294325
1.29605
1.353025
1.381975
1.395725
1.41865
1.55965
1.62115
1.6449
1.7175
1.833625
1.845175
1.8865
1.926
1.93905
1.99415
2.001325
2.068825
2.196225
2.200575
2.238625
2.247075
2.27225
2.304275
2.3376
2.35635
2.35935
2.3634
2.377
2.412625
2.496275
2.598875
2.626025
2.64975
2.6517
2.7357
2.8819
2.911925
2.913975
2.924825
3.027975
3.112525
3.214475
3.2987
3.315675
3.3181
3.407475
3.492525
3.7141
3.730475
3.824825
3.9099
3.95145
4.0025
4.126325
4.180125
4.500625
4.661225
4.728225
4.86185
5.11215
5.24685
5.443675
5.469075
5.93
6.04275
6.18015
6.186275
6.27305
6.38785
6.414175
6.730725
6.89625
7.04845
7.291275
7.4879
7.60435
7.626375
7.71015
7.7631
8.0016
8.0623
8.117075
8.129475
8.327975
8.374375
8.401375
8.486625
8.5629
8.629
8.761575
8.811975
8.9754
9.06765
9.116875
9.154025
9.19605
9.383475
9.3936
9.593075
9.692475
9.704225
9.921375
154
