0.0546
0.200775
0.37635
0.392
0.3948
0.469875
0.499275
0.5033
0.504825
0.504975
0.51375
0.514175
0.528375
0.545375
0.553925
0.5666
0.582475
0.600625
0.601475
0.60785
0.61435
0.614525
0.63735
0.64795
0.6544
0.65535
0.66965
0.698375
0.703325
0.719575
0.735025
0.73875
0.749575
0.75845
0.764375
0.7766
0.77765
0.79065
0.854
0.900275
0.935175
0.94325
0.9484
1.008075
1.07885
1.082225
1.10335
1.10885
1.1456
1.147875
1.167325
1.193175
1.24405
1.281275
1.292
1.318475
1.32175
1.400125
1.415375
1.438475
1.4475
1.479325
1.559075
1.588175
1.630825
1.6383
1.648175
1.685475
1.697725
1.7611
1.767075
1.848775
1.871
1.89535
1.9035
1.922925
1.973625
1.982925
2.026075
2.076275
2.084475
2.127575
2.132675
2.152875
2.164725
2.25775
2.533925
2.587625
2.62
2.647
2.6686
2.779375
2.80525
2.820775
2.9308
3.0177
3.067825
3.0954
3.1337
3.147975
3.20955
3.269375
3.276575
3.296875
3.32205
3.4396
3.513675
3.51665
3.63125
3.819025
3.832025
3.99465
4.0163
4.0406
4.15305
4.180075
4.24995
4.2738
4.297825
4.389625
4.45475
4.49395
4.517875
4.54735
4.65475
4.815475
4.9056
4.970875
5.00665
5.074875
5.298675
5.416325
5.44135
5.482275
5.7969
5.95755
5.97795
5.9901
6.199875
6.205825
6.2157
6.258775
6.52565
6.5527
6.637225
6.733025
6.772525
6.954975
6.96185
7.23285
7.24125
7.302
7.302475
7.901075
7.920575
7.93065
7.980125
8.075425
8.127175
8.1409
8.252525
8.431525
8.44355
8.596
8.8631
8.866675
8.953125
9.27125
9.337
9.452275
9.5109
9.791075
9.8789
9.90305
174
