0.007775
0.0533
0.409525
0.41865
0.4473
0.49645
0.504625
0.520825
0.5329
0.544575
0.548025
0.5543
0.55685
0.575125
0.58175
0.5882
0.60235
0.625325
0.6363
0.6477
0.6797
0.6819
0.682675
0.684425
0.6869
0.695875
0.7008
0.76495
0.7761
0.788575
0.8005
0.808475
0.80885
0.81075
0.8477
0.862025
0.894225
0.912
0.929775
0.935675
0.939875
0.942425
0.953775
0.9763
1.027625
1.033775
1.0715
1.090825
1.111575
1.128175
1.150125
1.171725
1.279875
1.34025
1.355975
1.361125
1.365325
1.374275
1.460125
1.471475
1.501025
1.505975
1.522075
1.59185
1.61425
1.620975
1.6376
1.682825
1.965125
2.036975
2.058775
2.074375
2.083125
2.0888
2.24765
2.360575
2.374425
2.409225
2.419925
2.457175
2.468875
2.4832
2.686375
2.700275
2.809725
2.851475
2.9303
2.98115
3.004025
3.0395
3.074675
3.077275
3.095275
3.12745
3.168875
3.1699
3.18555
3.212025
3.3146
3.318025
3.46755
3.513675
3.514675
3.65295
3.65925
3.660875
3.741625
3.767075
3.97305
3.983975
4.1015
4.1074
4.206375
4.271075
4.27535
4.305775
4.49805
4.5954
4.638075
4.7678
4.81665
4.8546
4.86885
4.954725
5.07465
5.186975
5.219925
5.6539
5.84625
5.902075
5.964675
6.01665
6.231975
6.26355
6.3738
6.453
6.48785
6.49565
6.571425
6.6415
6.742525
6.7924
6.81725
6.8697
6.9995
7.02425
7.062775
7.107225
7.187225
7.281525
7.289225
7.296
7.3433
7.4959
7.497925
7.7943
7.7974
7.8915
7.90775
8.16965
8.2095
8.3993
8.49705
8.562475
8.6737
8.723875
8.74535
8.788225
8.854175
8.864875
8.900725
9.118525
9.4865
9.550725
9.631525
9.679775
176
