0.0495
0.158175
0.40885
0.436675
0.44845
0.4503
0.462625
0.4675
0.48605
0.4889
0.493225
0.497075
0.497525
0.497875
0.512225
0.52025
0.52635
0.54415
0.544825
0.5609
0.561425
0.565525
0.58555
0.599375
0.60125
0.60415
0.610675
0.613275
0.624425
0.6317
0.631925
0.64595
0.650375
0.678675
0.68035
0.680625
0.695825
0.721675
0.7335
0.7423
0.762325
0.769925
0.783875
0.7878
0.796075
0.820725
0.8254
0.83345
0.84005
0.847725
0.864925
0.883475
0.894325
0.90445
0.907475
0.913375
0.96395
0.984225
1.020325
1.02565
1.040925
1.04295
1.056025
1.0639
1.108625
1.1513
1.172525
1.207325
1.2085
1.2218
1.252575
1.272075
1.312725
1.414525
1.495525
1.553425
1.5594
1.624025
1.729925
1.77245
1.7771
1.839275
1.846175
1.851675
1.92185
1.946075
2.008075
2.04735
2.065225
2.093975
2.113425
2.215
2.301675
2.5286
2.54745
2.548275
2.635575
2.655225
2.661775
2.814
2.8249
2.865775
2.913625
2.917275
2.951875
3.026875
3.10575
3.13175
3.137375
3.15395
3.4788
3.60735
3.62955
3.735525
3.840875
3.84865
3.983375
4.0688
4.114375
4.118975
4.1719
4.373325
4.379275
4.4371
4.581125
4.76815
4.8265
5.12735
5.330425
5.566675
5.66855
5.6895
5.696175
5.7105
5.746175
6.02985
6.06175
6.184375
6.25495
6.391425
6.41745
6.657275
6.76325
6.7639
6.96045
6.98495
7.042
7.049375
7.30685
7.564425
7.6862
7.8326
7.897825
7.91335
7.972975
8.0293
8.048675
8.162925
8.248275
8.346275
8.51585
8.739875
8.84915
8.885675
8.921775
9.44685
9.4563
9.5315
9.7327
9.901575
170
