0.063825
0.10415
0.37865
0.465625
0.47385
0.47735
0.48925
0.501575
0.5055
0.50725
0.513625
0.51585
0.522825
0.553475
0.57635
0.577325
0.595175
0.599375
0.600775
0.605825
0.630575
0.6483
0.68675
0.696325
0.698525
0.735825
0.7425
0.74555
0.767925
0.7876
0.8002
0.822525
0.825925
0.82685
0.83215
0.8443
0.845775
0.8464
0.90655
0.947575
0.952025
0.9598
0.967425
0.996975
1.020825
1.0779
1.117825
1.122
1.168725
1.168825
1.173675
1.234
1.252225
1.269375
1.2797
1.3556
1.382875
1.40965
1.458425
1.50055
1.515575
1.5545
1.574725
1.67205
1.784225
1.799575
1.80825
1.8248
1.930925
1.950325
2.054425
2.085775
2.165425
2.168075
2.217525
2.252775
2.278075
2.3498
2.37475
2.382475
2.396975
2.41695
2.4512
2.45595
2.471625
2.56495
2.56535
2.87115
2.877625
2.938675
3.0616
3.1656
3.310075
3.3411
3.36375
3.48435
3.609075
3.64605
3.873025
3.921075
3.975725
4.008325
4.17465
4.24395
4.334825
4.48015
4.503925
4.632625
4.63425
4.657425
4.8877
4.92165
5.005975
5.079725
5.1207
5.2106
5.310925
5.3925
5.432275
5.536725
5.716425
5.78225
5.824175
5.9975
6.032925
6.135125
6.14075
6.2224
6.4162
6.4775
6.5488
6.60805
6.6303
6.698575
6.70635
6.780575
6.8858
6.939775
7.2762
7.665625
7.791375
7.8637
7.958275
8.073225
8.720175
8.7381
8.8653
8.983925
9.09755
9.138625
9.1504
9.1921
9.224125
9.263675
9.363075
9.38855
9.4065
9.46605
9.52645
9.52705
9.897025
161
