0.04405
0.23065
0.431825
0.4598
0.46675
0.477875
0.47855
0.493875
0.49655
0.502825
0.503275
0.51395
0.5183
0.522025
0.5387
0.54035
0.54135
0.542575
0.548575
0.549725
0.572975
0.57685
0.616575
0.65065
0.6539
0.6746
0.678025
0.712575
0.724425
0.78775
0.789175
0.792875
0.7942
0.796575
0.800625
0.82975
0.830825
0.8364
0.839225
0.88205
0.8941
0.936275
0.93725
0.96155
1.001175
1.046375
1.0519
1.0962
1.1296
1.139675
1.21845
1.246875
1.255925
1.264775
1.3197
1.407275
1.4576
1.5072
1.5192
1.52885
1.5491
1.551125
1.556775
1.557075
1.57065
1.61475
1.72545
1.726725
1.746375
1.791375
1.8019
1.804075
1.859125
1.8733
2.121325
2.158375
2.29035
2.363575
2.460875
2.491475
2.6032
2.647375
2.68965
2.7218
2.765925
2.789925
2.813025
2.831075
3.061575
3.062125
3.121625
3.1721
3.2514
3.33395
3.381425
3.427475
3.515775
3.5395
3.61405
3.658175
3.68405
3.716375
3.917625
3.974775
3.982025
3.9977
4.01615
4.021925
4.0385
4.27765
4.376225
4.533575
4.7105
4.715925
4.7244
4.9402
4.982875
5.2687
5.3006
5.348725
5.357975
5.369025
5.62775
5.689575
5.7571
5.780725
5.9723
5.987225
6.0014
6.133225
6.174425
6.199075
6.371325
6.686225
6.76085
6.93335
6.98255
7.05215
7.1942
7.236575
7.2634
7.459225
7.504775
7.532675
7.58985
7.6885
7.696575
7.79435
7.880425
7.9311
8.949525
9.032075
9.190925
9.2029
9.2094
9.88555
156
