0.110725
0.13435
0.13935
0.206325
0.302325
0.372125
0.37565
0.4268
0.440225
0.4594
0.47665
0.487075
0.4959
0.517775
0.518625
0.518725
0.525925
0.529025
0.5502
0.56465
0.57075
0.580025
0.58605
0.5993
0.612375
0.6131
0.654675
0.67105
0.674225
0.678475
0.6824
0.694125
0.7051
0.728925
0.7391
0.756525
0.757525
0.772625
0.779575
0.7953
0.807175
0.810225
0.827925
0.92755
0.9524
0.997
1.001275
1.003875
1.07115
1.0899
1.122775
1.123325
1.126325
1.132125
1.13385
1.18725
1.218375
1.25
1.264575
1.2815
1.29645
1.3313
1.397175
1.41795
1.425325
1.428825
1.43105
1.435625
1.4505
1.4692
1.4716
1.474275
1.53535
1.548125
1.627125
1.6754
1.844275
1.846875
1.931925
1.93645
1.9379
1.940825
1.96465
1.982675
2.020575
2.02115
2.0903
2.0927
2.099275
2.14565
2.157625
2.165075
2.25095
2.26265
2.263375
2.2767
2.343325
2.45455
2.4739
2.50335
2.659075
2.810425
2.820825
2.88165
2.9663
3.08425
3.255675
3.294525
3.3777
3.422425
3.4686
3.475375
3.48065
3.4839
3.558475
3.624725
3.65825
3.664675
3.8136
3.8744
3.8934
3.8942
3.9147
4.052775
4.1233
4.144575
4.17825
4.226125
4.242525
4.2794
4.4236
4.4269
4.479475
4.681525
4.7654
4.8152
4.9337
4.963
5.006625
5.179575
5.191825
5.202825
5.39765
5.496225
5.514475
5.555775
5.6397
5.693925
5.795
5.912375
5.9552
6.000975
6.534625
6.543075
6.597075
6.641275
6.6663
6.9676
6.9783
7.072425
7.1006
7.141575
7.2296
7.25105
7.2786
7.28515
7.57805
7.58825
7.8918
7.956625
8.325275
8.35605
8.423125
8.619
8.65615
8.815325
8.887475
9.0851
9.101625
9.138375
9.1569
9.21865
9.414275
9.446425
9.49945
9.585325
9.60785
9.61745
9.6296
9.68475
9.7451
191
