0.23855
0.322025
0.338575
0.5061
0.50905
0.5132
0.517075
0.537225
0.551875
0.56305
0.5797
0.59675
0.597975
0.6043
0.6162
0.618475
0.619
0.62155
0.635
0.66785
0.7205
0.72805
0.7425
0.759575
0.76365
0.777975
0.780175
0.7836
0.79715
0.84695
0.88615
0.89995
0.951075
0.986075
1.0171
1.034225
1.0628
1.0985
1.135175
1.13845
1.155175
1.155975
1.198075
1.20505
1.26695
1.308225
1.319925
1.374425
1.426675
1.4325
1.5313
1.546925
1.57375
1.58815
1.591475
1.620225
1.66415
1.671825
1.689475
1.705225
1.747775
1.83575
1.97755
2.0193
2.0476
2.05525
2.056425
2.065375
2.085825
2.139625
2.28835
2.3412
2.383475
2.453675
2.508725
2.5297
2.5323
2.621875
2.6516
2.753225
2.8236
2.967
3.089125
3.143225
3.20255
3.2846
3.32615
3.562025
3.6878
3.726825
3.72975
3.89935
4.26475
4.31815
4.330725
4.3896
4.512
4.59405
4.637875
4.683075
4.71045
4.776325
4.81495
4.836225
5.01975
5.021125
5.021475
5.19355
5.216325
5.296675
5.4256
5.438275
5.5146
5.766925
5.91825
5.928225
6.033175
6.0365
6.132875
6.262725
6.294375
6.31215
6.343575
6.4294
6.443
6.4604
6.465525
6.576475
6.589525
6.6135
6.7412
6.879525
7.0946
7.129925
7.237175
7.33575
7.351275
7.400525
7.66425
7.712
7.77075
7.855025
8.11355
8.11675
8.19895
8.62265
8.72535
8.7283
8.7906
8.798775
8.9381
8.980975
8.99805
9.21045
9.58315
9.65655
9.777525
9.948825
158
