0.089
0.10775
0.3019
0.41745
0.4684
0.474575
0.47755
0.489175
0.5095
0.51205
0.519825
0.52335
0.533975
0.5413
0.558125
0.584
0.5845
0.589025
0.5909
0.618825
0.62195
0.623
0.623725
0.62715
0.65165
0.6826
0.71065
0.747275
0.779875
0.796625
0.80735
0.831375
0.833725
0.8399
0.842575
0.865575
0.9104
0.93865
0.947
0.9596
0.9789
0.97945
1.0176
1.0384
1.040325
1.0419
1.069575
1.0893
1.0905
1.1036
1.123875
1.12695
1.1497
1.19525
1.27075
1.280825
1.29545
1.3117
1.332475
1.348375
1.360525
1.3677
1.398
1.404875
1.430725
1.43875
1.4666
1.544875
1.554725
1.68695
1.6993
1.720025
1.7394
1.801625
1.848775
1.913125
2.002225
2.035825
2.063075
2.072125
2.09265
2.14975
2.174675
2.256775
2.2627
2.327875
2.339575
2.3895
2.398
2.447225
2.46945
2.5703
2.5755
2.95545
2.98385
2.990825
3.08765
3.170125
3.225425
3.410125
3.465425
3.599075
3.600975
3.61035
3.644575
3.7082
3.720725
3.77335
3.783275
3.812125
3.818375
3.956725
4.0605
4.118425
4.2081
4.326925
4.441675
4.4419
4.612525
4.6132
4.663175
4.7014
4.73925
4.828
4.885075
4.997075
5.1379
5.258725
5.2588
5.2691
5.33025
5.430625
5.555725
5.819775
5.855425
6.03045
6.12695
6.15315
6.231275
6.243875
6.320625
6.40705
6.515675
6.76885
6.827375
6.9325
7.04965
7.063275
7.076875
7.1714
7.368775
7.41565
7.521025
7.6078
8.268475
8.27345
8.33155
8.371975
8.389225
8.452775
8.48085
8.576925
8.623075
8.7582
9.016575
9.043825
9.071425
9.196025
9.202675
9.243375
9.706375
9.842175
172
