0.047225
0.119225
0.16685
0.208725
0.4616
0.461975
0.492625
0.502125
0.50735
0.519525
0.52125
0.52665
0.534975
0.53915
0.551
0.568425
0.5802
0.584075
0.60385
0.6194
0.62975
0.637275
0.640675
0.6516
0.6529
0.66545
0.67335
0.6884
0.6961
0.698025
0.7148
0.7232
0.73435
0.76185
0.845475
0.86735
0.873225
0.9052
0.912675
0.937825
0.960225
0.990575
0.995625
1.00055
1.0047
1.04175
1.063625
1.0702
1.116925
1.13165
1.161075
1.19925
1.2531
1.254225
1.266175
1.2995
1.3075
1.31515
1.317375
1.3494
1.4264
1.48445
1.488525
1.4931
1.54755
1.56195
1.5633
1.56625
1.601175
1.672975
1.779925
1.78935
1.9372
1.981875
1.9967
2.0739
2.2257
2.2679
2.327025
2.457475
2.61005
2.61285
2.637275
2.7105
2.77575
2.853525
2.89945
3.00775
3.137175
3.3038
3.30865
3.319425
3.3214
3.337775
3.403875
3.52885
3.62745
3.730425
3.78205
3.81355
3.82875
3.878575
3.993975
4.041925
4.139175
4.216925
4.511175
4.546725
4.561
4.70465
4.757
4.775125
4.7931
4.9866
5.0187
5.077
5.09195
5.149275
5.254975
5.280575
5.3794
5.40645
5.4937
5.6045
5.78085
5.877875
6.077225
6.18065
6.2185
6.290575
6.3433
6.41785
6.88575
7.043025
7.093425
7.194925
7.203025
7.27515
7.3091
7.35325
7.4157
7.5975
7.634075
7.6481
7.81955
7.8426
7.8455
7.92585
7.9399
8.272425
8.29825
8.439075
8.54485
8.597075
8.683875
8.702675
8.93535
8.968725
9.2317
9.50115
9.670925
9.7765
9.8735
163
