0.033975
0.071375
0.14355
0.1672
0.19695
0.311825
0.322525
0.343475
0.505225
0.5107
0.5203
0.571275
0.584925
0.6084
0.611075
0.708875
0.7338
0.733875
0.7667
0.7722
0.778025
0.78965
0.82075
0.821975
0.876175
0.899475
0.9185
0.94775
0.969
1.02305
1.03
1.032875
1.0407
1.17595
1.238625
1.25955
1.27045
1.27895
1.29905
1.321075
1.373675
1.374375
1.427925
1.453975
1.4711
1.487675
1.53325
1.5448
1.5762
1.674075
1.690875
1.69475
1.73835
1.795225
1.870575
1.9016
1.94085
1.94265
1.97095
1.988675
2.1351
2.205125
2.345025
2.426725
2.540825
2.588725
2.68285
2.770025
2.8013
2.8074
2.892875
2.9063
2.966425
3.004375
3.130125
3.13785
3.168175
3.183525
3.239875
3.371575
3.44135
3.4668
3.524375
3.65395
3.71785
3.744625
3.74695
3.8979
3.9344
3.957375
3.9921
4.012175
4.094675
4.23305
4.244675
4.3414
4.454275
4.553
4.6035
4.688025
4.8232
4.854625
4.8654
4.971075
4.986
5.012175
5.064925
5.104275
5.127825
5.1506
5.3897
5.625725
5.68415
5.69525
5.744525
5.899925
5.902425
5.989275
6.131325
6.3912
6.471925
6.62395
6.6404
6.755475
6.769375
6.908375
6.9609
6.967575
7.265225
7.336625
7.5059
7.509475
7.670825
7.8073
8.1878
8.278075
8.578375
8.665175
8.9376
9.055325
9.1328
9.150725
9.338725
9.5584
9.734775
9.891125
9.91515
9.976075
148
