0.045925
0.13305
0.406475
0.40665
0.4743
0.488725
0.5008
0.51435
0.524975
0.5465
0.568125
0.572475
0.57375
0.58905
0.6017
0.60985
0.614975
0.626775
0.6533
0.6574
0.658675
0.663975
0.67545
0.67875
0.69215
0.69905
0.718575
0.751925
0.763375
0.798475
0.8311
0.833125
0.857
0.8575
0.936925
0.9429
1.012775
1.049075
1.078475
1.0813
1.104175
1.116325
1.117475
1.1463
1.187075
1.196325
1.215425
1.221675
1.245475
1.350925
1.3586
1.412275
1.44225
1.442275
1.4479
1.46665
1.49175
1.599725
1.640775
1.6955
1.73625
1.770275
1.83965
1.851475
1.942825
1.994475
2.019975
2.04745
2.1153
2.205775
2.220675
2.240025
2.26115
2.362125
2.39005
2.51695
2.609475
2.749675
2.7936
2.864225
2.8844
2.949725
2.9523
2.962225
3.04775
3.1694
3.172825
3.174125
3.219975
3.308375
3.312525
3.377525
3.42365
3.5054
3.5153
3.530075
3.55405
3.8025
3.8235
3.8482
3.8508
3.9229
3.9403
4.0796
4.1315
4.240875
4.3004
4.3327
4.4766
4.478325
4.506325
4.5517
4.619125
4.6627
4.80275
5.034975
5.083875
5.158725
5.171775
5.2604
5.29705
5.3304
5.388575
5.52135
5.554175
5.5895
5.72145
5.795675
5.82965
5.8907
6.0411
6.2125
6.325925
6.347075
6.4062
6.6458
6.9347
6.96925
6.987625
7.116
7.1746
7.254675
7.453425
7.4773
7.48355
7.84645
7.97785
8.00605
8.126975
8.4745
8.5489
8.701725
8.74475
8.91855
9.232825
9.247
9.2957
9.297675
9.5339
9.62265
9.793325
9.8294
9.976375
163
