0.180775
0.270525
0.343225
0.4596
0.4726
0.4984
0.501575
0.514125
0.52
0.534175
0.5645
0.570275
0.57035
0.5757
0.588425
0.602475
0.609175
0.61545
0.6442
0.6482
0.650325
0.671725
0.678925
0.681875
0.687875
0.693575
0.695625
0.705925
0.7299
0.740475
0.74385
0.7474
0.7606
0.764
0.767825
0.79975
0.80425
0.816425
0.82315
0.827675
0.843325
0.847725
0.8711
0.886875
0.88765
0.939775
0.944175
0.9511
0.98735
1.031175
1.09495
1.165775
1.1787
1.18155
1.193525
1.20045
1.242825
1.2624
1.30495
1.315125
1.3252
1.364725
1.4521
1.51875
1.5955
1.6627
1.680175
1.732725
1.739775
1.779075
1.804575
1.826725
1.846075
1.950925
2.072375
2.101925
2.1355
2.226
2.350775
2.363225
2.4874
2.601525
2.6161
2.637125
2.65185
2.724875
2.85185
2.91115
2.921225
2.937775
3.046125
3.114025
3.122625
3.2411
3.3705
3.38255
3.440075
3.454275
3.4817
3.538575
3.58065
3.6812
3.705975
3.76025
3.8828
3.8845
3.945525
4.0515
4.125675
4.35775
4.359325
4.382725
4.47955
4.671425
4.724525
4.77325
4.7857
4.8394
4.879725
5.04465
5.15935
5.229425
5.32185
5.3977
5.4888
5.687625
5.732925
5.788425
5.832725
5.891575
5.989725
6.0174
6.07975
6.087025
6.30095
6.340675
6.35845
6.391175
6.509625
6.59905
6.611075
6.730725
6.736575
6.863275
7.007675
7.1209
7.278325
7.43205
7.639775
7.64125
7.9614
8.152575
8.254925
8.495375
8.61465
8.688325
8.735875
8.827125
8.932075
9.011725
9.01215
9.1181
9.150775
9.233825
9.405775
9.42425
9.680825
9.715575
9.98205
169
