0.229425
0.29385
0.46715
0.475525
0.4813
0.4918
0.50645
0.52525
0.5259
0.535125
0.566075
0.5757
0.580275
0.58805
0.59205
0.597175
0.60105
0.6334
0.639925
0.642075
0.6515
0.655175
0.664975
0.6782
0.69375
0.697425
0.71615
0.72695
0.7311
0.762625
0.772225
0.79195
0.7984
0.80695
0.810475
0.838925
0.8735
0.880875
0.884375
0.891725
0.90105
0.968125
0.990425
1.006175
1.03655
1.048025
1.06525
1.066075
1.075925
1.0897
1.10065
1.1149
1.13405
1.14185
1.27
1.271075
1.3068
1.402
1.4081
1.476025
1.47825
1.486825
1.5674
1.7469
1.76005
1.80235
1.91205
1.9798
1.99155
2.00365
2.010125
2.050925
2.061875
2.140175
2.261425
2.29405
2.307
2.346925
2.34965
2.389375
2.45235
2.479475
2.581275
2.637125
2.6595
2.692575
2.69805
2.728925
2.833975
2.83405
2.917825
2.94535
3.15315
3.16395
3.231875
3.2753
3.30995
3.3544
3.421025
3.42285
3.545025
3.546025
3.56255
3.773475
3.77915
3.863875
3.869775
4.272425
4.38375
4.417325
4.4917
4.503925
4.57565
4.764925
4.80725
4.8549
5.138425
5.207375
5.340025
5.47395
5.6505
6.464125
6.46475
6.50705
6.5182
6.629875
6.673625
6.685225
6.80835
6.871425
6.968425
7.244075
7.26555
7.43965
7.6662
7.698475
7.8827
7.884525
8.135425
8.450125
8.450675
8.485875
8.538725
9.00845
9.023025
9.058475
9.093775
9.351375
9.5653
9.6679
9.714875
9.7698
9.937425
153
