0.04195
0.189125
0.25255
0.4175
0.4404
0.4424
0.459975
0.464075
0.4656
0.469275
0.492
0.499725
0.509625
0.511525
0.5297
0.532825
0.543075
0.547525
0.549175
0.561175
0.561625
0.5671
0.579725
0.58075
0.605525
0.609375
0.63215
0.65945
0.701425
0.71185
0.714575
0.73185
0.737375
0.745675
0.7457
0.748575
0.7498
0.75
0.7744
0.778225
0.78055
0.785525
0.803825
0.84255
0.8471
0.8643
0.870925
0.876075
0.9046
0.922125
0.92975
0.931625
0.9676
0.98935
1.0102
1.0924
1.102275
1.117325
1.120775
1.147375
1.183675
1.205075
1.21905
1.2398
1.240625
1.286625
1.3122
1.329375
1.375825
1.42815
1.45745
1.472325
1.50595
1.5861
1.60035
1.661875
1.673925
1.694425
1.801175
1.802875
1.818125
1.86235
2.004575
2.01415
2.033925
2.071625
2.27695
2.3089
2.335325
2.340875
2.47845
2.4851
2.51325
2.5341
2.53565
2.619575
2.621025
2.69525
2.7506
2.756975
2.838575
2.954425
2.961875
3.002875
3.07195
3.30875
3.310525
3.365175
3.3712
3.45795
3.490325
3.4914
3.5044
3.53705
3.635325
3.777
3.9439
3.991975
4.0044
4.0063
4.011125
4.2742
4.3606
4.417425
4.58255
4.60545
4.723875
4.781525
4.869525
4.962225
5.04215
5.308225
5.31945
5.503725
5.6069
5.656075
5.66095
5.8387
5.849475
5.8763
5.903225
5.91285
5.93615
5.942775
5.9717
6.1212
6.21925
6.57295
6.6643
6.712775
6.720075
6.722525
6.93365
7.1133
7.255825
7.30775
7.382225
7.391775
7.518375
7.57075
7.79355
8.0001
8.149425
8.27045
8.27795
8.45085
8.487825
8.709425
8.73275
8.918875
8.929675
9.00145
9.1405
9.21085
9.213575
9.334575
9.4189
9.553175
9.688725
9.7216
9.851425
9.85535
182
