0.0597
0.2359
0.290225
0.4395
0.466175
0.506125
0.50765
0.512475
0.514475
0.53075
0.5361
0.5494
0.566575
0.57675
0.577475
0.588125
0.588275
0.6026
0.61425
0.636475
0.643025
0.6433
0.67915
0.6928
0.70895
0.742475
0.76415
0.768725
0.777925
0.802575
0.81645
0.8184
0.8231
0.872275
0.876575
0.880075
0.89185
0.916825
0.93705
0.9575
0.958825
0.972125
0.974425
0.978
0.99005
1.009
1.049075
1.097025
1.13005
1.1319
1.161775
1.211625
1.223325
1.279175
1.2853
1.358175
1.37915
1.3908
1.41015
1.438975
1.461225
1.4625
1.520325
1.687775
1.708075
1.7286
1.754475
1.8541
1.864925
1.87095
1.92235
1.931725
1.94245
1.96095
1.96685
2.02015
2.0866
2.112775
2.146
2.1705
2.257075
2.3081
2.442525
2.4815
2.503475
2.567275
2.5988
2.6015
2.6305
2.74495
2.808525
2.814375
2.897175
2.946375
2.94775
2.98295
3.07335
3.12665
3.1517
3.22255
3.244075
3.4148
3.421775
3.460125
3.4851
3.527
3.5311
3.6434
3.733
3.7873
3.8108
3.868925
4.012525
4.091725
4.0937
4.0965
4.10535
4.19365
4.242775
4.43445
4.6494
4.8009
4.81255
4.85515
4.981125
5.244675
5.278325
5.418925
5.43765
5.46615
5.7045
5.828625
5.88775
5.961875
5.962475
6.296775
6.492
6.546525
6.80475
6.82665
6.979975
7.029825
7.047075
7.21445
7.290525
7.313425
7.350175
7.382175
7.6832
7.724325
7.912075
8.082925
8.33345
8.399775
8.449825
8.483225
8.570925
8.582925
9.0234
9.08725
9.124175
9.159425
9.291075
9.474425
9.524275
9.652025
9.71595
9.776675
9.819725
169
