0.47055
0.4877
0.5066
0.5101
0.5131
0.521775
0.532425
0.5431
0.547675
0.55165
0.554875
0.56045
0.562175
0.568675
0.569225
0.570625
0.58
0.580325
0.589875
0.617725
0.631725
0.65005
0.658375
0.676975
0.6826
0.685325
0.694
0.723625
0.7268
0.739
0.7778
0.80135
0.827275
0.831275
0.85485
0.856875
0.85705
0.864575
0.89135
0.8964
0.929275
0.9598
0.96955
0.983275
0.985425
0.991925
1.02465
1.031975
1.051175
1.255275
1.2771
1.299325
1.392875
1.4011
1.41
1.48535
1.6221
1.67765
1.819625
1.89635
1.9599
1.965375
1.988975
2.030125
2.0957
2.24715
2.259325
2.26445
2.4453
2.518175
2.9668
2.979775
3.004275
3.112125
3.15035
3.258425
3.322225
3.425875
3.469775
3.670175
3.730725
3.7435
3.887025
3.903975
4.025025
4.04105
4.166075
4.17075
4.19215
4.219025
4.2203
4.223425
4.26185
4.26915
4.28685
4.31735
4.4331
4.46925
4.471
4.582075
4.5957
4.644325
4.717475
4.735825
4.79955
4.87785
5.140675
5.302525
5.465825
5.5035
5.50375
5.67505
5.836525
5.87525
5.919
5.975875
6.05455
6.188925
6.3236
6.356275
6.434075
6.61345
6.6516
6.6563
6.684475
6.749575
6.765725
7.136125
7.204025
7.3914
7.55605
7.7511
8.000075
8.301675
8.544175
8.593125
8.6454
8.790275
8.795575
8.862775
8.987875
9.029375
9.141375
9.150125
9.509525
9.872025
9.912725
147
