0.118925
0.146375
0.20445
0.317575
0.40735
0.452725
0.4744
0.504425
0.50455
0.5089
0.51245
0.521525
0.538
0.5455
0.546075
0.5468
0.57175
0.580475
0.589975
0.5925
0.608975
0.64215
0.657825
0.670625
0.679275
0.680725
0.682075
0.6828
0.719425
0.724975
0.72595
0.734675
0.739325
0.748625
0.75315
0.7544
0.756825
0.76015
0.800775
0.8113
0.8386
0.839925
0.85565
0.88515
0.888575
0.919475
0.93315
0.95315
0.993075
1.003275
1.0084
1.0533
1.11855
1.15235
1.152675
1.17705
1.258925
1.276425
1.317825
1.4176
1.442225
1.44275
1.448725
1.464325
1.470325
1.47485
1.537325
1.581575
1.596325
1.675575
1.685025
1.70295
1.8466
1.860325
1.9257
2.054975
2.075775
2.15925
2.214325
2.323025
2.37175
2.390625
2.4183
2.430225
2.4796
2.499125
2.52895
2.550425
2.5506
2.5766
2.621075
2.82005
2.88805
2.92215
2.924575
2.9974
3.04895
3.085925
3.094325
3.0986
3.1009
3.154625
3.161575
3.174175
3.1798
3.23865
3.3113
3.32665
3.35225
3.454125
3.50155
3.523975
3.562225
3.59335
3.744725
3.77185
3.8078
3.8577
3.93905
3.94415
4.06305
4.0726
4.07365
4.089075
4.15985
4.17455
4.261825
4.281575
4.29745
4.341525
4.35345
4.4796
4.5215
4.6619
4.690075
4.85825
4.8703
4.96265
5.144175
5.1984
5.232325
5.254025
5.3158
5.342875
5.4516
5.505475
5.55355
5.634875
5.6936
5.917925
5.94215
5.958
6.2094
6.292825
6.37225
6.3846
6.396775
6.5874
6.7237
6.7704
6.811975
6.815625
7.040775
7.063
7.13685
7.2346
7.3235
7.323725
7.77375
7.964825
8.33305
8.426175
8.54425
8.5894
8.700025
8.763725
8.770325
8.7958
8.867825
8.997025
9.010625
9.3224
9.34365
9.44055
9.5113
9.57925
9.6765
9.82205
9.902325
9.910175
190
