0.082725
0.313625
0.31475
0.411225
0.450575
0.46485
0.477725
0.50325
0.505825
0.53205
0.54515
0.556775
0.556875
0.57585
0.57945
0.581975
0.5884
0.6049
0.612325
0.626325
0.6292
0.65185
0.670825
0.6744
0.677075
0.682
0.721825
0.739625
0.74665
0.777325
0.784725
0.82485
0.854
0.860475
0.861775
0.8716
0.87675
0.901575
0.9025
0.913275
0.953975
0.956375
0.96815
0.991425
1.00215
1.0249
1.062925
1.130775
1.1994
1.206475
1.255775
1.2565
1.2861
1.315425
1.396225
1.41715
1.4176
1.467725
1.4923
1.546175
1.578125
1.661575
1.69065
1.7495
1.855525
1.8584
1.92035
1.94875
2.022975
2.070475
2.2272
2.28675
2.35585
2.3718
2.423275
2.615
2.636875
2.639525
2.794175
2.89605
2.928325
2.976975
3.096325
3.130475
3.144975
3.18885
3.214225
3.253025
3.27315
3.3334
3.394625
3.4023
3.4481
3.6034
3.837
4.0107
4.049675
4.12485
4.192075
4.217625
4.3325
4.52535
4.639375
4.81795
4.8264
4.88885
4.931525
5.111425
5.14385
5.453
5.5212
5.5255
5.619525
5.692675
5.698
5.7956
5.8172
5.822
6.0111
6.0781
6.409975
6.45215
6.7658
6.89265
7.05635
7.22045
7.23775
7.3025
7.30605
7.365425
7.551825
7.624525
7.6331
7.635625
7.642825
7.78595
7.92715
8.133525
8.175125
8.2235
8.270925
8.2979
8.30525
8.45715
8.50815
8.578375
8.770375
8.77945
8.86165
9.035325
9.047475
9.111975
9.40405
9.56085
9.659425
9.6771
9.740875
9.83355
9.99875
159
