0.292725
0.3155
0.45115
0.480375
0.482925
0.483425
0.493925
0.50005
0.504
0.5112
0.52195
0.52735
0.540125
0.5444
0.5547
0.5613
0.563075
0.56665
0.5696
0.59215
0.594775
0.596975
0.6239
0.6551
0.65875
0.659125
0.6769
0.6874
0.68815
0.690175
0.70395
0.705375
0.70595
0.710225
0.711575
0.7169
0.717975
0.7456
0.780025
0.808925
0.819775
0.853275
0.85405
0.87425
0.87715
0.910725
0.926725
0.947475
1.00455
1.01575
1.02115
1.036275
1.036975
1.038675
1.0896
1.096625
1.1265
1.1309
1.134775
1.15095
1.1523
1.268925
1.3116
1.312375
1.32715
1.332
1.33225
1.3543
1.408175
1.48145
1.520175
1.63255
1.634925
1.71555
1.779075
1.7992
1.805975
1.81655
1.82255
1.84125
1.868175
1.88715
1.89575
1.994625
2.0346
2.041575
2.12545
2.17435
2.245775
2.28305
2.3656
2.555325
2.573
2.5782
2.6004
2.680375
2.693975
2.697
2.77335
2.845425
2.84615
2.859375
2.87435
2.96545
3.000075
3.016025
3.0848
3.20395
3.257525
3.25775
3.300375
3.4782
3.52455
3.591725
3.614075
3.6338
3.63405
3.717775
3.940425
3.942275
4.04185
4.0481
4.259975
4.3716
4.371825
4.70535
4.7325
4.915975
4.962075
4.981875
5.075025
5.2544
5.25565
5.344525
5.4313
5.483
5.911225
6.001
6.113325
6.277875
6.302275
6.34025
6.370775
6.42765
6.4714
6.647825
6.7486
6.96045
7.26575
7.445375
7.5047
7.5549
7.608925
7.624125
7.638275
7.695575
7.73185
7.877675
7.89005
7.918825
7.95805
7.97305
8.041025
8.101725
8.1124
8.205475
8.246275
8.274175
8.3671
8.3782
8.5076
8.5202
8.6926
8.76025
9.237
9.276025
9.295075
9.37515
9.463725
9.855325
9.9254
9.9994
182
