0.282275
0.3702
0.45935
0.48015
0.51995
0.527575
0.547025
0.54955
0.5561
0.56315
0.56675
0.5694
0.58065
0.604975
0.633125
0.667025
0.6701
0.682325
0.68765
0.70925
0.7225
0.74025
0.744375
0.7477
0.75055
0.754
0.76385
0.821675
0.82825
0.863875
0.904475
0.907125
0.9331
0.954675
0.9633
0.97235
0.9744
1.01865
1.021125
1.0262
1.042175
1.050075
1.0599
1.082075
1.0863
1.10685
1.133525
1.154325
1.167475
1.1682
1.174075
1.205825
1.2111
1.244475
1.25175
1.2695
1.296925
1.3084
1.3094
1.325625
1.382875
1.41975
1.4998
1.5635
1.58495
1.649825
1.670775
1.896525
1.917875
1.92915
1.995225
2.068375
2.1011
2.13835
2.269375
2.3799
2.4896
2.510225
2.55225
2.59485
2.631825
2.7241
2.74655
2.76575
2.772925
2.7952
2.88625
3.193975
3.218275
3.280875
3.3112
3.363
3.375475
3.384825
3.50935
3.5143
3.53575
3.6085
3.74915
3.930375
4.073475
4.085675
4.088525
4.1498
4.184075
4.263375
4.2992
4.356375
4.391325
4.455
4.505
4.5381
4.543075
4.54435
4.619125
4.67445
4.81255
5.09655
5.220775
5.3641
5.481325
5.5162
5.569425
5.83205
5.8609
5.920275
6.0024
6.051875
6.121175
6.206875
6.3041
6.474425
6.5343
6.808225
6.8345
6.98475
7.00145
7.027125
7.027575
7.0459
7.05135
7.068425
7.4161
7.467375
7.487175
7.580625
7.59415
7.647125
7.707075
7.7369
7.7861
7.80885
7.83995
7.99365
8.18905
8.41945
8.772525
8.845675
8.9017
8.914775
8.928175
9.1018
9.4033
9.452675
9.470025
9.552875
9.599625
9.7581
9.823575
9.85225
9.866875
9.9252
9.9818
173
