0.1016
0.185575
0.486475
0.486725
0.487475
0.490975
0.497275
0.50765
0.515575
0.5203
0.520775
0.5536
0.572625
0.580675
0.58805
0.59295
0.597725
0.630775
0.63455
0.664775
0.67345
0.678375
0.687525
0.688225
0.757275
0.76715
0.778775
0.795125
0.79905
0.807975
0.827025
0.8475
0.85675
0.861675
0.865625
0.8709
0.91795
0.96715
0.969625
0.984225
1.015425
1.01605
1.072125
1.106225
1.1111
1.1132
1.15255
1.16935
1.241175
1.294825
1.41715
1.436275
1.44055
1.4448
1.468725
1.4945
1.545275
1.586125
1.660425
1.663025
1.673325
1.744075
1.785325
1.933675
1.954225
1.958825
1.9758
2.110725
2.160525
2.232175
2.245275
2.288
2.34195
2.3592
2.39405
2.407475
2.436475
2.50775
2.536775
2.6893
2.7344
2.868375
2.874275
2.889975
2.9012
2.940175
2.973225
3.123475
3.18345
3.192925
3.211025
3.212025
3.2236
3.23845
3.3535
3.498
3.582025
3.8129
3.9513
4.029625
4.03795
4.066875
4.1013
4.218975
4.3925
4.42305
4.431525
4.432525
4.4567
4.5082
4.50865
4.5621
4.629525
4.711675
4.7414
4.848825
4.92815
5.018625
5.042525
5.070025
5.293575
5.5215
5.575275
5.653025
5.6606
5.84375
5.938875
6.075125
6.647075
6.7654
6.7805
6.805975
6.807675
6.9188
7.060475
7.0861
7.1439
7.234925
7.286625
7.38485
7.484325
7.49
7.623275
7.72665
7.74075
7.780925
7.945775
8.2095
8.438925
8.500475
8.66415
8.88095
8.8877
8.8928
8.920875
8.922475
9.0244
9.0294
9.065075
9.359025
9.511625
9.786025
9.921275
9.945925
164
