0.042
0.084775
0.219025
0.291775
0.3335
0.3781
0.4748
0.480625
0.484025
0.492525
0.5057
0.5116
0.5283
0.530425
0.543625
0.559375
0.56255
0.56645
0.584075
0.607
0.616125
0.618525
0.62175
0.6283
0.636375
0.651875
0.6822
0.691875
0.6953
0.7195
0.728375
0.741775
0.752225
0.772025
0.780375
0.79335
0.795625
0.8124
0.821775
0.826575
0.82805
0.83125
0.879375
0.88675
0.896175
0.900875
0.922475
0.951075
0.9767
0.9806
1.003225
1.03235
1.074925
1.090225
1.142175
1.19285
1.216725
1.22365
1.303775
1.307375
1.340325
1.35365
1.407125
1.425775
1.465975
1.480375
1.5487
1.584825
1.674825
1.73255
1.7476
1.85795
1.985575
1.990675
2.027375
2.02945
2.1578
2.199375
2.2394
2.3373
2.387325
2.4281
2.4667
2.58905
2.630875
2.749075
2.810275
2.96305
2.980325
3.00875
3.023625
3.0928
3.098025
3.178925
3.315225
3.3281
3.394625
3.39525
3.425075
3.43335
3.539675
3.556725
3.5801
3.582875
3.5941
3.678375
3.767625
3.873725
3.934575
3.957375
4.09245
4.129325
4.133725
4.200525
4.27905
4.299825
4.300275
4.402
4.40225
4.815275
4.817125
4.938125
5.162925
5.341
5.47045
5.541325
5.56765
5.829575
5.880225
6.01355
6.161075
6.1689
6.306275
6.314025
6.476
6.678575
6.696925
6.836525
7.291725
7.48595
7.653975
7.682425
7.753475
7.80055
7.91425
8.14855
8.31215
8.645625
8.715175
8.784225
8.922625
8.937125
9.016875
9.0839
9.276025
9.2957
9.521725
9.528675
9.78605
9.79745
9.87785
161
