0.05345
0.225525
0.29355
0.46725
0.477775
0.477975
0.48615
0.4871
0.523125
0.527125
0.529475
0.5344
0.56965
0.57905
0.5816
0.6067
0.62055
0.639525
0.64045
0.653425
0.655625
0.65775
0.658825
0.65945
0.672475
0.67585
0.69705
0.70335
0.707075
0.72705
0.7708
0.83255
0.837575
0.8418
0.8603
0.8914
0.91005
0.915925
0.96615
0.9906
1.024225
1.084425
1.145075
1.24475
1.35075
1.40555
1.479425
1.542625
1.543225
1.567275
1.5741
1.716325
1.7239
1.732175
1.815025
1.862075
1.906575
2.00265
2.01555
2.076275
2.1038
2.169625
2.17205
2.20835
2.250475
2.295975
2.343825
2.36085
2.513375
2.5498
2.55415
2.57315
2.61
2.637325
2.754175
2.958275
3.132925
3.2302
3.24545
3.28495
3.33205
3.40285
3.5639
3.6387
3.8674
3.921175
3.971675
3.983075
4.001
4.080125
4.236925
4.2481
4.384375
4.412375
4.5475
4.55195
4.600975
4.631775
4.633275
4.6941
4.992425
5.219875
5.2958
5.385375
5.5129
5.55995
5.58045
5.7149
5.83685
5.901675
5.988175
5.9995
6.182775
6.197025
6.214075
6.238
6.5305
6.57625
6.615125
6.660075
6.6604
6.72935
6.8104
6.99915
7.34715
7.626825
7.681175
7.7373
7.85035
7.981925
8.068875
8.0823
8.106275
8.23485
8.385175
8.515425
8.542175
8.90195
8.917125
8.927925
8.952475
9.10965
9.2496
9.26305
9.340225
9.628925
9.6954
9.798325
9.831475
9.944925
150
