0.0443
0.055125
0.413925
0.431775
0.457575
0.49805
0.499875
0.506875
0.509725
0.533375
0.5414
0.543975
0.54785
0.5506
0.55875
0.56675
0.592175
0.594175
0.625125
0.641425
0.6524
0.6626
0.677725
0.708925
0.72055
0.72655
0.729025
0.736125
0.751825
0.816025
0.81895
0.845325
0.852925
0.880575
0.91585
0.916925
0.942025
0.957375
0.979575
0.9853
0.9893
1.0209
1.039775
1.060375
1.089175
1.17525
1.178
1.308525
1.373
1.43125
1.43165
1.469425
1.507675
1.5209
1.545025
1.55465
1.579775
1.617175
1.7423
1.828975
1.8308
1.88805
1.8916
1.892975
1.98845
1.99215
2.0148
2.067875
2.114975
2.210975
2.293775
2.300275
2.334525
2.419
2.584525
2.593275
2.7383
2.857275
2.89495
2.938125
3.330625
3.4096
3.466725
3.492975
3.5269
3.536475
3.624575
3.694325
3.706625
3.8356
3.845525
3.8526
3.889425
4.033825
4.087475
4.1278
4.15535
4.178925
4.297225
4.313875
4.391
4.41815
4.428675
4.442675
4.447925
4.578575
4.610525
4.61975
4.654825
4.663975
4.86145
4.868075
4.945875
4.974025
5.4048
5.5026
5.52755
5.63205
5.739225
5.799625
5.8436
5.9207
6.418125
6.6078
6.65955
6.71985
6.909075
6.986525
7.0221
7.09905
7.232275
7.429175
7.739225
7.9126
8.03085
8.07675
8.17085
8.2539
8.281975
8.358875
8.386875
8.486875
8.51485
8.6221
8.803475
8.8532
8.8604
8.930775
8.971225
9.2173
9.32265
9.325125
9.530975
9.5425
9.8459
9.929675
9.995875
9.996
158
