0.17685
0.416325
0.458375
0.459075
0.4609
0.46395
0.491525
0.4959
0.497825
0.502275
0.517
0.5218
0.5238
0.527825
0.53395
0.536875
0.53985
0.552925
0.5815
0.5859
0.60555
0.62295
0.634875
0.645475
0.649625
0.66365
0.66695
0.6784
0.70785
0.73465
0.73765
0.75175
0.780425
0.7958
0.83795
0.84725
0.86225
0.86665
0.895175
0.900875
0.934875
0.97205
1.013375
1.026675
1.06425
1.0738
1.074625
1.126925
1.1293
1.1435
1.177125
1.186075
1.19005
1.2188
1.246125
1.342975
1.369275
1.39535
1.41875
1.5315
1.605375
1.644825
1.6636
1.6652
1.770475
1.79655
1.802425
1.8483
1.856775
1.85805
1.885425
1.964625
2.001625
2.05385
2.088125
2.167425
2.178025
2.235375
2.278775
2.28795
2.288125
2.356925
2.36275
2.399375
2.4217
2.4553
2.471325
2.50495
2.5359
2.613
2.626875
2.63095
2.634675
2.7261
2.76665
2.7675
2.82055
2.8385
2.8646
2.876775
3.021325
3.1834
3.183525
3.255525
3.327225
3.379
3.56865
3.761725
3.771675
3.887575
3.89285
3.917425
3.968675
3.9991
4.035775
4.0844
4.206
4.28605
4.33125
4.343575
4.419775
4.515
4.730975
4.79855
4.819175
4.937825
5.124275
5.141875
5.1862
5.20665
5.2433
5.274775
5.52015
5.688125
5.793425
5.8059
5.8183
5.913075
5.933175
5.946325
6.061175
6.311975
6.333425
6.394325
6.450675
6.626
6.631225
6.7435
6.746325
6.901725
6.940825
6.97955
6.996825
7.0269
7.063375
7.09655
7.293875
7.502275
7.7868
7.979825
8.011475
8.044225
8.059675
8.166725
8.2029
8.31655
8.410425
8.420125
8.439075
8.53555
8.664775
8.78455
8.834325
8.836025
8.905275
9.0564
9.1935
9.500625
9.7509
9.9419
180
