0.00885
0.0146
0.224575
0.439575
0.454575
0.46905
0.486175
0.49485
0.513525
0.5136
0.5147
0.528825
0.535
0.53635
0.55225
0.55585
0.6179
0.621275
0.623475
0.639125
0.6452
0.6477
0.668075
0.684225
0.6923
0.704725
0.7119
0.715275
0.725925
0.7359
0.746475
0.7529
0.7542
0.779425
0.78455
0.794375
0.800525
0.813925
0.8216
0.90425
0.9206
0.94425
0.948525
0.96105
1.00455
1.029375
1.037425
1.045325
1.0936
1.100325
1.13875
1.214325
1.2262
1.255975
1.27845
1.31695
1.32235
1.3569
1.389475
1.548475
1.59005
1.620775
1.66945
1.6746
1.712325
1.73255
1.767775
1.769775
1.8086
1.84525
1.871875
1.995625
2.031975
2.079375
2.1191
2.146125
2.1889
2.233375
2.492825
2.73875
2.770775
2.8782
2.902175
2.915475
2.99815
3.0546
3.069475
3.13845
3.1518
3.183075
3.2888
3.415225
3.563725
3.6278
3.738625
3.801325
3.9337
3.9365
4.128625
4.1375
4.29435
4.3187
4.45865
4.75515
4.784875
4.84885
4.86885
4.97355
4.993725
5.104025
5.228575
5.289375
5.4005
5.46475
5.471525
5.5228
5.566
5.621825
5.686
5.90875
5.91905
6.15345
6.332825
6.3847
6.464025
6.626825
6.95415
7.31785
7.508425
7.5279
7.5737
7.73125
7.7805
8.125275
8.65325
8.847025
8.8712
8.916625
8.99595
9.13175
9.15285
9.2623
9.35075
9.467125
9.50965
9.702875
9.853975
9.865075
9.90885
9.919825
9.978175
151
