0.013275
0.042825
0.2812
0.305725
0.46295
0.471325
0.477875
0.500525
0.507625
0.517475
0.520525
0.5545
0.558625
0.585025
0.6126
0.613225
0.618675
0.62485
0.63415
0.64405
0.668525
0.677725
0.679075
0.71255
0.71825
0.77445
0.79845
0.806275
0.810975
0.81185
0.832275
0.846575
0.8469
0.852475
0.928125
0.953275
0.963075
0.9634
0.9648
0.97775
1.036575
1.043775
1.06965
1.077425
1.104525
1.1113
1.14295
1.1905
1.2349
1.31565
1.324325
1.326875
1.37005
1.408975
1.46035
1.46555
1.48705
1.512425
1.5171
1.579375
1.60455
1.608325
1.613175
1.67115
1.695975
1.809675
1.811025
1.8634
2.07205
2.64455
2.76505
2.778475
2.779675
2.86645
2.89725
2.947875
2.962125
2.97875
3.0309
3.0756
3.105525
3.14985
3.1609
3.1784
3.202175
3.26505
3.4748
3.502175
3.55485
3.677275
3.70715
3.724275
3.88235
4.01295
4.040525
4.277675
4.703
4.85855
4.859325
5.099625
5.232775
5.311125
5.361175
5.584925
5.777775
5.81195
5.898875
6.086825
6.156225
6.26305
6.32875
6.39535
6.4004
6.57645
6.578425
6.71645
6.864225
6.9119
7.055075
7.084425
7.2216
7.34155
7.3706
7.404075
7.406075
7.518175
8.017625
8.057675
8.0682
8.2701
8.41075
8.42255
8.630675
8.67515
8.7672
8.771775
8.777975
8.815925
8.836275
8.8809
8.995175
8.998025
8.999275
9.098275
9.21155
9.312175
9.448725
9.508925
9.8055
9.88325
9.95355
151
