0.0881
0.0918
0.22545
0.341
0.3844
0.416975
0.418625
0.435425
0.4585
0.476275
0.477475
0.4775
0.4798
0.504975
0.506175
0.516875
0.52105
0.5241
0.52515
0.536575
0.55455
0.55825
0.56075
0.57585
0.584
0.622725
0.658175
0.668
0.68205
0.703025
0.7058
0.706225
0.724375
0.72575
0.736325
0.75175
0.752775
0.795825
0.815525
0.825075
0.83755
0.844825
0.86595
0.8745
0.876925
0.891325
0.9059
0.907125
0.907175
0.990175
0.991575
1.116075
1.118675
1.1574
1.160025
1.180775
1.2096
1.27085
1.2956
1.342575
1.373475
1.4164
1.434525
1.460075
1.492375
1.5285
1.53455
1.54505
1.560175
1.65345
1.6595
1.685975
1.708825
1.758275
1.820275
1.829575
1.8334
1.853775
1.909625
1.9209
1.921825
1.9257
1.9486
1.957775
1.95855
1.983125
2.0299
2.03165
2.0803
2.081475
2.086225
2.1375
2.14985
2.1512
2.1967
2.273875
2.289775
2.302575
2.308825
2.39495
2.427975
2.430275
2.4514
2.57175
2.612725
2.623725
2.856425
2.894075
2.930075
2.941475
2.94775
2.95425
3.077975
3.099225
3.1702
3.262025
3.277825
3.321275
3.492925
3.512425
3.66245
3.70395
3.73505
3.764475
3.844775
3.851025
3.8673
3.882375
3.893475
3.916275
3.920875
3.975275
3.996875
4.016425
4.022625
4.105025
4.1624
4.183775
4.2604
4.31705
4.344925
4.582125
4.620925
4.7129
4.754525
4.8502
4.93695
4.9496
4.98335
5.096825
5.151125
5.174825
5.176425
5.264825
5.273925
5.31305
5.358725
5.386275
5.55235
5.5952
5.6251
5.756775
5.776275
5.9108
6.0664
6.199125
6.3483
6.6801
6.696675
6.925175
6.94955
7.0318
7.099125
7.1815
7.2494
7.302
7.31945
7.35505
7.43585
7.449625
7.593825
7.781075
7.7827
7.81635
7.857075
7.890475
8.10125
8.198425
8.22195
8.2576
8.275325
8.356125
8.41635
8.47015
9.041725
9.111125
9.423425
9.439075
9.616675
199
