0.13845
0.146325
0.326225
0.428225
0.442475
0.45185
0.480675
0.49675
0.50215
0.50395
0.53405
0.5383
0.541675
0.541725
0.547725
0.55275
0.557975
0.56065
0.587775
0.6189
0.6227
0.63945
0.6489
0.652575
0.6561
0.670025
0.670375
0.6779
0.726025
0.731125
0.73945
0.779675
0.796375
0.801025
0.80695
0.818425
0.826275
0.82955
0.8311
0.8343
0.8357
0.944025
0.9599
0.972875
0.987575
1.003575
1.0324
1.05975
1.155025
1.15785
1.205925
1.226675
1.34585
1.3578
1.36295
1.4368
1.4424
1.457425
1.5151
1.529975
1.5427
1.5505
1.567175
1.570775
1.63105
1.666475
1.66705
1.669325
1.681225
1.6826
1.724775
1.733325
1.7499
1.764525
1.791575
1.82225
1.86725
2.00785
2.14445
2.1506
2.202475
2.206525
2.301475
2.331125
2.3788
2.42955
2.4302
2.4667
2.47685
2.58555
2.6029
2.728525
2.75055
2.762175
2.8013
3.0199
3.153525
3.2684
3.3934
3.413975
3.51115
3.515075
3.526525
3.5512
3.562175
3.59805
3.620875
3.683625
3.690275
3.715775
3.781725
3.818625
3.821
3.8302
3.98065
4.068175
4.115175
4.2755
4.416725
4.462125
4.5473
4.579825
4.625925
4.662275
4.6964
4.744275
4.821575
4.9649
5.011625
5.019875
5.03575
5.14845
5.1582
5.195
5.258425
5.318525
5.325475
5.3635
5.4433
5.4753
5.71875
5.803425
5.80465
6.0013
6.03085
6.04415
6.169625
6.25845
6.264
6.292475
6.8346
6.84565
6.972775
7.041925
7.259225
7.3494
7.4826
7.5352
7.5993
7.786675
7.827475
8.04115
8.125225
8.175275
8.368575
8.4876
8.68725
8.73775
8.761575
8.94875
9.00475
9.185
9.235175
9.4571
9.4895
9.49035
9.544025
9.7696
9.898425
9.929375
180
