0.015725
0.1837
0.319375
0.334625
0.4679
0.500975
0.5043
0.50445
0.511625
0.513875
0.5184
0.524125
0.524425
0.56025
0.567125
0.570825
0.573525
0.574125
0.577475
0.579
0.59005
0.60675
0.618325
0.625425
0.639425
0.641775
0.6467
0.657775
0.666475
0.6677
0.681225
0.69015
0.7246
0.73485
0.749925
0.76265
0.764275
0.781525
0.825675
0.826575
0.8358
0.8368
0.841025
0.843625
0.850475
0.85075
0.852375
0.89025
0.89985
0.907975
0.91995
0.94065
0.972775
1.018
1.029
1.05945
1.07
1.072075
1.08325
1.08975
1.094175
1.104075
1.1292
1.142825
1.143425
1.14835
1.15135
1.19025
1.193375
1.231725
1.25795
1.27945
1.288525
1.32185
1.348025
1.423175
1.470125
1.531425
1.5852
1.629725
1.7019
1.706175
1.722175
1.7757
1.7846
1.819225
1.84495
2.033425
2.114
2.141525
2.187925
2.191575
2.229525
2.277075
2.3103
2.464975
2.46805
2.506225
2.559925
2.560975
2.58005
2.6366
2.7445
2.787975
2.8113
2.825775
2.8359
2.874425
2.8949
3.041675
3.053975
3.312825
3.379075
3.380775
3.388475
3.465525
3.475725
3.617325
3.654325
3.7003
3.71345
3.79955
3.834775
3.95485
4.04475
4.0895
4.27515
4.30075
4.460675
4.523325
4.5774
4.62535
4.838125
4.87755
4.988075
5.091175
5.093
5.170225
5.185225
5.258225
5.304775
5.450225
5.597175
5.81135
5.812025
5.866675
5.91085
5.918925
6.032375
6.06215
6.1696
6.2327
6.31665
6.3916
6.434575
6.61625
6.663425
6.802025
6.996875
7.126075
7.15555
7.372475
7.422425
7.430225
7.47745
7.76715
7.8596
7.884825
7.8971
8.58655
8.719075
8.788325
8.89215
8.977175
9.0552
9.073925
9.1833
9.354525
9.474775
9.4775
9.559525
9.702525
9.780025
9.7899
184
