0.139225
0.263175
0.301675
0.341725
0.428075
0.430275
0.430775
0.433825
0.453625
0.4683
0.480525
0.487725
0.48825
0.497325
0.4995
0.50855
0.53275
0.542925
0.5615
0.5676
0.570925
0.574125
0.590025
0.590225
0.597475
0.62345
0.6414
0.67705
0.68025
0.691925
0.698375
0.72485
0.72835
0.75055
0.751975
0.7713
0.80605
0.894075
0.903725
0.911825
0.91875
0.93665
0.969175
0.979675
1.010675
1.02335
1.027375
1.095375
1.102025
1.106475
1.11475
1.1512
1.154425
1.21885
1.233475
1.28775
1.31435
1.314875
1.349725
1.373325
1.43545
1.4452
1.44995
1.451125
1.46115
1.467025
1.4741
1.4786
1.502
1.50235
1.594275
1.597425
1.72755
1.7781
1.8305
1.88835
1.969975
1.975175
2.01765
2.134175
2.1531
2.16945
2.190025
2.193275
2.200875
2.2501
2.2605
2.374075
2.4748
2.50455
2.516975
2.644775
2.6942
2.7301
2.830125
2.8343
2.858175
2.914725
3.021775
3.335275
3.376375
3.492975
3.54215
3.551775
3.566
3.7252
3.783025
4.0866
4.194
4.209825
4.3709
4.418475
4.615725
4.6282
4.894675
4.9072
4.90745
5.012475
5.085625
5.0977
5.129875
5.1868
5.287825
5.2885
5.649
5.899375
5.9318
6.3292
6.697975
6.894925
6.920625
6.9871
7.209
7.26445
7.3227
7.34925
7.396
7.397725
7.41585
7.43995
7.7516
7.764675
7.8818
8.146125
8.836175
8.941775
9.090825
9.096975
9.121875
9.197325
9.2191
9.290875
9.3425
9.39985
9.4985
9.624375
9.6701
9.7078
9.82885
159
