0.0177
0.180475
0.372825
0.373625
0.438975
0.4421
0.478075
0.493625
0.501825
0.53345
0.53505
0.537775
0.537825
0.54605
0.562425
0.57095
0.58545
0.591275
0.6165
0.64415
0.6711
0.67265
0.68935
0.693575
0.7007
0.70575
0.7076
0.744625
0.74575
0.75215
0.75375
0.756375
0.7587
0.781875
0.786425
0.788075
0.788625
0.803625
0.804425
0.815175
0.832125
0.8374
0.8588
0.89245
0.92365
0.932825
0.954525
0.973125
1.053575
1.069225
1.106325
1.124925
1.150725
1.17415
1.202775
1.21215
1.227525
1.230925
1.235975
1.281525
1.297425
1.45445
1.458925
1.525225
1.585925
1.5864
1.684775
1.7015
1.714525
1.82595
1.92015
2.00735
2.0521
2.086075
2.09895
2.10405
2.174325
2.228725
2.343825
2.388575
2.43485
2.52925
2.595175
2.699025
2.7639
2.80055
2.878975
2.89495
3.0113
3.143075
3.1575
3.29015
3.380875
3.45075
3.455
3.94885
3.9544
3.972825
4.046925
4.2126
4.239575
4.2684
4.38805
4.408875
4.42475
4.447925
4.468
4.5001
4.5581
4.770875
4.820925
4.9119
4.9164
5.117725
5.130175
5.22775
5.47095
5.53325
5.557525
5.5793
5.96955
6.004925
6.439525
6.580475
6.660025
6.689675
6.9283
6.997925
7.09845
7.251075
7.4207
7.5206
7.827125
7.876375
7.910675
8.080875
8.1079
8.44125
8.50495
8.70955
8.97945
9.1466
9.24655
9.705675
9.8117
9.85495
9.968075
147
