0.115725
0.357
0.433025
0.440025
0.470975
0.477175
0.498675
0.4993
0.50665
0.51455
0.516475
0.5249
0.535175
0.535425
0.53775
0.552725
0.552975
0.55545
0.560675
0.607625
0.621025
0.651875
0.671925
0.684075
0.712625
0.715875
0.719375
0.7195
0.720875
0.73695
0.750525
0.759
0.7608
0.765
0.767825
0.7895
0.79995
0.83055
0.8333
0.846275
0.860625
0.865
0.86505
0.87175
0.902925
0.9079
0.9119
0.91335
0.92085
0.941825
0.9485
1.003275
1.017375
1.03
1.04265
1.0499
1.06395
1.0732
1.12735
1.137225
1.15035
1.157925
1.161575
1.1655
1.2141
1.21685
1.2204
1.221975
1.245975
1.27465
1.43565
1.470575
1.48135
1.5729
1.602
1.629075
1.705275
1.824075
2.056375
2.067625
2.0818
2.2285
2.231225
2.321675
2.526225
2.569225
2.573575
2.616125
2.71405
2.76345
2.764425
2.789225
2.795225
3.007
3.01205
3.01275
3.068075
3.22845
3.2436
3.248675
3.28325
3.32955
3.341825
3.41445
3.44635
3.583975
3.6326
3.69815
3.9176
3.921825
3.9481
4.040225
4.04295
4.085475
4.296525
4.339925
4.3999
4.58355
4.647675
4.7637
4.7741
4.782775
4.938525
5.1365
5.197825
5.221775
5.321725
5.59735
5.72385
5.752125
5.78215
5.83855
5.912275
5.9948
6.035125
6.0711
6.104725
6.43725
6.44475
6.723675
6.75775
6.787
6.819475
6.878875
6.906175
7.0674
7.06955
7.0752
7.161625
7.202075
7.471625
7.57205
7.7613
7.7652
7.781825
7.846
7.9707
8.227
8.2411
8.572625
8.76015
8.815575
8.883075
9.217725
9.30565
9.569575
9.58145
9.614975
9.619225
9.6368
9.64725
9.7337
9.77535
9.777125
9.793425
9.92855
176
