0.084025
0.454
0.518825
0.52465
0.544675
0.554075
0.554475
0.57835
0.598125
0.60025
0.619225
0.635925
0.637225
0.638525
0.647925
0.6596
0.6614
0.6633
0.69095
0.693325
0.7048
0.719275
0.724475
0.73025
0.7681
0.794425
0.7996
0.801925
0.816575
0.82135
0.829025
0.84425
0.84655
0.84665
0.85515
0.8597
0.86095
0.869625
0.871375
0.877325
0.936425
0.945
0.9486
0.9581
0.96735
0.972425
0.99145
0.998075
1.036125
1.046275
1.0533
1.088125
1.0901
1.1044
1.11105
1.1138
1.134825
1.1521
1.16275
1.164275
1.1837
1.2242
1.226625
1.24005
1.2417
1.260725
1.29595
1.3056
1.343625
1.54435
1.57365
1.5847
1.5988
1.60265
1.703375
1.7666
1.922475
1.92815
1.937675
2.0156
2.02185
2.0763
2.080675
2.147025
2.16145
2.20205
2.296775
2.385475
2.4759
2.492925
2.5155
2.6668
2.690375
2.83215
2.848575
3.1338
3.14525
3.150775
3.311325
3.320425
3.3289
3.49515
3.496925
3.89655
4.0146
4.3972
4.542625
4.580775
4.61335
4.6267
4.7705
5.090475
5.21865
5.294375
5.4164
5.507175
5.6782
5.716675
5.90025
6.15695
6.163225
6.2381
6.3609
6.575525
6.579775
6.609275
6.674275
6.689825
6.7139
6.722725
6.8389
7.0044
7.036175
7.075675
7.224525
7.29375
7.4585
7.642
7.694275
7.721
7.9723
8.07505
8.1028
8.153575
8.217275
8.247325
8.304275
8.355825
8.585
8.6258
8.6717
8.68745
9.007175
9.4748
9.667775
9.695975
9.768525
9.98055
158
