0.072425
0.4894
0.532475
0.54195
0.549075
0.56085
0.56215
0.5739
0.575975
0.577475
0.604675
0.64885
0.6492
0.661975
0.66675
0.677025
0.7007
0.713775
0.734825
0.738775
0.7621
0.770225
0.778475
0.79565
0.8072
0.8125
0.848475
0.85775
0.8927
1.043125
1.0729
1.100875
1.1285
1.156125
1.1567
1.18055
1.1855
1.2141
1.2348
1.23915
1.347375
1.36085
1.37165
1.404975
1.45235
1.4913
1.529325
1.551175
1.558875
1.5735
1.621925
1.683025
1.7678
1.792175
1.835125
1.92035
1.9719
2.011925
2.052525
2.232925
2.268375
2.2809
2.3321
2.39585
2.4048
2.527025
2.5578
2.59525
2.5998
2.657475
2.8629
3.0983
3.14025
3.15535
3.2976
3.3183
3.39805
3.45685
3.458375
3.48715
3.509575
3.591475
3.610825
3.699425
3.729925
3.9792
4.1072
4.1894
4.233
4.302875
4.365425
4.37515
4.495275
4.729975
4.81435
4.855125
5.024825
5.0951
5.11075
5.120525
5.252675
5.262575
5.398775
5.790975
5.8838
5.8956
6.0027
6.09685
6.12845
6.1677
6.257275
6.287075
6.29995
6.831625
6.971275
6.971925
6.99115
7.01895
7.056375
7.0691
7.1854
7.242025
7.28725
7.349075
7.36625
7.522325
7.56455
7.724875
7.7456
7.7555
7.941975
8.02005
8.0265
8.114625
8.260825
8.317
8.367725
8.465575
8.5264
8.694475
8.712075
8.73025
8.75585
8.8186
8.974625
8.989975
9.127725
9.4621
148
