0.047925
0.05945
0.2104
0.244675
0.332125
0.333525
0.419125
0.441875
0.4731
0.4915
0.497475
0.498575
0.50025
0.5212
0.538725
0.5424
0.546275
0.5586
0.56585
0.572025
0.572975
0.57785
0.593725
0.596225
0.6089
0.6303
0.6322
0.64325
0.6468
0.657375
0.657575
0.659925
0.673875
0.689075
0.712375
0.717175
0.75045
0.774225
0.794025
0.8067
0.830275
0.85025
0.857075
0.878175
0.885425
0.9128
0.935375
0.9392
0.94185
0.947
0.949825
0.958925
0.9721
1.0027
1.003075
1.015825
1.023525
1.0377
1.052075
1.061975
1.06875
1.071675
1.079025
1.114625
1.118525
1.2078
1.23125
1.3787
1.4242
1.444975
1.462025
1.499625
1.609225
1.614125
1.643675
1.6504
1.782575
1.8084
1.86385
1.865125
1.8691
1.920325
1.944125
1.958425
1.978625
2.0019
2.0406
2.045675
2.165825
2.188125
2.325375
2.373825
2.3785
2.381075
2.398625
2.5959
2.6828
2.70765
2.715275
2.741425
2.77985
2.816575
2.8344
3.011525
3.019175
3.036825
3.08015
3.0903
3.1662
3.30935
3.3989
3.422425
3.529125
3.584275
3.601825
3.641075
3.70715
3.7119
3.715025
3.730725
3.78665
3.819875
3.85435
3.902825
3.903325
3.98845
4.0477
4.2036
4.295825
4.32805
4.428525
4.63285
4.7662
4.783875
4.914925
5.11085
5.11225
5.1236
5.1319
5.2067
5.337525
5.361075
5.4189
5.55575
6.037475
6.11155
6.2092
6.279725
6.31245
6.414025
6.98305
7.0008
7.009025
7.2808
7.31845
7.333375
7.4714
7.5687
7.596925
7.62475
7.626525
7.6334
7.765325
7.99625
8.148225
8.222225
8.423
8.506325
8.6859
8.790175
8.838225
9.144975
9.184775
9.269225
9.312575
9.64835
9.7061
9.7103
9.808725
9.8376
9.8462
9.955075
182
