0.134775
0.335125
0.360325
0.474075
0.4841
0.496
0.53605
0.547925
0.55345
0.553925
0.5632
0.571125
0.581025
0.609325
0.6284
0.634675
0.642275
0.647
0.65165
0.65875
0.667475
0.672725
0.675075
0.7042
0.706475
0.7169
0.744625
0.765925
0.786475
0.810525
0.822025
0.83325
0.875225
0.9101
0.9204
0.925575
0.93895
0.94
0.949975
1.01665
1.030525
1.0784
1.1028
1.1168
1.123725
1.1895
1.245225
1.2572
1.284325
1.2881
1.35085
1.352925
1.36095
1.373825
1.3858
1.38865
1.463675
1.4946
1.49505
1.508575
1.662525
1.664075
1.692725
1.707875
1.7341
1.85135
1.8524
2.05705
2.121525
2.1995
2.27365
2.49585
2.5332
2.5649
2.652275
2.665725
2.750175
2.851725
2.963625
2.98335
3.092075
3.1166
3.17405
3.221525
3.230875
3.28485
3.3225
3.36625
3.5371
3.57985
3.663275
3.708725
3.712925
3.856325
3.87485
3.94615
3.969825
3.977925
3.979125
4.0877
4.295825
4.4695
4.511075
4.598575
4.705325
4.765475
5.0025
5.0355
5.04175
5.059925
5.0623
5.07535
5.12105
5.2578
5.431325
5.52285
5.6421
5.651625
5.7226
5.737775
5.758275
5.78145
5.8393
5.910075
5.959725
6.109175
6.1093
6.260575
6.285825
6.345025
6.41745
6.594675
6.599
6.629075
6.94915
6.984725
7.11465
7.130225
7.291175
7.383625
7.40045
7.592975
7.597675
7.820375
7.911625
7.92025
7.9354
8.18975
8.275275
8.437
8.493325
8.556475
8.558275
8.6209
8.694
8.7398
9.507125
9.590925
9.603975
9.8186
9.92325
9.94085
162
