0.14765
0.185275
0.390325
0.408325
0.411525
0.455825
0.461575
0.49405
0.49685
0.510675
0.511825
0.513325
0.515125
0.5253
0.54225
0.54875
0.551425
0.562275
0.56515
0.568725
0.570275
0.572775
0.5833
0.586325
0.587
0.5879
0.58945
0.6037
0.60825
0.609
0.6148
0.6156
0.620325
0.6372
0.6461
0.6476
0.6602
0.691825
0.704425
0.7076
0.721025
0.735425
0.74795
0.7598
0.776875
0.781275
0.782625
0.790775
0.796375
0.8032
0.815875
0.84
0.865875
0.873875
0.90795
0.9222
0.92865
0.938175
0.93945
0.944275
0.96645
0.980725
0.982225
1.0018
1.050325
1.05795
1.0614
1.065825
1.09225
1.1297
1.139
1.1567
1.16145
1.175925
1.17795
1.182925
1.196175
1.20725
1.212225
1.2303
1.2506
1.27905
1.335525
1.3583
1.495075
1.54735
1.61385
1.625775
1.6836
1.719125
1.72425
1.738275
1.766575
1.770475
1.835475
1.851
1.85795
1.894975
1.91545
1.94895
2.0338
2.0745
2.119625
2.147725
2.325825
2.32795
2.33315
2.3808
2.577
2.6502
2.674625
2.702725
2.860625
2.914475
2.9156
2.923825
2.964075
3.023475
3.030525
3.07635
3.121725
3.151325
3.20385
3.224325
3.2562
3.276225
3.32635
3.36605
3.371075
3.398225
3.420675
3.4732
3.4922
3.506575
3.5683
3.6074
3.704575
3.727925
3.81925
3.823825
3.88615
3.891375
3.985125
4.017225
4.080975
4.206475
4.2497
4.258575
4.374925
4.375575
4.38465
4.431325
4.87105
5.056725
5.067075
5.08725
5.360075
5.6495
5.757275
5.914075
5.973825
6.17185
6.234375
6.26775
6.546675
6.78805
6.795575
6.801125
6.810275
6.9737
7.002875
7.00685
7.1838
7.201425
7.3233
7.36985
7.410275
7.53445
7.551125
8.05955
8.1774
8.30155
8.3928
8.6296
8.7669
8.815325
8.847275
9.0207
9.0791
9.272875
9.27975
9.318775
9.70335
9.705825
9.813125
9.94995
196
