0.006575
0.266075
0.347325
0.469725
0.4782
0.4859
0.4916
0.491775
0.5078
0.5246
0.5429
0.545575
0.566125
0.56725
0.571575
0.5787
0.5887
0.60835
0.610225
0.6183
0.6293
0.6334
0.64865
0.685275
0.691575
0.69465
0.6978
0.69935
0.715925
0.7386
0.745975
0.76395
0.7683
0.820525
0.828425
0.852
0.881475
0.91325
0.932775
0.93315
0.938675
0.945025
0.947925
1.00685
1.0487
1.057275
1.059425
1.10065
1.1069
1.11425
1.12745
1.15205
1.158875
1.168075
1.259575
1.28045
1.285475
1.30995
1.32415
1.373275
1.4079
1.4151
1.4894
1.594425
1.6251
1.63825
1.66355
1.68505
1.728725
1.831475
1.881075
1.890425
1.96785
2.017175
2.027325
2.054175
2.094
2.10985
2.1516
2.248625
2.3281
2.396525
2.447725
2.533525
2.58815
2.6557
2.7191
2.750575
2.7582
2.89865
3.145725
3.148475
3.2966
3.309225
3.3766
3.385875
3.44775
3.490075
3.498475
3.50345
3.550525
3.576
3.63165
3.63225
3.7085
3.719625
3.7762
3.820775
3.84085
3.8536
3.97165
4.183775
4.18585
4.215275
4.22145
4.290975
4.35055
4.369225
4.452275
4.460375
4.53275
4.6163
4.8641
5.103525
5.2312
5.465075
5.53645
5.622675
5.680475
5.78615
5.9246
6.050575
6.076075
6.236875
6.372675
6.403225
6.407775
6.54685
6.7557
6.801275
6.8395
6.943425
7.26215
7.415625
7.645475
7.658125
7.662375
7.69445
7.8006
8.01755
8.301175
8.3599
8.4497
8.7091
8.713825
9.14065
9.735475
9.93025
9.962275
9.99375
160
