0.01965
0.261875
0.28035
0.307425
0.449375
0.47795
0.493525
0.50225
0.518625
0.55025
0.565075
0.58605
0.5867
0.590825
0.5911
0.60775
0.61185
0.6304
0.632125
0.647
0.65625
0.6712
0.690975
0.69555
0.711475
0.717275
0.729425
0.73955
0.7472
0.763125
0.764525
0.778
0.7905
0.79735
0.856775
0.860725
0.887075
0.9059
0.953925
0.9546
1.00135
1.004975
1.022325
1.0347
1.09115
1.1047
1.1446
1.181575
1.229275
1.281275
1.28255
1.323125
1.3339
1.3601
1.501575
1.50875
1.580175
1.581475
1.7283
1.74765
1.786075
1.8245
1.828275
1.900075
1.985325
2.0316
2.0529
2.11095
2.204725
2.28645
2.303875
2.4121
2.42535
2.446225
2.48975
2.51185
2.552275
2.590275
2.678425
2.83125
2.867875
2.9272
3.02955
3.04475
3.109475
3.29665
3.387575
3.423925
3.48815
3.557625
3.60665
3.70305
3.766825
3.873
3.9163
3.929525
3.996075
4.139525
4.53655
4.651825
4.68175
4.762925
5.0206
5.0656
5.2741
5.438025
5.46145
5.50245
5.5706
5.700325
5.7117
5.7346
5.75595
5.795925
5.8761
6.039275
6.062325
6.08665
6.092575
6.27885
6.3456
6.380875
6.4658
6.483225
6.7694
6.826075
6.85325
7.07495
7.091475
7.102175
7.227075
7.446725
7.617175
7.9277
8.0464
8.19895
8.363425
8.40105
8.616425
8.625725
8.9359
9.337675
9.35115
9.3717
9.452425
9.469775
9.474975
9.53125
9.5794
9.6141
150
