0.245575
0.30245
0.440225
0.5006
0.50915
0.525975
0.535575
0.5421
0.547325
0.57045
0.575575
0.604975
0.60635
0.6067
0.60895
0.61225
0.62635
0.65105
0.67565
0.678425
0.733575
0.753875
0.7613
0.82595
0.839625
0.891
0.908625
0.933725
0.973675
0.9763
1.012225
1.035275
1.0541
1.0564
1.0768
1.09135
1.117525
1.16615
1.171425
1.2832
1.288675
1.306
1.471075
1.597975
1.60685
1.710775
1.7414
1.787
1.907125
1.92555
1.961925
2.00345
2.15505
2.22475
2.37615
2.54025
2.543475
2.588575
2.895675
3.1858
3.27555
3.543575
3.558325
3.57035
3.669525
3.750275
3.82245
3.860475
3.88225
3.894275
3.9026
3.92095
3.999875
4.118675
4.125875
4.14785
4.169375
4.276875
4.396325
4.495225
4.532625
4.567175
4.5732
4.610875
4.61325
4.7208
4.7799
4.912425
5.050375
5.069575
5.0891
5.174575
5.2042
5.28535
5.342775
5.392975
5.512275
5.76635
5.85515
5.946025
5.992675
5.99875
6.000175
6.01605
6.04325
6.20955
6.234825
6.4206
6.63945
6.8442
6.9629
6.966825
6.974175
7.2083
7.256275
7.296875
7.378675
7.43165
7.4382
7.45505
7.457875
7.680075
7.783025
7.79205
7.886
7.9116
8.0595
8.11405
8.223175
8.248425
8.25625
8.365275
8.398075
8.572475
8.623175
8.652125
9.264675
9.31535
9.6035
9.730425
140
