0.3489
0.447675
0.45255
0.468125
0.4721
0.500825
0.50695
0.507475
0.528675
0.5287
0.530525
0.546175
0.572925
0.58185
0.58605
0.593025
0.601225
0.618825
0.62885
0.645925
0.64665
0.658825
0.66105
0.6924
0.699375
0.704375
0.723175
0.806225
0.806625
0.809325
0.8275
0.8312
0.836025
0.90325
0.92715
0.9318
0.95885
1.01505
1.016625
1.069125
1.092475
1.095975
1.1055
1.10825
1.119975
1.135875
1.13645
1.14025
1.176725
1.187375
1.18915
1.19045
1.200875
1.202125
1.234475
1.245875
1.294275
1.307475
1.31725
1.325325
1.345625
1.37725
1.394325
1.427375
1.450675
1.487925
1.629625
1.68545
1.756875
1.821975
1.922675
1.930875
1.9462
2.24045
2.322925
2.366075
2.447925
2.459875
2.474825
2.508825
2.557975
2.58765
2.606075
2.672825
2.694475
2.7386
2.793125
2.9922
3.055125
3.06325
3.12115
3.12135
3.162225
3.249575
3.2826
3.302825
3.42615
3.495725
3.60435
3.705625
3.71385
3.720675
3.738425
3.779
3.871125
3.8783
3.902575
3.942075
3.96725
3.968575
4.05905
4.17595
4.274225
4.481375
4.504325
4.565075
4.601225
4.633625
4.781925
4.8324
4.86735
5.0589
5.539325
5.74335
5.7504
5.783
5.786175
5.7945
5.86995
5.92365
5.969425
6.213675
6.248975
6.2871
6.3076
6.354775
6.4041
6.409225
6.509375
6.615325
6.6373
6.870025
6.89285
6.92545
6.9644
7.2958
7.427875
7.438925
7.441175
7.54345
7.5496
7.56825
7.6558
7.661725
7.66245
7.76135
7.87635
7.924425
7.9966
8.014525
8.03915
8.052825
8.061375
8.102375
8.103725
8.1784
8.433325
8.6398
8.647275
8.76175
8.83245
8.923775
8.942175
9.111425
9.126825
9.226175
9.2833
9.297925
9.34755
9.4126
9.7182
9.741625
9.829375
9.989425
184
