0.425825
0.484175
0.4941
0.49845
0.5181
0.5216
0.523775
0.541025
0.544225
0.547625
0.5496
0.5653
0.570475
0.571
0.5803
0.583575
0.589475
0.61675
0.61935
0.6215
0.658125
0.670775
0.6737
0.676
0.72835
0.7321
0.743825
0.74815
0.760325
0.771575
0.788375
0.79775
0.8154
0.82315
0.850275
0.8595
0.8683
0.90905
0.91205
0.9237
0.924225
0.926675
0.956675
0.992225
0.992975
0.996075
1.013225
1.03975
1.07785
1.150775
1.18405
1.217625
1.230775
1.31845
1.332675
1.36325
1.441575
1.576275
1.6728
1.733525
1.758425
1.767025
1.80235
1.81445
1.8212
1.839425
1.914625
1.92645
1.929875
1.990725
2.1802
2.182375
2.31395
2.3376
2.35325
2.3912
2.627675
2.650025
2.7615
2.807375
2.817325
2.8322
3.01115
3.0381
3.0641
3.2006
3.21125
3.483325
3.498
3.546175
3.576375
3.5931
3.620675
3.684675
3.693425
3.695725
3.94815
4.13805
4.26355
4.28685
4.318025
4.384375
4.408975
4.56975
4.63785
4.6417
4.7284
4.800925
4.97845
5.0065
5.295
5.3058
5.31535
5.366975
5.379475
5.391375
5.609275
5.679125
5.7181
5.863425
5.881325
5.931075
6.099775
6.16345
6.18875
6.2705
6.2845
6.31185
6.384075
6.411925
6.456425
6.62965
6.63565
6.666075
6.7944
6.995725
7.095775
7.1764
7.242125
7.335725
7.41285
7.426725
7.435425
7.55955
7.622075
7.684175
7.704825
7.7085
7.723725
7.744475
7.74975
7.93
7.965475
8.022925
8.038625
8.104525
8.1399
8.389425
8.4253
8.5122
8.813725
8.825275
8.8736
8.999825
9.042075
9.102175
9.2436
9.27
9.434175
9.603475
9.885775
171
