0.0673
0.1275
0.1512
0.251725
0.448325
0.46375
0.4732
0.48285
0.49845
0.50225
0.50415
0.5068
0.518825
0.5439
0.546225
0.5475
0.5489
0.569
0.581375
0.583225
0.59475
0.599625
0.622175
0.6412
0.6424
0.6441
0.652975
0.678525
0.69205
0.6922
0.694
0.696875
0.715475
0.7283
0.746
0.7493
0.7539
0.758125
0.7807
0.80925
0.81315
0.8276
0.912425
0.932125
0.973725
0.987525
1.027125
1.047875
1.0629
1.06445
1.09005
1.094975
1.110475
1.128575
1.130025
1.13575
1.1671
1.210325
1.289025
1.3021
1.479025
1.511975
1.63075
1.735225
1.90515
1.928375
1.93515
1.947325
2.025925
2.02765
2.0574
2.08235
2.18015
2.2413
2.24375
2.3013
2.3131
2.33095
2.3886
2.422275
2.6367
2.71715
2.721375
2.725025
2.8828
2.911025
2.9889
3.10915
3.119625
3.150925
3.166075
3.21775
3.27045
3.4818
3.56755
3.67225
3.76645
3.934625
3.9705
3.975175
4.022775
4.074625
4.22305
4.23585
4.387975
4.4368
4.4953
4.542
4.678025
4.7731
4.84345
4.8477
4.98785
5.264825
5.432175
5.7373
5.96505
5.997975
6.0251
6.037
6.080975
6.133825
6.35485
6.4371
6.711925
6.76445
6.894975
6.941
7.020425
7.0944
7.1511
7.285625
7.329825
7.3955
7.396
7.424525
7.61455
7.766275
8.14545
8.182125
8.277575
8.3517
8.3727
8.611125
8.82655
9.072
9.28285
9.35605
9.4505
9.466975
9.55855
9.820125
9.94705
153
