0.257
0.434675
0.484275
0.49125
0.505975
0.5128
0.5133
0.519925
0.526675
0.531125
0.536225
0.5487
0.5684
0.571675
0.592425
0.624025
0.626275
0.628025
0.638875
0.648825
0.65465
0.744825
0.755275
0.763375
0.776475
0.776875
0.81455
0.8488
0.88105
0.912075
0.92655
0.94255
0.9499
1.02695
1.033675
1.076875
1.07845
1.1172
1.190975
1.19255
1.200125
1.237275
1.26225
1.2748
1.2779
1.294425
1.336825
1.357725
1.364975
1.3731
1.43745
1.448575
1.4658
1.482175
1.4868
1.5441
1.594025
1.64795
1.694875
1.69925
1.71235
1.818
1.954275
2.067325
2.080925
2.168975
2.241675
2.2432
2.2649
2.30995
2.410475
2.5281
2.56515
2.6139
2.7022
2.8281
2.864975
3.043325
3.0474
3.1042
3.15495
3.273975
3.277625
3.281575
3.3406
3.3675
3.419175
3.421025
3.470825
3.49385
3.5776
3.57955
3.5907
3.708575
3.7459
3.764575
3.806775
3.9123
3.960725
4.0681
4.248775
4.271475
4.413125
4.420075
4.453075
4.503375
4.517775
4.594125
4.6099
4.743475
4.757175
4.815775
4.816775
4.8573
4.92
5.073175
5.257775
5.26165
5.322275
5.438025
5.464225
5.499225
5.5127
5.610425
5.6542
5.669925
5.6709
5.695575
5.762975
5.786875
5.85255
5.8538
5.91345
5.931425
6.2761
6.424125
6.457925
6.5406
6.578225
6.69455
6.759875
6.920425
7.147975
7.153625
7.235875
7.302
7.416075
7.488975
7.756325
7.802425
8.184625
8.20945
8.37185
8.472025
8.5403
8.578075
8.608825
8.7295
8.810475
8.83575
8.84635
9.06365
9.742575
9.8048
9.907175
165
