0.104925
0.27135
0.3898
0.44315
0.447075
0.457
0.4622
0.480275
0.5017
0.5192
0.52325
0.527875
0.55635
0.574275
0.5754
0.580775
0.5824
0.58355
0.5932
0.6478
0.653525
0.6594
0.662425
0.67185
0.676575
0.682525
0.7201
0.7207
0.726025
0.7279
0.73995
0.74585
0.788825
0.792275
0.808925
0.814625
0.816575
0.82085
0.823075
0.848475
0.8517
0.871925
0.8749
0.885975
0.923175
0.944475
0.948925
0.965425
0.9843
0.987125
0.995925
1.010225
1.096325
1.10505
1.139675
1.144225
1.147575
1.199225
1.223475
1.22755
1.24325
1.2682
1.3059
1.326725
1.332075
1.346
1.372375
1.413375
1.471025
1.494525
1.49965
1.51505
1.63565
1.651075
1.698825
1.7944
1.8064
1.8109
1.8136
1.90225
1.951
1.970425
2.100875
2.135425
2.15205
2.18525
2.18955
2.388425
2.4269
2.5576
2.609925
2.611575
2.64585
2.760425
2.77605
2.8334
3.02855
3.0556
3.1044
3.217
3.375825
3.38155
3.603225
3.613175
3.73285
3.98325
4.00235
4.0592
4.1034
4.3556
4.364125
4.5865
4.7999
4.936525
5.210175
5.2795
5.45335
5.6065
5.68275
5.767325
5.794975
5.79615
6.08415
6.132925
6.656
6.6602
6.76765
6.876825
7.0489
7.073175
7.09115
7.11025
7.459425
7.645525
7.730925
7.77355
7.781475
7.846375
7.919425
8.014975
8.080825
8.0982
8.1192
8.124075
8.418675
8.522875
8.527725
8.60575
8.6308
8.905525
9.049875
9.06505
9.159275
9.286275
9.408175
9.583125
9.61995
9.694475
158
