0.4479
0.469725
0.511675
0.51435
0.525375
0.5365
0.537
0.540425
0.541
0.56095
0.5866
0.608675
0.636075
0.636925
0.642125
0.699625
0.743325
0.749275
0.7725
0.781125
0.811275
0.88765
0.910025
0.91035
0.922075
0.927225
0.952025
0.95655
0.959775
0.987625
1.010375
1.02075
1.034125
1.064875
1.094175
1.113075
1.113575
1.122275
1.151725
1.16215
1.176525
1.1816
1.209825
1.2197
1.259425
1.284075
1.350325
1.364
1.408075
1.458825
1.465475
1.5095
1.55775
1.5651
1.5878
1.64595
1.654975
1.825875
1.86035
1.9683
1.977025
2.0452
2.0825
2.238175
2.312
2.351975
2.42685
2.441975
2.4594
2.515
2.622875
2.7463
2.848875
2.954275
3.063275
3.102625
3.17305
3.18915
3.295975
3.3625
3.388925
3.4407
3.45225
3.4611
3.4752
3.5624
3.5708
3.5733
3.731825
3.785125
3.946975
3.9618
3.96405
4.0349
4.076875
4.255375
4.26245
4.30285
4.4669
4.5036
4.54875
4.557575
4.666575
4.7427
4.75435
4.8156
4.87145
4.9151
4.92405
4.97215
5.1599
5.189625
5.2066
5.2502
5.26965
5.279275
5.2809
5.414975
5.4547
5.532975
5.545625
5.6194
5.683875
5.747875
5.805725
5.811425
5.8196
5.8372
5.8746
5.899875
5.91375
6.1242
6.3004
6.389625
6.542025
6.61785
6.780675
6.78355
6.928525
7.085625
7.1822
7.2371
7.2388
7.6468
7.765725
7.863075
7.930925
8.242925
8.457925
8.470725
8.600425
8.6043
8.612125
8.6994
8.84655
8.87985
8.88195
8.997075
9.088675
9.11785
9.1493
9.185575
9.3517
9.387175
9.494975
9.53935
9.63905
9.8189
168
