0.288075
0.424275
0.490775
0.5073
0.516525
0.54225
0.546
0.549025
0.56695
0.57605
0.57675
0.59325
0.61265
0.62475
0.62605
0.6325
0.634275
0.641775
0.643425
0.647225
0.65185
0.664725
0.676275
0.680975
0.69005
0.69075
0.6924
0.6937
0.706875
0.71575
0.74155
0.754675
0.754875
0.780225
0.784425
0.790325
0.792175
0.7975
0.8122
0.863675
0.87055
0.8911
0.9066
0.9152
0.94075
0.976275
0.9799
0.983225
0.992025
1.004475
1.0072
1.0624
1.0695
1.0777
1.09275
1.1039
1.116925
1.1363
1.1606
1.1647
1.167275
1.17585
1.243175
1.263075
1.27505
1.2823
1.32065
1.34265
1.359775
1.40515
1.4129
1.446525
1.474325
1.480575
1.49155
1.516975
1.54405
1.575675
1.605025
1.63085
1.669125
1.688925
1.767
1.89595
1.9861
2.053025
2.209425
2.2132
2.30325
2.433475
2.49915
2.5048
2.511975
2.556
2.573
2.574025
2.6115
2.620825
2.6263
2.6611
2.70435
2.720175
2.774925
2.887825
2.931675
2.989925
3.01745
3.022025
3.051225
3.2235
3.232
3.247
3.291475
3.389875
3.4034
3.43655
3.455975
3.47435
3.700075
3.769075
3.77215
3.924875
3.965575
4.101725
4.15175
4.174175
4.195125
4.216225
4.28085
4.329
4.4061
4.428975
4.465825
4.539575
4.756225
4.791625
5.016475
5.126575
5.201975
5.272925
5.3125
5.34235
5.361975
5.4028
5.44975
5.6819
5.7746
5.88335
5.970875
6.04475
6.120825
6.627025
6.62825
6.67955
6.7489
6.83505
7.003675
7.0628
7.0952
7.1378
7.1385
7.254975
7.26925
7.32
7.396825
7.6569
8.318925
8.42435
8.49855
8.567225
8.59915
8.67395
8.9297
9.069075
9.08765
9.2587
9.440275
9.5736
9.594075
9.669675
9.73595
9.936175
9.96895
9.969075
184
