0.076675
0.078475
0.10395
0.21
0.23205
0.29385
0.361125
0.4097
0.4119
0.439475
0.46045
0.47155
0.493075
0.518625
0.540475
0.546825
0.5676
0.58495
0.588375
0.58895
0.589975
0.6107
0.6239
0.626175
0.632825
0.684525
0.691825
0.697075
0.70635
0.708925
0.7166
0.728025
0.728725
0.804775
0.81325
0.81365
0.819925
0.8253
0.825675
0.8334
0.837975
0.845225
0.86955
0.9044
0.96725
0.9855
0.988975
1.011525
1.01715
1.044225
1.069075
1.0722
1.079025
1.108175
1.10855
1.17845
1.222825
1.304225
1.30595
1.310575
1.31995
1.393475
1.4401
1.462375
1.464125
1.540075
1.58385
1.59585
1.700775
1.713125
1.74005
1.76515
1.771875
1.799025
1.801125
1.8573
1.895975
1.962625
2.079675
2.08915
2.090075
2.099025
2.15945
2.192575
2.25085
2.26275
2.269975
2.34045
2.344575
2.373375
2.4225
2.453575
2.550625
2.577775
2.6508
2.67295
3.03035
3.0316
3.221525
3.269625
3.32095
3.5874
3.6312
3.656
3.742925
3.77305
3.822175
3.84235
3.982125
3.98365
4.194675
4.2535
4.272025
4.48135
4.50575
4.52915
4.5506
4.65015
4.6602
4.690125
4.69415
4.72425
4.825275
4.880275
4.883975
4.9873
4.998025
5.12045
5.1736
5.54355
5.577625
5.90135
5.906225
5.9139
5.9184
6.02015
6.130275
6.17405
6.5508
7.0811
7.2908
7.294325
7.311375
7.3356
7.459625
7.494475
7.593425
7.640375
7.6821
7.790525
7.881375
8.0096
8.019925
8.057775
8.103375
8.111175
8.198975
8.361525
8.3892
8.54395
8.572675
8.657475
8.772825
8.953975
8.97365
9.1065
9.12025
9.1778
9.207675
9.30625
9.3852
9.671675
9.825925
173
