0.2728
0.4251
0.494175
0.51375
0.528575
0.538225
0.550625
0.557475
0.55775
0.56515
0.593925
0.5965
0.6172
0.618225
0.639925
0.664425
0.674825
0.7136
0.757075
0.776275
0.7849
0.799525
0.8618
0.910725
0.91665
0.923625
0.931325
0.949875
0.95125
0.98055
1.010875
1.01585
1.01635
1.05435
1.058525
1.05985
1.06255
1.0874
1.10825
1.136175
1.15775
1.17905
1.245675
1.28275
1.38005
1.39125
1.40355
1.420925
1.45335
1.4842
1.52875
1.560225
1.61155
1.628425
1.781375
1.79725
1.8725
1.91545
1.989825
2.1022
2.117375
2.179025
2.18395
2.218825
2.280375
2.322825
2.377225
2.407
2.5015
2.51825
2.579325
2.58015
2.75165
2.7534
2.7829
2.809575
2.8303
2.868375
2.891025
2.93815
2.94485
3.0804
3.118175
3.26775
3.3187
3.341625
3.4249
3.4712
3.472825
3.5692
3.574775
3.5912
3.708775
3.723
3.85385
4.0402
4.170275
4.2499
4.3321
4.335575
4.3912
4.718725
4.7811
4.849575
5.007525
5.023825
5.19425
5.223175
5.2238
5.38085
5.389725
5.426
5.55905
5.622275
5.8593
5.9004
6.2361
6.340575
6.374025
6.459525
6.592525
6.62045
6.620975
6.646825
6.6901
6.700675
6.841625
6.855275
6.933475
6.9993
7.0413
7.061575
7.1976
7.253425
7.315375
7.442
7.548275
7.69775
7.72655
7.8096
8.071075
8.14385
8.75145
8.8646
9.018275
9.104225
9.125225
9.1815
9.24575
9.3264
9.377975
9.43125
9.816975
9.91455
9.942875
155
