0.15605
0.269975
0.422125
0.451775
0.464475
0.472825
0.475425
0.475475
0.4847
0.518575
0.52665
0.530525
0.5381
0.54475
0.54525
0.56985
0.57
0.5928
0.59785
0.639575
0.646075
0.647875
0.652
0.68355
0.7137
0.721275
0.7218
0.7396
0.7458
0.767875
0.8083
0.82625
0.839925
0.868125
0.892525
0.91825
0.918675
0.923325
0.934225
0.93495
0.944075
0.95745
0.981325
1.02115
1.021225
1.09255
1.118925
1.14995
1.181025
1.21005
1.216425
1.264
1.305675
1.389325
1.397075
1.3995
1.41475
1.4669
1.474425
1.5397
1.54005
1.5598
1.5651
1.632475
1.65335
1.669725
1.7857
1.799025
1.8211
1.86015
1.88195
1.89495
1.93945
1.94255
1.94885
1.953325
1.96285
1.967025
2.08645
2.13805
2.20815
2.2802
2.40845
2.461775
2.4833
2.555025
2.575725
2.63525
2.6648
2.7241
2.751725
2.75455
2.87155
2.936275
3.018125
3.06555
3.16975
3.2181
3.233025
3.2731
3.2986
3.36105
3.393075
3.43755
3.48695
3.547625
3.61375
3.6983
3.754225
3.819125
3.938425
4.0214
4.1242
4.217875
4.2334
4.3626
4.434
4.43785
4.461
4.57815
4.651475
4.69045
4.705975
4.74675
4.763325
4.9976
5.068275
5.10995
5.1126
5.1511
5.1687
5.2749
5.2959
5.497275
5.592875
5.6189
5.628825
5.632025
5.6593
5.935425
5.977575
6.040525
6.13265
6.166875
6.1955
6.233725
6.27995
6.418625
6.4371
6.4515
6.501075
6.739375
6.81735
6.885175
6.90305
6.922525
7.067
7.108125
7.17415
7.21825
7.401525
7.9348
7.942275
8.078225
8.158575
8.18315
8.39475
8.703825
8.8329
8.898475
8.936175
9.05185
9.36205
9.470875
9.55305
9.6214
9.666425
9.7167
9.845225
179
