0.4212
0.44175
0.46945
0.47405
0.48715
0.5095
0.51165
0.529525
0.54075
0.550275
0.55135
0.5538
0.57445
0.583475
0.588675
0.595675
0.616825
0.6257
0.6272
0.62905
0.6377
0.64285
0.648275
0.673125
0.6732
0.679675
0.701525
0.734225
0.748425
0.75175
0.752375
0.753775
0.775975
0.782425
0.807575
0.80985
0.815275
0.839525
0.86245
0.88455
0.88865
0.8924
0.91535
0.929175
0.9354
0.9574
1.0287
1.055075
1.06255
1.08815
1.107875
1.2372
1.331525
1.33525
1.34595
1.497825
1.538525
1.615625
1.66385
1.70225
1.725375
1.729425
1.736275
1.7649
1.7724
1.774175
1.77915
1.7886
1.8251
1.909825
1.983725
2.0149
2.059075
2.2536
2.29905
2.306075
2.344975
2.448625
2.532875
2.5426
2.720825
2.788975
2.844875
2.895925
3.0785
3.1562
3.233475
3.310575
3.313775
3.3992
3.458175
3.504425
3.527225
3.6216
3.628775
3.708825
3.7351
3.755
3.786025
3.888425
3.89965
3.997575
3.99905
4.045725
4.06475
4.1326
4.154325
4.374775
4.499725
4.5016
4.508475
4.556725
4.75585
4.9662
4.998625
5.29155
5.327825
5.341875
5.39705
5.48735
5.756175
5.918425
5.97275
5.98915
5.98955
6.045725
6.047925
6.0528
6.0637
6.296425
6.3194
6.5536
6.9964
7.041025
7.220075
7.2237
7.367275
7.572675
7.589475
7.664275
7.773775
7.777175
7.80665
7.894475
8.168225
8.41665
8.44525
8.563475
8.61045
8.660125
8.8531
8.87355
9.306025
9.310575
9.4022
9.642075
9.707875
9.71555
9.72535
9.90955
160
