0.145575
0.35305
0.38475
0.443025
0.4565
0.46505
0.505175
0.509425
0.509475
0.519325
0.54635
0.5702
0.576475
0.6005
0.62255
0.6408
0.64475
0.64955
0.653025
0.6663
0.691025
0.711525
0.715775
0.7259
0.726875
0.75955
0.7612
0.7813
0.806625
0.815675
0.85385
0.85865
0.886975
0.904525
0.92065
0.92235
0.971425
1.000125
1.0187
1.019075
1.037375
1.0426
1.052025
1.08905
1.10025
1.104925
1.1167
1.1887
1.217125
1.229975
1.239575
1.26745
1.288125
1.31305
1.3457
1.353425
1.373425
1.3824
1.392075
1.40395
1.405625
1.4342
1.435175
1.437325
1.5943
1.671725
1.6943
1.82445
1.866725
1.872475
1.878375
1.889325
1.906625
1.9916
2.154675
2.288275
2.35435
2.4063
2.4413
2.465425
2.48135
2.5946
2.6348
2.68495
2.708575
2.8116
2.838625
3.0803
3.1038
3.13895
3.14355
3.23265
3.25855
3.37685
3.3808
3.39885
3.45465
3.531875
3.5529
3.55345
3.627575
3.665025
3.677975
3.9097
3.98225
4.041275
4.072025
4.084625
4.120225
4.25965
4.2865
4.29725
4.545725
4.802575
5.025775
5.09735
5.125175
5.154575
5.167375
5.27125
5.764825
5.797825
5.8737
5.971225
5.980975
6.12225
6.2123
6.22465
6.526
6.77945
6.973925
7.001675
7.2832
7.283725
7.2853
7.28685
7.547975
7.823575
7.949875
8.027775
8.1259
8.5655
8.851525
9.06695
9.195375
9.259225
9.4358
9.449125
9.758425
9.814
150
