0.111775
0.1137
0.2418
0.32355
0.333075
0.40715
0.4241
0.474375
0.47445
0.487025
0.49425
0.50605
0.5316
0.537775
0.5505
0.5812
0.605375
0.6064
0.618425
0.62165
0.6218
0.659975
0.665725
0.6718
0.6752
0.6784
0.68215
0.700625
0.706225
0.70925
0.709775
0.73535
0.80365
0.80815
0.820075
0.834825
0.834875
0.843275
0.87225
0.88225
0.90155
0.904275
0.92885
0.93095
0.94075
0.953425
1.003125
1.00675
1.02385
1.06045
1.064425
1.06445
1.068725
1.07835
1.141225
1.145725
1.163825
1.16875
1.260025
1.28775
1.311175
1.32525
1.36785
1.3688
1.42755
1.428025
1.449725
1.47245
1.50795
1.5551
1.59405
1.60445
1.623775
1.657425
1.66025
1.700925
1.725125
1.7358
1.84445
2.026575
2.121625
2.145325
2.16565
2.221475
2.2509
2.3217
2.400675
2.427925
2.4973
2.5378
2.57185
2.624975
2.74115
2.792325
2.8548
2.90735
3.010125
3.030475
3.297275
3.42155
3.4477
3.518425
3.51885
3.5626
3.564425
3.603025
3.861925
3.90275
3.955725
4.14195
4.322175
4.36035
4.444125
4.50005
4.660425
4.815925
4.854125
4.891925
4.893175
4.952575
4.9835
4.9955
5.14535
5.45735
5.5885
5.846875
5.99005
6.1295
6.1408
6.1776
6.32305
6.39335
6.468925
6.5174
6.9866
7.0459
7.357675
7.4476
7.481925
7.890975
7.950725
8.1873
8.348975
8.408575
8.4416
8.54155
8.5837
8.67665
8.69315
8.874925
8.896525
8.964675
9.05635
9.069175
9.23285
9.233475
9.252725
9.284375
9.401975
9.471175
9.77205
9.84555
162
