0.0694
0.153975
0.22035
0.346925
0.4276
0.453375
0.457825
0.473
0.483525
0.4904
0.491525
0.51365
0.530525
0.5356
0.536525
0.543325
0.548925
0.550575
0.57045
0.5707
0.5752
0.594675
0.598375
0.603975
0.607625
0.611725
0.6394
0.6553
0.664125
0.69885
0.71165
0.740375
0.745175
0.810325
0.8159
0.820975
0.8383
0.89405
0.906425
0.912425
0.918575
0.936225
0.9523
0.95495
1.0201
1.0881
1.1081
1.121275
1.15935
1.2134
1.23385
1.23615
1.2457
1.279325
1.287125
1.289875
1.5596
1.634675
1.68735
1.69475
1.729525
1.91225
1.94925
1.952075
2.04315
2.123525
2.217775
2.2729
2.355475
2.410775
2.487425
2.5219
2.55075
2.622625
2.635225
2.669525
2.7031
2.876325
2.966525
3.033325
3.0801
3.11015
3.245775
3.648075
3.68525
3.871625
3.8915
3.993375
4.02035
4.206475
4.22075
4.5142
4.567275
4.7364
4.797325
4.9624
5.302575
5.32015
5.3553
5.373775
5.47105
5.6599
5.7586
5.926375
6.020925
6.191125
6.298275
6.2987
6.301375
6.434525
6.439925
6.450625
6.48595
6.6132
6.73405
6.805425
7.000475
7.017525
7.049025
7.0926
7.2086
7.3049
7.620425
7.6585
7.774725
8.1525
8.1865
8.2692
8.274675
8.3778
8.509175
8.65725
8.780375
8.973375
9.1951
9.2314
9.2688
9.33245
9.455
9.4891
9.547125
9.746825
9.909375
9.953825
144
