0.118625
0.15375
0.32165
0.36225
0.4552
0.4646
0.479525
0.493475
0.49565
0.521975
0.525
0.526375
0.54445
0.55155
0.55455
0.562575
0.5664
0.58845
0.61295
0.6262
0.65145
0.65975
0.667525
0.687675
0.70785
0.72585
0.728475
0.731875
0.739175
0.779225
0.786475
0.824
0.83905
0.845975
0.87795
0.90615
0.945475
0.9736
0.983075
0.99395
1.0088
1.019325
1.041125
1.07225
1.07525
1.089125
1.10075
1.138525
1.1541
1.16615
1.182125
1.2171
1.226575
1.2507
1.280175
1.28255
1.301475
1.30445
1.308925
1.329925
1.339
1.37405
1.399275
1.44905
1.476725
1.5147
1.52625
1.557225
1.666
1.667325
1.678475
1.690575
1.6981
1.70135
1.7145
1.74105
1.745425
1.774175
1.815675
1.848125
1.8542
1.88555
1.891975
1.92305
2.0465
2.074825
2.1047
2.164525
2.184575
2.196025
2.24175
2.2438
2.2488
2.251425
2.316825
2.443175
2.44955
2.531425
2.577475
2.5853
2.6663
2.67385
2.68105
2.7047
2.80065
2.8238
2.84915
2.87275
2.876075
2.89315
3.05165
3.08535
3.156575
3.231975
3.26285
3.297425
3.377925
3.38615
3.5086
3.512925
3.737525
3.835525
3.87705
3.906125
4.0318
4.0853
4.10485
4.1323
4.2547
4.263075
4.305025
4.32375
4.3374
4.4788
4.585925
4.629825
4.6704
4.687475
4.69885
4.709625
4.76415
4.78385
4.810425
4.826075
4.887525
5.1029
5.11155
5.355625
5.364475
5.413075
5.484225
5.556925
5.589925
5.594175
5.61435
5.6721
5.7478
5.8176
5.83225
5.844275
6.044425
6.0542
6.062075
6.295125
6.403875
6.4652
6.66325
6.6634
6.787625
6.864
6.94465
7.055425
7.23785
7.31195
7.514625
7.597975
7.612325
7.661275
7.718425
7.7215
7.8604
7.93095
8.041425
8.223775
8.255675
8.501325
8.57075
8.58395
8.628325
8.775125
8.7766
8.779875
8.976975
9.0259
9.09505
9.36805
9.424325
9.43145
9.726975
9.9154
200
