0.1322
0.438825
0.479825
0.50745
0.510025
0.515025
0.529125
0.5493
0.5583
0.5628
0.563825
0.5691
0.585825
0.588075
0.60135
0.60455
0.610675
0.6142
0.625
0.6405
0.64265
0.6502
0.653
0.66045
0.665025
0.68745
0.70535
0.720075
0.725075
0.726575
0.7301
0.733075
0.734775
0.746575
0.7954
0.797825
0.83545
0.85105
0.85735
0.874975
0.9206
0.9208
0.924825
0.941225
0.970125
1.039575
1.0631
1.13815
1.1496
1.17755
1.1834
1.1877
1.25915
1.3165
1.340775
1.353725
1.356475
1.43815
1.5163
1.54425
1.560075
1.577575
1.6336
1.661375
1.7729
1.7914
1.803125
1.876025
1.960925
2.000025
2.0345
2.08035
2.13075
2.1605
2.23315
2.2337
2.23565
2.253575
2.270025
2.296575
2.380575
2.4791
2.52865
2.583125
2.586025
2.586425
2.62165
2.6353
2.693975
2.724675
2.732
2.779375
2.787075
2.953275
3.047325
3.295025
3.3024
3.312525
3.312925
3.37945
3.5176
3.6972
3.7218
3.7514
3.867275
3.8878
3.988025
4.046
4.1202
4.1364
4.148925
4.2008
4.21625
4.217
4.260925
4.275625
4.310925
4.65465
4.65845
4.695025
4.699625
5.3087
5.356925
5.691875
5.699825
5.767925
5.793175
5.7942
5.940125
6.11105
6.267675
6.352725
6.35825
6.4304
6.462275
6.494875
6.503525
6.5082
6.599175
6.739825
6.74035
6.767775
6.8124
7.2563
7.261675
7.36305
7.57455
7.5966
7.70205
7.79385
7.8225
7.97965
8.063175
8.080775
8.132675
8.45205
8.479525
8.758625
8.791975
8.9015
8.922325
8.93855
9.307975
9.369575
9.394475
9.3997
9.407575
9.555425
9.5931
9.628775
9.716125
9.721425
9.74175
9.750525
9.914375
9.94835
176
