0.00815
0.127175
0.491175
0.538
0.539225
0.54755
0.5748
0.58615
0.587475
0.5993
0.615425
0.618875
0.644175
0.645225
0.659075
0.66815
0.669
0.6711
0.699625
0.7011
0.716075
0.723875
0.754275
0.800475
0.812275
0.829775
0.838125
0.83825
0.8423
0.844425
0.8449
0.852275
0.8589
0.867775
0.893475
1.0677
1.089975
1.1246
1.175875
1.1846
1.2225
1.22305
1.282725
1.293225
1.310475
1.3281
1.342525
1.369775
1.3707
1.4081
1.5455
1.602475
1.83305
1.84495
1.95845
1.97705
2.02915
2.03625
2.040175
2.081475
2.085275
2.10285
2.139675
2.18175
2.20715
2.240225
2.2805
2.32135
2.3446
2.37415
2.478925
2.56365
2.607675
2.624825
2.659
2.6855
2.725725
2.736275
2.771225
2.775325
2.80055
2.836475
2.848375
2.862
2.938525
3.117975
3.174475
3.217275
3.292625
3.310875
3.3556
3.408325
3.42755
3.4442
3.486425
3.576625
3.76615
3.865
3.9584
4.012875
4.014625
4.03485
4.07715
4.15355
4.1703
4.20955
4.2292
4.26805
4.43895
4.469125
4.481625
4.49105
4.69745
4.985875
5.056125
5.1984
5.41495
5.536975
5.761675
5.947675
6.13035
6.134825
6.329975
6.42375
6.500375
6.530875
6.5424
6.895525
6.98175
7.056425
7.08675
7.1507
7.166325
7.4864
7.486725
7.821975
7.8258
7.8331
8.066975
8.1362
8.19325
8.230725
8.2633
8.3938
9.355425
9.40015
9.64195
9.67095
9.977025
149
