0.43975
0.445625
0.476225
0.491675
0.498825
0.504525
0.515825
0.5186
0.5208
0.5293
0.54455
0.592275
0.608575
0.620975
0.63395
0.666425
0.703225
0.713725
0.7161
0.7303
0.732
0.73335
0.764375
0.7662
0.78465
0.789
0.789775
0.818725
0.821425
0.8375
0.847325
0.869175
0.87615
0.8825
0.906175
0.932225
0.940475
0.95775
0.967
0.967425
0.9749
1.0178
1.03785
1.0412
1.08435
1.093775
1.0973
1.143775
1.1842
1.2679
1.3401
1.34535
1.362225
1.437925
1.45615
1.6168
1.630575
1.6399
1.7092
1.7245
1.743925
1.76335
1.767775
1.7717
1.884625
1.8879
1.944975
1.9876
2.04785
2.1521
2.156225
2.179725
2.226325
2.30225
2.320425
2.4124
2.416025
2.4395
2.4534
2.5489
2.575275
2.673375
2.7059
2.734875
2.838825
2.8709
2.989
3.01765
3.032525
3.19795
3.220225
3.258675
3.28425
3.3221
3.342475
3.365725
3.389275
3.4088
3.474725
3.53275
3.6476
3.6928
3.753225
3.82945
3.89395
3.916525
3.9734
3.99545
4.2572
4.3294
4.4111
4.5136
4.539825
4.56075
4.7426
5.038075
5.0541
5.110975
5.19985
5.281125
5.286875
5.438875
5.550275
5.602775
5.65245
5.669125
5.6723
5.784925
5.8551
5.903675
6.064625
6.174225
6.2843
6.315775
6.460825
6.5523
6.653275
6.792725
6.90005
6.933
6.975725
7.091825
7.2786
7.30715
7.3313
7.446875
7.474025
7.48725
7.5228
7.6332
7.889
7.98095
7.994675
8.07775
8.267175
8.356925
8.3642
8.708025
8.76645
8.9748
9.281275
9.36505
9.384825
9.520375
9.552075
9.572725
9.6305
9.66175
9.7785
9.817525
9.8514
9.9442
9.94835
9.973925
174
