0.064525
0.0937
0.335075
0.4316
0.434825
0.435275
0.4696
0.4901
0.50395
0.50985
0.51765
0.536425
0.551575
0.55485
0.563225
0.56465
0.57185
0.583
0.5925
0.59485
0.60145
0.608
0.62005
0.6276
0.6335
0.643775
0.654375
0.657825
0.692325
0.709725
0.727375
0.732575
0.74325
0.7453
0.795875
0.81465
0.819975
0.834825
0.83525
0.8517
0.90305
0.90625
0.913375
0.929
0.97435
0.9808
0.984125
0.984475
0.999975
1.0367
1.080575
1.12865
1.3061
1.30895
1.31295
1.325275
1.4302
1.470075
1.47735
1.508625
1.5495
1.5768
1.60685
1.6124
1.64255
1.7201
1.73305
1.7788
1.89105
2.0303
2.1638
2.17265
2.29445
2.296475
2.394875
2.43195
2.493025
2.55715
2.562025
2.575175
2.663875
2.713925
2.721025
2.757825
2.83825
2.855575
2.879825
3.023325
3.071675
3.0899
3.119525
3.1973
3.20865
3.237875
3.2553
3.404475
3.4122
3.418225
3.469975
3.493175
3.53125
3.595025
3.723775
3.759775
3.787425
3.919725
3.98545
4.01415
4.052325
4.2277
4.23855
4.251
4.361225
4.411275
4.418175
4.439525
4.439825
4.615325
4.89495
4.93705
4.941275
5.04865
5.1134
5.217975
5.227875
5.236175
5.2829
5.3429
5.3489
5.3538
5.3651
5.440625
5.538375
5.581325
5.798375
6.0277
6.36445
6.396675
6.41165
6.492925
6.643125
6.710425
6.947175
7.04155
7.3636
7.450325
7.466475
7.493075
7.620775
7.6491
7.697625
7.71825
7.7541
8.046025
8.055875
8.241225
8.34525
8.37075
8.8542
8.968975
9.038125
9.69275
162
