0.027325
0.1917
0.2336
0.276775
0.283575
0.3316
0.345775
0.424825
0.460125
0.468675
0.4972
0.521425
0.526675
0.554375
0.565675
0.568
0.59485
0.6188
0.623
0.627725
0.634825
0.66375
0.68545
0.697275
0.706925
0.749825
0.755925
0.759725
0.77865
0.7855
0.7897
0.792425
0.801875
0.840625
0.8423
0.88405
0.90605
0.9088
0.909925
0.92815
0.93415
0.956725
0.977925
1.00035
1.013125
1.018475
1.0439
1.071425
1.097375
1.10755
1.13135
1.141825
1.156125
1.17425
1.176475
1.206525
1.221525
1.22395
1.22545
1.23185
1.248775
1.275975
1.298925
1.31035
1.32555
1.43845
1.469675
1.49815
1.515075
1.5157
1.562325
1.581125
1.591925
1.7412
1.829625
1.8318
1.893325
1.915975
1.91675
1.927425
1.98485
2.069625
2.081875
2.154175
2.16555
2.176675
2.257575
2.291225
2.311675
2.3648
2.4412
2.447475
2.529975
2.575275
2.62385
2.6952
2.7233
2.752575
2.75625
2.81375
2.825325
2.871075
2.89405
2.994
3.059975
3.0678
3.135075
3.14425
3.367175
3.5241
3.529325
3.61725
3.65145
3.765
3.781025
4.102625
4.155775
4.207425
4.273225
4.32745
4.515875
4.65425
4.708475
4.833375
4.980725
5.103375
5.13225
5.201475
5.248475
5.8276
5.880075
5.891525
5.983
6.1033
6.14315
6.223425
6.3123
6.516775
6.559175
6.679575
6.8168
6.875475
6.95465
6.9936
7.067075
7.096
7.152875
7.28305
7.3502
7.46435
7.577925
7.590775
7.65695
7.676575
7.7402
7.88905
8.100925
8.74235
8.776925
8.784575
8.873
8.91015
8.9613
9.0169
9.035975
9.098525
9.1046
9.64235
9.853325
9.876675
9.909225
171
