0.444675
0.452925
0.456925
0.461775
0.463475
0.5286
0.5423
0.584075
0.586575
0.58755
0.600625
0.632125
0.6322
0.645225
0.665275
0.692575
0.695375
0.6977
0.711525
0.719475
0.72065
0.726725
0.72765
0.7295
0.7643
0.767075
0.780275
0.807825
0.811
0.828475
0.838475
0.853075
0.867475
0.882425
0.92015
0.9566
0.964875
0.96915
0.98395
0.998175
0.999925
1.00225
1.024525
1.06125
1.09305
1.115175
1.170475
1.1744
1.210675
1.211975
1.264525
1.32165
1.350475
1.356725
1.39095
1.50775
1.567975
1.570875
1.639875
1.654675
1.666625
1.68825
1.6883
1.698125
1.746125
1.7724
1.7763
1.86505
1.8784
1.882225
1.9632
1.9972
2.08695
2.098125
2.1039
2.1136
2.1157
2.327475
2.39585
2.43895
2.4417
2.51895
2.65915
2.667625
2.7269
2.77875
2.80725
2.904875
2.91515
2.977575
2.9934
3.1409
3.163075
3.376025
3.4107
3.419975
3.43565
3.561325
3.6253
3.8717
3.87465
3.90115
3.902775
4.0824
4.133
4.169675
4.4479
4.468175
4.5068
4.506975
4.5152
4.558375
4.57355
4.6044
4.6133
4.6284
4.76435
4.769975
4.8608
4.88815
4.9456
5.255525
5.29125
5.3048
5.8014
5.891525
6.0352
6.27445
6.652275
6.69965
6.769125
6.8742
7.256925
7.25955
7.408525
7.6082
7.6563
7.71375
7.97935
8.065825
8.2539
8.5478
8.588375
8.590775
8.7492
8.890975
8.941925
9.080475
9.3173
9.32095
9.588425
151
