0.040125
0.125675
0.140425
0.157725
0.27975
0.288975
0.30235
0.37085
0.45345
0.507075
0.5072
0.512775
0.545725
0.5477
0.55
0.55095
0.5593
0.5872
0.6039
0.60565
0.61785
0.637125
0.639125
0.66375
0.68785
0.709725
0.722125
0.8062
0.8299
0.8484
0.86115
0.91285
0.9339
0.95325
0.998475
1.0117
1.054925
1.069525
1.07885
1.145
1.1539
1.17175
1.2226
1.25295
1.253025
1.2687
1.2696
1.27875
1.33305
1.354
1.38485
1.4087
1.41195
1.43515
1.445925
1.496
1.502475
1.568225
1.5794
1.768375
1.805025
1.855775
1.9293
1.9474
2.118025
2.144875
2.1636
2.216675
2.291775
2.327325
2.37865
2.38475
2.396025
2.418175
2.44265
2.63105
2.694525
2.7502
2.761975
2.77305
2.776775
2.85545
2.856675
2.863975
2.9277
2.932475
2.93995
2.945775
2.976
3.1355
3.2514
3.30495
3.3094
3.364625
3.410375
3.4127
3.44195
3.524975
3.750875
3.7593
3.78135
3.83275
3.862125
3.972575
4.1436
4.146575
4.16365
4.186825
4.384525
4.434825
4.461975
4.577425
4.672475
4.799025
4.858375
5.137525
5.169325
5.205975
5.229225
5.2457
5.42105
5.731325
5.946725
6.11045
6.1328
6.2441
6.2866
6.35635
6.384175
6.43745
6.6827
6.684625
6.754175
6.7574
6.7609
6.98625
7.01425
7.177825
7.299325
7.315225
7.56175
7.756425
7.767575
7.85585
8.3507
8.48885
8.61465
8.64215
8.800975
8.801225
8.850425
8.861275
8.912975
8.9875
9.187125
9.250225
9.579025
9.81065
9.937175
159
