0.008225
0.432425
0.432525
0.508325
0.510975
0.513025
0.5153
0.5244
0.54035
0.566375
0.569525
0.57105
0.573425
0.576075
0.5892
0.590925
0.6106
0.6237
0.6396
0.641575
0.65355
0.670875
0.689775
0.693975
0.696775
0.701375
0.704575
0.709475
0.717975
0.7184
0.722275
0.73785
0.76755
0.77375
0.776025
0.79795
0.81575
0.870425
0.892925
0.896175
0.89855
0.93365
0.963425
1.01265
1.0411
1.05605
1.077675
1.109825
1.134975
1.172475
1.184
1.248425
1.301575
1.34615
1.347725
1.35875
1.361375
1.388775
1.3997
1.410125
1.4416
1.451725
1.462825
1.47635
1.516675
1.6524
1.8215
1.843125
1.935475
1.94775
1.950475
1.954475
1.957775
1.976975
1.989775
1.998075
2.01045
2.035425
2.230325
2.27165
2.277825
2.372725
2.617575
2.747575
2.803275
2.80725
2.869225
2.895925
2.971075
3.117675
3.132225
3.143525
3.187225
3.2351
3.253625
3.31
3.338525
3.375975
3.377625
3.3999
3.420475
3.559475
3.60535
3.649675
3.86095
3.9082
3.943825
3.949275
4.0147
4.06695
4.0974
4.115225
4.5568
4.633125
4.705375
4.719475
4.74735
4.7817
4.950975
5.151125
5.5032
5.531875
5.561325
5.6961
5.74345
5.840175
5.863125
6.007625
6.0772
6.081275
6.184725
6.2823
6.3436
6.4265
6.435025
6.52335
6.805575
6.84635
6.98225
7.011725
7.020475
7.026575
7.043575
7.053825
7.0893
7.223475
7.333025
7.40575
7.409075
7.459375
7.531975
7.58195
7.7363
8.1436
8.24945
8.27165
8.287025
8.462175
8.5789
8.728975
8.730225
8.9577
9.01335
9.4684
9.66675
165
