0.17895
0.242425
0.4382
0.439625
0.4595
0.47325
0.493275
0.5077
0.508175
0.5161
0.527875
0.532425
0.533975
0.53575
0.565475
0.57595
0.5865
0.59085
0.609975
0.65945
0.66025
0.668425
0.6728
0.68085
0.68165
0.68745
0.68775
0.7199
0.73225
0.732475
0.737725
0.761775
0.762025
0.770125
0.821925
0.823525
0.86355
0.873875
0.89905
0.9043
0.9248
0.94565
0.9464
0.95685
0.971175
1.0141
1.036625
1.045975
1.136425
1.15625
1.161575
1.17545
1.1978
1.21845
1.227625
1.2568
1.3999
1.469025
1.497925
1.516475
1.53365
1.56075
1.5612
1.703175
1.738925
1.7407
1.820375
1.85355
1.94175
2.033375
2.10445
2.156975
2.29415
2.364125
2.434875
2.45655
2.4665
2.477975
2.47955
2.516875
2.52625
2.636675
2.638375
2.719525
2.720825
2.74065
2.861875
2.876575
2.952175
2.98405
2.991075
2.996425
3.001675
3.073925
3.164925
3.22535
3.246325
3.295
3.424375
3.6018
3.722025
3.73735
3.82995
3.90245
3.906025
4.10255
4.130525
4.16255
4.18815
4.20005
4.2726
4.282775
4.30405
4.45325
4.48275
4.5034
4.520775
4.533025
4.598525
4.824425
4.83415
5.006475
5.076875
5.11415
5.178625
5.320325
5.356675
5.414575
5.472575
5.485125
5.530275
5.7425
5.802975
5.8436
5.8542
5.9453
6.20235
6.3136
6.534725
6.56105
6.58105
6.586375
6.5952
6.61185
6.657925
6.6778
6.76785
6.8508
6.855725
6.93575
7.14845
7.27755
7.378
7.454625
7.584275
7.73445
7.865475
7.896725
7.9065
8.104125
8.1858
8.324425
8.7182
8.7373
8.82935
8.858175
9.133625
9.27065
9.333825
9.338025
9.365925
9.9069
172
