0.1842
0.30755
0.373925
0.406175
0.420125
0.4479
0.4565
0.476775
0.4793
0.4998
0.506725
0.52775
0.530625
0.53075
0.543575
0.556675
0.573075
0.584575
0.61345
0.6218
0.6332
0.643675
0.66155
0.67815
0.72
0.7238
0.740825
0.777625
0.79095
0.810475
0.83465
0.85105
0.866125
0.879475
0.892475
0.8958
0.9179
0.93605
0.945675
0.951075
0.95375
0.9558
0.9825
1.00775
1.0085
1.0204
1.054675
1.10545
1.111075
1.1486
1.159275
1.175125
1.22225
1.226925
1.22695
1.237
1.239175
1.2433
1.247025
1.254875
1.31585
1.332125
1.35075
1.401425
1.489825
1.575775
1.6126
1.698075
1.80295
1.817925
1.865425
1.8675
1.877075
1.908875
1.93275
1.979125
1.999575
2.128675
2.149775
2.208925
2.215675
2.242025
2.28095
2.316975
2.3333
2.416475
2.435775
2.5095
2.610325
2.650275
2.663025
2.74755
2.780575
2.84425
2.84715
2.90025
2.939975
2.981725
3.047775
3.073175
3.100425
3.10545
3.1153
3.120375
3.1481
3.18225
3.19155
3.207375
3.2352
3.30165
3.41865
3.445075
3.70635
3.716625
3.80325
3.805475
3.846075
3.881675
3.901325
4.04535
4.1329
4.217475
4.260875
4.306
4.327225
4.44735
4.45865
4.461625
4.4991
4.59165
4.6588
4.72225
4.811725
4.917525
4.92315
4.986325
5.157475
5.263425
5.338075
5.34655
5.378175
5.5237
5.585375
5.809775
5.8629
6.02155
6.05765
6.1365
6.263075
6.30405
6.4133
6.535325
6.567225
6.593625
7.066075
7.1449
7.156375
7.266425
7.353125
7.613775
7.68305
7.85385
7.919025
7.94495
8.066975
8.096325
8.197825
8.6001
8.765725
9.042725
9.0719
9.120825
9.182525
9.347375
9.432425
9.579525
176
