0.00415
0.042525
0.228175
0.231775
0.246525
0.2708
0.356325
0.47575
0.480025
0.490425
0.497325
0.49765
0.5098
0.50985
0.513275
0.513375
0.5268
0.5386
0.548825
0.5541
0.557625
0.564175
0.56865
0.57255
0.578175
0.59755
0.602
0.61495
0.618625
0.62035
0.62235
0.627225
0.63195
0.6357
0.6366
0.6553
0.708
0.734475
0.73815
0.76855
0.792325
0.79295
0.79645
0.798525
0.832675
0.832925
0.834525
0.84505
0.8646
0.87445
0.87775
0.88245
0.90335
0.9142
0.983975
1.036525
1.0775
1.079775
1.090975
1.123925
1.13565
1.17345
1.179325
1.189875
1.19665
1.221375
1.2359
1.293275
1.384475
1.405
1.4134
1.4216
1.45675
1.501025
1.508925
1.570175
1.58735
1.6051
1.611
1.6205
1.665225
1.66955
1.754625
1.85975
1.981575
1.98915
2.000375
2.022775
2.0641
2.094325
2.11075
2.118775
2.407825
2.432075
2.458075
2.55425
2.59345
2.746125
2.74625
2.90435
2.932075
3.0013
3.003975
3.0924
3.1709
3.28435
3.2991
3.3294
3.357675
3.4127
3.41815
3.539475
3.65385
3.706875
3.712
3.757425
3.838075
3.952425
3.95505
3.984275
4.1523
4.29065
4.39435
4.4513
4.4854
4.49715
4.610275
4.6318
4.721475
4.7854
4.8073
4.812675
4.813575
5.0277
5.0641
5.140975
5.183025
5.18375
5.197375
5.2075
5.249475
5.423475
5.443125
5.488625
5.632325
5.6763
5.7715
5.969475
5.980025
6.00825
6.030575
6.05985
6.0664
6.1012
6.16985
6.293675
6.4282
6.48795
6.6633
6.694225
6.834175
6.9535
7.090225
7.23885
7.240525
7.27335
7.5242
7.53245
7.554975
7.5563
7.653475
7.858975
7.889
7.9453
7.9488
7.965175
7.9829
8.0753
8.108075
8.445
8.687525
8.7341
9.170925
9.23175
9.27535
9.47585
9.765025
9.8193
188
