0.22785
0.4325
0.447375
0.4599
0.47135
0.520375
0.527675
0.52945
0.531375
0.55625
0.569975
0.57615
0.579925
0.591475
0.5934
0.602025
0.604375
0.646875
0.658775
0.672125
0.678075
0.69725
0.7329
0.7493
0.759625
0.778675
0.7797
0.780125
0.780875
0.792775
0.793475
0.820725
0.823225
0.84705
0.851225
0.873625
0.88335
0.891975
0.893675
0.915375
0.921175
0.9373
0.965375
0.977
0.991075
1.000725
1.0132
1.038675
1.04245
1.08905
1.094825
1.104225
1.1053
1.117575
1.1236
1.1401
1.152825
1.154125
1.181525
1.2095
1.216625
1.342125
1.417525
1.42625
1.53755
1.555875
1.66625
1.695075
1.695475
1.8007
1.847825
1.9529
1.982425
2.04605
2.050225
2.081975
2.0878
2.1796
2.246475
2.281125
2.34775
2.371925
2.38025
2.39015
2.4123
2.431375
2.4414
2.49215
2.50295
2.57375
2.61325
2.716975
2.792325
2.85125
2.864725
2.86895
2.889
2.963075
3.032725
3.097725
3.103
3.10555
3.266975
3.31215
3.386925
3.42625
3.498175
3.51065
3.591625
3.606725
3.682775
3.6882
3.721425
3.7311
3.95355
3.987975
4.110625
4.16015
4.203625
4.24205
4.245125
4.3672
4.4056
4.564825
4.566275
4.59945
4.714925
4.7186
4.769925
4.799275
4.8599
4.944825
4.946825
4.948325
5.20995
5.36585
5.5392
5.598375
5.695475
5.79945
5.80295
5.96655
6.070525
6.071725
6.27095
6.273475
6.332275
6.485425
6.6411
6.74775
7.200275
7.5014
7.508775
7.81995
7.9139
8.00785
8.04085
8.223225
8.26295
8.53355
8.6284
8.699425
8.768275
8.836175
8.847
8.899525
8.951875
9.0443
9.126825
9.250375
9.30855
9.333975
9.552375
9.634925
9.6543
9.785775
9.86885
177
