0.00815
0.322525
0.4624
0.48855
0.499025
0.506975
0.5261
0.531525
0.5358
0.541125
0.54295
0.558075
0.559825
0.562125
0.564825
0.573475
0.581875
0.587575
0.605825
0.61155
0.6156
0.6197
0.621125
0.62515
0.625375
0.64085
0.644125
0.644375
0.6786
0.683625
0.6899
0.720925
0.73195
0.733075
0.740425
0.7406
0.743875
0.81005
0.843075
0.8485
0.864625
0.875875
0.87665
0.9093
0.936875
0.93965
0.992725
1.002425
1.00675
1.05095
1.12145
1.146825
1.182375
1.232775
1.2668
1.272675
1.28085
1.302475
1.40065
1.43835
1.448425
1.48015
1.497075
1.5076
1.576075
1.589675
1.603775
1.747275
1.7564
1.7869
1.814375
1.891875
1.97605
1.997125
2.057
2.1011
2.1133
2.121125
2.16575
2.218575
2.313725
2.374875
2.422475
2.4282
2.504725
2.513
2.56615
2.57885
2.6012
2.621825
2.623875
2.666475
2.7293
2.84815
2.989625
3.07955
3.104275
3.117325
3.362125
3.370375
3.381525
3.403475
3.433775
3.4604
3.51285
3.522275
3.552625
3.600925
3.619325
3.8948
3.905125
3.916075
3.9917
4.04985
4.07255
4.2595
4.2624
4.527075
4.655725
4.76415
4.77345
5.06695
5.117675
5.215
5.35205
5.4001
5.6207
5.962075
6.04035
6.241925
6.367025
6.466975
6.533875
6.634925
6.6415
6.76885
6.84455
7.0086
7.163925
7.229625
7.339975
7.387675
7.4122
7.5819
7.6911
8.02295
8.032975
8.457625
8.626375
8.629675
8.651475
8.7253
8.81845
8.819875
9.01675
9.056375
9.073775
9.100775
9.2401
9.355775
9.420225
9.56835
9.76245
9.765975
164
