0.46615
0.4686
0.477425
0.503
0.5041
0.50725
0.507525
0.50885
0.508875
0.511725
0.518725
0.524225
0.53285
0.5333
0.53505
0.53975
0.56895
0.5783
0.579075
0.59475
0.59815
0.599275
0.611325
0.613825
0.620225
0.62745
0.628875
0.659675
0.672625
0.72085
0.721925
0.7258
0.756925
0.7708
0.77495
0.7908
0.794
0.8355
0.83565
0.84125
0.850875
0.8943
0.898475
0.913525
0.9292
1.005975
1.029025
1.04795
1.053725
1.065675
1.0775
1.12795
1.133775
1.14925
1.192725
1.201075
1.2203
1.2704
1.336575
1.35185
1.378575
1.396425
1.40185
1.452875
1.46835
1.474475
1.657725
1.6594
1.69185
1.69845
1.7104
1.754175
1.786275
1.8145
1.860175
1.8919
1.9049
1.90955
2.006175
2.06405
2.192325
2.213175
2.2454
2.4265
2.503
2.5648
2.60995
2.741375
2.846225
2.9247
2.995825
3.044625
3.2662
3.28805
3.309125
3.346325
3.367225
3.42855
3.492925
3.527125
3.548575
3.610075
3.632525
3.6465
4.008275
4.041175
4.052475
4.09765
4.109825
4.396475
4.4379
4.48245
4.65445
4.6665
4.687275
4.693675
4.71195
4.96605
5.03775
5.105625
5.12785
5.3438
5.43105
5.46105
5.561725
5.6068
5.6183
5.685225
5.7796
5.8389
6.341275
6.34425
6.351175
6.367775
6.469075
6.69145
6.697425
6.718575
6.9024
7.06125
7.06485
7.2165
7.225225
7.35465
7.3604
7.534175
7.6912
7.710125
7.767425
7.813875
7.892275
7.9793
8.02405
8.30515
8.436175
8.47135
8.825925
8.8724
9.025225
9.0465
9.04745
9.182075
9.235075
9.25635
9.46015
9.5467
9.58295
9.620275
9.73075
9.745575
9.87735
171
