0.40885
0.427875
0.482775
0.487625
0.5155
0.52175
0.548775
0.555025
0.559025
0.561325
0.5788
0.61365
0.630475
0.631725
0.632775
0.6374
0.6391
0.670975
0.676375
0.6914
0.6933
0.7028
0.7076
0.734675
0.737475
0.772425
0.79705
0.8005
0.8114
0.8237
0.836525
0.840275
0.8475
0.872775
0.8761
0.88525
0.889475
0.892875
0.903875
1.0263
1.0593
1.071925
1.0869
1.12005
1.226975
1.253775
1.302325
1.30955
1.33085
1.340875
1.42075
1.451725
1.4737
1.49905
1.573825
1.5759
1.68245
1.717425
1.742525
1.771975
1.80895
1.82315
1.8842
1.959175
2.041975
2.110675
2.1178
2.119575
2.137925
2.184925
2.232475
2.30295
2.352475
2.401025
2.412225
2.4144
2.43045
2.4452
2.4625
2.5153
2.5934
2.617075
2.78135
2.8162
2.85945
2.8691
2.870325
2.969875
3.06155
3.134925
3.17405
3.2612
3.314325
3.4258
3.48885
3.6122
3.74055
3.759075
3.92345
4.009
4.032975
4.064425
4.136075
4.317
4.372525
4.37685
4.5052
4.5997
4.606
4.787475
4.879625
4.9045
4.970425
4.9986
5.078925
5.12275
5.1403
5.267825
5.3143
5.485025
5.490425
5.51905
5.52495
5.6368
5.650325
5.719125
5.847025
5.87145
5.8798
5.8826
5.943125
6.041325
6.045925
6.06835
6.1769
6.178125
6.214475
6.2345
6.27515
6.311925
6.3234
6.335925
6.4009
6.560325
6.61725
6.653375
6.82605
6.8497
6.899175
6.946625
7.079725
7.34005
7.350825
7.36335
7.533875
7.765625
7.76675
8.037625
8.1017
8.201775
8.234525
8.3695
8.373375
8.460025
8.529175
8.625675
8.732025
8.7771
8.78575
8.80835
8.82175
8.8683
8.89595
8.94925
9.10985
9.44995
9.467825
9.474075
9.4794
9.7085
9.7597
9.780125
9.7832
9.81975
9.828425
9.9358
186
