0.073675
0.0945
0.135225
0.136575
0.137075
0.228125
0.2618
0.33315
0.419675
0.4433
0.447725
0.471575
0.5022
0.503075
0.5099
0.51545
0.515625
0.520925
0.521175
0.521775
0.525
0.529875
0.542775
0.586925
0.60395
0.605425
0.6073
0.6197
0.621425
0.63445
0.644225
0.658925
0.65975
0.669725
0.70685
0.725725
0.73745
0.743425
0.753025
0.760875
0.76115
0.850825
0.87845
0.917325
0.920425
0.947725
0.9564
0.966625
0.979725
1.013975
1.0653
1.10405
1.106325
1.1143
1.12055
1.177
1.1881
1.22765
1.28695
1.292575
1.294175
1.298925
1.416475
1.487125
1.50305
1.650475
1.685725
1.6879
1.837325
1.87365
1.887125
1.9004
1.965175
2.003825
2.0331
2.06335
2.110325
2.220825
2.4177
2.460475
2.538625
2.558725
2.609275
2.62085
2.686625
2.734275
2.77365
2.775975
2.79955
2.87485
2.87965
2.9017
2.987825
3.002325
3.00405
3.211225
3.279375
3.301925
3.34285
3.43605
3.46075
3.504575
3.578775
3.6443
3.720575
3.839925
3.85295
3.85975
4.031975
4.06005
4.26825
4.303175
4.372525
4.374475
4.4818
4.619375
4.76945
5.1037
5.124125
5.139875
5.24725
5.4017
5.4259
5.8134
5.814
6.00755
6.007725
6.0494
6.05425
6.05915
6.105375
6.129675
6.131675
6.24505
6.272225
6.62115
6.75515
6.8804
7.103525
7.2807
7.45045
7.7953
7.886675
7.9556
8.09645
8.1356
8.3997
8.606825
8.807575
8.9519
9.028425
9.1462
9.39735
9.49405
9.529
9.6821
9.6849
9.739025
9.7924
9.8658
9.907175
161
