0.22995
0.431825
0.4828
0.4873
0.497625
0.503375
0.512225
0.5176
0.5281
0.536725
0.5437
0.54715
0.548725
0.5534
0.56365
0.602525
0.611625
0.6221
0.65605
0.699575
0.710625
0.710675
0.724425
0.745625
0.746825
0.7551
0.76435
0.772125
0.777525
0.786
0.815725
0.826275
0.860475
0.886325
0.903975
0.913325
0.9305
0.961175
0.962225
0.963425
0.9708
0.98295
0.99565
1.0349
1.0531
1.077575
1.0862
1.089625
1.142275
1.15805
1.16105
1.168675
1.189275
1.24305
1.25005
1.313625
1.3406
1.41225
1.477875
1.546375
1.57315
1.59105
1.754275
1.786525
1.7973
1.880425
1.937575
2.001975
2.157875
2.20655
2.214975
2.227475
2.3052
2.3203
2.413325
2.706225
2.779825
2.898825
2.938975
2.9721
2.9889
3.07535
3.10985
3.1518
3.291825
3.334275
3.3422
3.391925
3.590475
3.802275
3.8347
3.971725
4.044125
4.16685
4.19875
4.51395
4.646
4.673275
4.703275
5.0384
5.212625
5.372175
5.425875
5.4692
5.47155
5.486375
5.560075
5.807175
5.89795
5.990475
6.0121
6.0224
6.128575
6.335525
6.371125
6.92885
7.03335
7.132925
7.1555
7.183575
7.31125
7.539125
7.715475
7.76695
7.876125
8.1366
8.256075
8.27105
8.294575
8.752125
8.927075
9.03305
9.273175
9.283475
9.296475
9.4046
9.417425
9.6454
9.74995
9.865725
9.868725
141
