0.12855
0.4161
0.428025
0.45255
0.465075
0.47335
0.483475
0.518625
0.531325
0.5444
0.547
0.552025
0.5541
0.5712
0.5768
0.579325
0.58775
0.595675
0.610625
0.613475
0.62605
0.632925
0.654925
0.65705
0.66545
0.71905
0.739725
0.740375
0.74355
0.748725
0.758625
0.7679
0.773525
0.774625
0.804625
0.8053
0.80955
0.8615
0.8727
0.96345
0.980725
1.00005
1.038425
1.101875
1.116425
1.13895
1.15895
1.168025
1.19775
1.201775
1.206025
1.21845
1.221875
1.3288
1.3632
1.37115
1.3803
1.40345
1.427425
1.4309
1.48695
1.568575
1.576025
1.596125
1.614625
1.6575
1.731425
1.779325
1.839325
2.057175
2.0608
2.073275
2.152525
2.1709
2.2638
2.382575
2.390975
2.392875
2.4086
2.427325
2.4451
2.47265
2.483025
2.5061
2.557275
2.6266
2.707775
2.721325
2.93275
2.97835
2.9976
3.00505
3.1392
3.195625
3.196725
3.294925
3.31085
3.3851
3.44885
3.5351
3.560025
3.6519
3.803275
3.8223
3.878825
3.975675
4.057125
4.14835
4.210475
4.24035
4.251975
4.279675
4.300675
4.512875
4.577375
4.674075
4.721225
4.878025
4.9396
5.038375
5.093175
5.228475
5.4356
5.719075
5.820525
5.86485
5.906825
5.9242
5.99265
5.9936
6.142375
6.156875
6.3284
6.41185
6.635525
6.720475
6.871675
7.285025
7.3336
7.348475
7.39715
7.53025
7.643525
7.733925
7.879375
7.9395
8.177025
8.31815
8.45845
8.482425
8.569925
8.713975
8.808475
8.858925
8.88475
8.890375
9.0768
9.219725
9.2334
9.47875
9.82785
9.89405
162
