0.337125
0.499425
0.504025
0.50795
0.510525
0.52685
0.537175
0.54395
0.5657
0.566925
0.5704
0.595075
0.604525
0.6116
0.61435
0.615975
0.623875
0.66
0.661825
0.686775
0.712075
0.75535
0.75645
0.7672
0.784475
0.788325
0.8145
0.842975
0.861625
0.86295
0.892625
0.897425
0.9568
0.978175
1.020175
1.0202
1.033525
1.044625
1.0611
1.0727
1.0855
1.1135
1.283225
1.330975
1.38465
1.40885
1.4529
1.47115
1.473125
1.53335
1.63735
1.65485
1.65855
1.70205
1.729325
1.774225
1.796075
1.846775
1.89415
2.0251
2.033125
2.090525
2.188475
2.2882
2.360775
2.47635
2.5819
2.58715
2.60225
2.680625
2.747025
2.769075
2.79095
2.803625
2.8577
2.94165
2.97325
2.981925
3.000825
3.033475
3.079425
3.164675
3.252825
3.272925
3.2841
3.396675
3.5467
3.572675
3.7056
3.780825
3.785925
3.936625
3.997725
4.02155
4.11615
4.11995
4.1438
4.193975
4.399075
4.3996
4.4626
4.582475
4.6847
4.7332
4.894125
4.905325
4.922075
5.1124
5.360975
5.47195
5.527
5.5542
5.55435
5.6958
5.7207
5.969775
6.07855
6.1243
6.136075
6.15145
6.321625
6.42995
6.49255
6.713975
6.7202
6.78865
6.8002
6.884025
7.0308
7.30235
7.41305
7.433775
7.5496
7.5808
7.611225
7.693225
7.734475
7.7831
8.43155
8.4691
8.5119
8.6361
8.75075
8.8178
8.8462
8.86205
8.9203
9.013675
9.086625
9.17775
9.18195
9.368925
9.698475
9.765225
154
