0.179775
0.3502
0.42
0.463475
0.4767
0.498675
0.503025
0.51045
0.519325
0.525575
0.53175
0.532275
0.5469
0.550275
0.5843
0.605075
0.6094
0.615975
0.62935
0.636825
0.6372
0.66265
0.67635
0.676675
0.6841
0.7077
0.731575
0.746325
0.759325
0.76525
0.768875
0.770625
0.7744
0.7773
0.780275
0.79105
0.818
0.81995
0.8681
0.901675
0.9079
0.934275
0.9384
0.938875
0.9617
0.9628
0.984775
1.070525
1.102825
1.1142
1.116775
1.1347
1.143825
1.168075
1.1899
1.209825
1.213525
1.27095
1.30615
1.30715
1.3795
1.39645
1.48515
1.622525
1.62735
1.64975
1.742275
1.795775
1.8353
1.89695
1.90325
1.9321
1.941525
1.98045
2.000675
2.12
2.12145
2.132975
2.139925
2.153925
2.25785
2.28975
2.300575
2.302725
2.30805
2.346425
2.423875
2.612975
2.749575
2.774475
2.7759
2.7887
2.788975
2.796
2.923775
3.09055
3.1053
3.181075
3.201775
3.258125
3.292675
3.3117
3.575575
3.603975
3.623775
3.722125
3.79625
3.83475
3.902625
3.948175
4.01995
4.022675
4.025925
4.0314
4.044825
4.09805
4.239125
4.284675
4.31675
4.325425
4.361075
4.43665
4.43715
4.7661
4.81795
4.83725
4.93755
4.94045
5.00475
5.0331
5.06165
5.07865
5.1983
5.22655
5.7261
5.760375
5.8238
5.82655
5.892475
6.160675
6.16855
6.1864
6.1974
6.2301
6.23385
6.26135
6.402575
6.55165
6.570525
6.593075
6.61985
6.7193
6.722825
6.787825
6.9901
7.025375
7.147275
7.18385
7.317875
7.3635
7.4269
7.507875
7.690675
7.7478
8.1213
8.188375
8.27365
8.4303
8.622375
8.9509
9.002875
9.0907
9.2783
9.2821
9.734525
9.75275
9.90225
177
