0.0826
0.387125
0.42665
0.429825
0.480175
0.485475
0.493725
0.50195
0.506125
0.52535
0.5278
0.5631
0.576625
0.589725
0.608725
0.609525
0.6167
0.6349
0.644125
0.6568
0.65785
0.66875
0.6708
0.69775
0.711
0.7178
0.7259
0.739725
0.75155
0.753275
0.7592
0.78025
0.781675
0.784225
0.7874
0.79875
0.813225
0.8251
0.858425
0.879375
0.9145
0.9283
0.932775
0.933375
0.9415
0.947425
0.9867
1.013175
1.0173
1.027875
1.066125
1.110125
1.113225
1.1444
1.157825
1.18535
1.1935
1.207275
1.215075
1.29005
1.290775
1.324525
1.3392
1.340425
1.370775
1.46855
1.495475
1.502575
1.5041
1.665125
1.780025
1.8121
1.9192
1.941975
1.957325
1.959975
2.15165
2.18
2.25245
2.256075
2.38355
2.44635
2.476525
2.64665
2.6592
2.6636
2.689175
2.78435
2.82875
2.860975
2.868325
2.9026
2.946425
3.19585
3.203075
3.23075
3.346675
3.3819
3.394375
3.408725
3.54885
3.6738
3.68185
3.695575
3.7145
3.79125
3.91695
3.9378
3.955375
3.98945
4.001525
4.2574
4.3633
4.39695
4.423125
4.437175
4.456575
4.555275
4.571375
4.635375
4.6474
4.6889
4.736975
4.958125
5.0332
5.253675
5.285875
5.291725
5.3611
5.412425
5.41445
5.469875
5.4856
5.493175
5.60485
5.709175
5.800675
5.823025
5.852525
5.954775
6.148875
6.2236
6.349875
6.572075
7.0204
7.0876
7.139675
7.164075
7.246575
7.393
7.42065
7.460425
7.4676
7.5144
7.55805
7.5956
7.5985
7.737075
8.457125
8.471225
8.49575
8.635
8.83515
9.1535
9.220875
9.25015
9.580725
9.6564
9.69595
9.734925
9.741975
9.814525
9.997875
173
