0.17565
0.365025
0.37665
0.420325
0.432125
0.470925
0.482575
0.4954
0.496075
0.4967
0.50175
0.52575
0.526325
0.526525
0.552025
0.5608
0.5708
0.571025
0.574375
0.576125
0.59415
0.62625
0.6337
0.6483
0.6535
0.662475
0.680925
0.689675
0.700375
0.7046
0.72105
0.787525
0.80655
0.8227
0.82525
0.8731
0.8758
0.897675
0.906825
0.927
0.937775
0.945725
0.9679
0.9813
0.985525
0.990075
0.993525
1.004525
1.03885
1.054175
1.0622
1.079725
1.08845
1.0919
1.1067
1.108975
1.16045
1.20275
1.246975
1.252425
1.26825
1.332125
1.3388
1.3572
1.4487
1.4767
1.572375
1.582025
1.595975
1.69775
1.758775
1.81455
1.8836
1.8887
2.00965
2.01845
2.1422
2.145575
2.151475
2.1825
2.1992
2.226475
2.241
2.273375
2.527875
2.532925
2.82525
2.826675
2.874625
2.88435
2.89775
2.8985
2.9767
2.9981
3.025175
3.0543
3.0836
3.233675
3.339725
3.533775
3.559025
3.57705
3.681575
3.701325
3.7605
3.850525
3.85875
3.92085
4.115375
4.14135
4.395
4.410525
4.42295
4.5458
4.568675
4.748625
4.772525
4.84515
5.067525
5.0905
5.46045
5.5504
5.571925
5.690725
5.69265
5.935675
5.9523
6.021675
6.029075
6.2135
6.46375
6.68195
6.94465
7.05955
7.168925
7.6631
7.729275
7.776675
7.8276
7.87925
8.218425
8.2816
8.2955
8.32855
8.383525
8.39165
8.51835
8.7589
8.7901
8.823025
8.8669
8.9132
9.0227
9.0335
9.224275
9.2368
9.30285
9.7512
9.807975
9.9164
9.95465
161
