0.2749
0.330425
0.41125
0.46095
0.478575
0.503725
0.5124
0.5292
0.5582
0.559325
0.5654
0.5805
0.58195
0.585925
0.606325
0.6106
0.625925
0.62655
0.62965
0.647175
0.6607
0.663575
0.67955
0.68955
0.699325
0.701375
0.715
0.7382
0.7642
0.777475
0.7937
0.797825
0.802225
0.813425
0.834425
0.843975
0.8623
0.866925
0.8775
0.8962
0.900925
0.910125
0.976
0.985975
0.98845
0.992625
1.04825
1.06545
1.072325
1.12645
1.133525
1.259
1.335175
1.34325
1.34395
1.37325
1.377625
1.38245
1.4371
1.560075
1.64045
1.67615
1.7543
1.87895
1.921175
1.953525
1.972125
2.192175
2.20565
2.207275
2.29055
2.3268
2.345675
2.36585
2.38385
2.4975
2.5087
2.5208
2.528475
2.679275
2.716975
2.7667
2.841525
2.85475
2.9015
2.953025
3.066525
3.323475
3.3367
3.47705
3.495225
3.78785
3.7903
3.805325
3.8065
3.96845
3.986375
4.00155
4.017125
4.056675
4.105725
4.19135
4.27415
4.523975
4.5346
4.67125
4.960225
5.1275
5.3633
5.36375
5.45555
5.6411
5.724
5.765825
5.908125
5.947375
6.00595
6.021675
6.051575
6.2098
6.3131
6.5144
6.6266
6.69295
6.92
6.951725
7.025525
7.19505
7.4257
7.504675
7.6607
7.8618
7.9478
7.954
8.001475
8.05715
8.0594
8.14975
8.2813
8.3843
8.42235
8.717925
8.78935
8.9161
8.9746
8.991375
9.54875
9.6629
9.826025
9.931525
150
