0.0649
0.119025
0.143475
0.148875
0.415625
0.44095
0.49425
0.503325
0.516075
0.524775
0.527875
0.531525
0.535075
0.5681
0.6118
0.62225
0.6223
0.622975
0.6254
0.637425
0.642225
0.644225
0.663175
0.676475
0.70115
0.70585
0.731525
0.73455
0.751125
0.75405
0.796375
0.8041
0.825025
0.844875
0.84895
0.8737
0.876475
0.885375
0.90605
0.92995
0.93215
0.93765
0.946475
0.964025
0.965175
0.97315
0.99005
1.034875
1.0655
1.074075
1.108525
1.1315
1.1615
1.18975
1.25705
1.263725
1.275325
1.316575
1.504925
1.61175
1.620625
1.71885
1.719275
1.720125
1.730775
1.77905
1.79855
1.8621
1.8966
1.91015
1.95845
2.07905
2.124325
2.14255
2.212125
2.3148
2.50925
2.5238
2.526475
2.615325
2.6412
2.658675
2.661
2.701425
2.704375
2.705925
2.80325
2.823125
2.9813
3.08805
3.091675
3.15625
3.1798
3.18635
3.363875
3.439775
3.578
3.6188
3.625675
3.648525
3.73445
3.760775
4.0225
4.037075
4.2845
4.3653
4.60325
4.647
4.67205
4.7526
4.75605
4.783225
4.8719
4.8816
5.05375
5.118225
5.125925
5.132925
5.133
5.365925
5.39285
5.475775
5.481975
5.569275
5.6452
5.8005
5.863125
5.884725
6.00585
6.0778
6.0882
6.24965
6.2845
6.708
6.7955
6.875675
6.9499
6.97275
7.040125
7.2811
7.32575
7.3614
7.44955
7.465825
7.71325
7.71855
7.8327
7.862625
7.91795
8.03
8.198325
8.19835
8.216375
8.3638
8.3747
8.431975
8.663075
8.7067
8.732875
8.827375
9.026675
9.15115
9.25375
9.424025
9.518325
9.578625
9.712
9.75605
9.7815
9.833
9.869275
171
