0.161075
0.188325
0.2523
0.258925
0.314275
0.3916
0.46465
0.471975
0.486325
0.518625
0.5222
0.524825
0.52545
0.543325
0.546175
0.56775
0.58805
0.607575
0.608525
0.63545
0.640075
0.646775
0.669275
0.69105
0.6972
0.7029
0.7101
0.719875
0.721875
0.7287
0.737875
0.756725
0.761325
0.76555
0.769075
0.772225
0.77305
0.78185
0.787775
0.806075
0.807525
0.818275
0.8324
0.83305
0.856975
0.888325
0.90475
0.954025
0.96915
0.97105
0.987325
1.0013
1.0069
1.0402
1.048275
1.068425
1.131225
1.15425
1.169875
1.186175
1.205
1.238
1.24355
1.303425
1.304475
1.312025
1.3348
1.43795
1.52855
1.569675
1.7068
1.7118
1.72405
1.760125
1.866775
1.9019
1.9271
1.940025
2.082525
2.218525
2.22405
2.303525
2.311975
2.4606
2.497025
2.688725
2.68925
2.7462
2.793875
2.804125
2.82735
2.85335
2.899725
2.9487
3.082575
3.105275
3.1309
3.16215
3.17275
3.199975
3.264925
3.38025
3.474225
3.520975
3.544075
3.74615
3.754175
3.9542
4.002875
4.03065
4.048225
4.1514
4.280375
4.31315
4.497275
4.5103
4.605125
4.618325
4.7039
4.773675
4.887175
5.162775
5.28115
5.430225
5.469425
5.503475
5.697725
5.794125
5.815975
5.9644
6.033225
6.1726
6.393475
6.398625
6.41215
6.426075
6.478575
6.564225
6.7161
6.71805
6.7415
6.926
6.9657
7.11765
7.6788
8.0704
8.07575
8.1191
8.352725
8.54575
8.603375
8.6291
8.702675
8.75955
8.94095
8.95505
9.211875
9.384725
9.4309
9.515375
9.537725
9.60605
9.817525
163
