0.023075
0.054925
0.28555
0.321575
0.448925
0.50415
0.504925
0.505475
0.50575
0.532
0.53535
0.550125
0.55545
0.571225
0.57295
0.613975
0.6398
0.643425
0.655275
0.663875
0.66495
0.66565
0.681
0.70675
0.727675
0.73355
0.738125
0.7579
0.7612
0.7729
0.779325
0.79
0.82095
0.823775
0.8515
0.85585
0.856975
0.87255
0.92005
0.9234
0.94915
0.951625
0.954925
0.970975
0.97535
0.98325
0.983575
1.003675
1.016075
1.02705
1.0443
1.0671
1.078825
1.098125
1.131675
1.141675
1.174225
1.18025
1.1969
1.232325
1.250175
1.272125
1.288375
1.3057
1.31065
1.4228
1.42565
1.4462
1.504875
1.588125
1.61585
1.65125
1.710575
1.71485
1.8015
1.8171
1.843475
1.869825
1.96075
1.978625
2.02745
2.07915
2.167525
2.3096
2.369325
2.4835
2.491975
2.525975
2.55375
2.587925
2.624425
2.66615
2.70585
2.82075
3.027525
3.0762
3.084875
3.1024
3.132525
3.19415
3.22745
3.342325
3.3721
3.3758
3.376975
3.418575
3.44095
3.453625
3.502225
3.6544
3.7693
3.81145
3.8278
3.872625
3.9241
3.980575
4.01075
4.09265
4.206875
4.21235
4.410025
4.457775
4.5192
4.589625
4.686225
4.696575
4.748725
4.965275
5.19615
5.24155
5.249575
5.3795
5.457025
5.638325
5.817525
5.84295
5.9489
6.006775
6.16545
6.390025
6.491725
6.584075
6.760775
6.7756
7.13485
7.4937
7.54285
7.840925
7.910625
8.023775
8.0314
8.046525
8.412225
8.672
8.780925
8.859425
9.296775
9.3028
9.488875
9.651825
9.70675
9.773875
9.79835
9.81305
164
