0.178875
0.240225
0.35315
0.387
0.4481
0.45625
0.4805
0.483825
0.486625
0.49195
0.500175
0.512825
0.51505
0.52015
0.520975
0.524425
0.5248
0.532275
0.5324
0.53275
0.54205
0.5473
0.55305
0.555725
0.582625
0.59425
0.618
0.62995
0.6425
0.649875
0.667125
0.696525
0.725075
0.730475
0.73285
0.743675
0.7497
0.7771
0.779475
0.828025
0.83375
0.865425
0.9015
0.9101
0.926575
0.93895
0.959
0.979025
0.9824
1.011725
1.02695
1.043475
1.047025
1.0486
1.1325
1.155425
1.15935
1.2023
1.227225
1.236175
1.41585
1.464675
1.46975
1.493875
1.55415
1.674075
1.782775
1.858725
1.86435
1.994475
2.011025
2.1327
2.192175
2.2067
2.23125
2.279425
2.434225
2.628725
2.68355
2.70505
2.766875
2.8221
2.826625
2.8794
2.88755
2.98555
3.127125
3.14005
3.52785
3.539575
3.564425
3.6749
3.708975
3.71745
3.772475
3.8736
3.8737
3.91995
3.934725
4.04885
4.055575
4.13225
4.13345
4.167825
4.249975
4.25145
4.416375
4.466875
4.50385
4.545325
4.68465
4.82
4.836025
4.83755
4.864025
4.8837
5.135025
5.26375
5.31125
5.332675
5.382675
5.516375
5.60585
5.656025
6.020625
6.02455
6.070225
6.1098
6.47425
6.5428
6.7447
6.7653
6.7947
6.83645
6.85545
6.866825
6.87665
6.8854
6.894625
6.94085
6.954675
7.019075
7.2823
7.29705
7.308075
7.39675
7.45665
7.56455
7.571
7.619475
7.7113
7.71575
7.736
8.0342
8.146475
8.1845
8.224225
8.269875
8.3958
8.4486
8.5577
8.587825
8.872625
8.9351
9.420125
9.6483
9.737625
9.7419
9.841875
9.881225
170
