0.04645
0.344325
0.463925
0.506425
0.5096
0.5156
0.525
0.530925
0.553575
0.5587
0.572925
0.576825
0.586
0.610975
0.6169
0.619075
0.629675
0.630175
0.640575
0.656
0.656325
0.66115
0.66375
0.665875
0.673625
0.675825
0.7024
0.71375
0.73025
0.742475
0.74705
0.757375
0.7578
0.765175
0.76575
0.768925
0.769275
0.776825
0.77935
0.786325
0.799575
0.829475
0.866075
0.9132
0.917475
0.958
0.9696
0.973275
0.978075
0.989325
1.01205
1.062
1.062375
1.065975
1.12835
1.16545
1.18535
1.19215
1.199575
1.223925
1.22785
1.252075
1.263125
1.28425
1.305125
1.345375
1.37685
1.404225
1.41975
1.4287
1.433025
1.449075
1.502425
1.502875
1.505225
1.592
1.613025
1.69505
1.724975
1.774525
1.810275
1.850875
1.96015
2.063125
2.08895
2.15165
2.166025
2.253
2.296775
2.34005
2.482675
2.5032
2.597225
2.699825
2.764775
2.893125
2.927825
2.956575
3.073225
3.251325
3.2825
3.3132
3.4593
3.4975
3.574125
3.5913
3.59375
3.654075
3.8392
4.0612
4.1494
4.1655
4.296425
4.39605
4.41225
4.57525
4.709175
4.773375
4.820825
4.8568
4.866
4.922075
4.9991
5.007325
5.21935
5.27255
5.548225
5.613325
5.6231
5.822975
5.988475
6.018875
6.036825
6.116225
6.15535
6.164175
6.18965
6.2376
6.46015
6.473825
6.510375
6.511725
6.732625
6.7624
6.8303
6.861425
6.902875
6.968725
7.0997
7.1322
7.298175
7.314775
7.446775
7.6704
7.803425
7.976175
7.983
8.00565
8.03705
8.09905
8.180375
8.20815
8.2184
8.257075
8.358775
8.57165
9.09145
9.113675
9.37
9.391475
9.40205
9.47695
9.523625
9.57335
9.64465
9.7851
9.974875
9.998125
178
