0.162275
0.222825
0.24715
0.4555
0.458875
0.458925
0.5214
0.522125
0.534825
0.542725
0.5464
0.559425
0.563175
0.5755
0.58375
0.584825
0.59985
0.606275
0.611425
0.62705
0.633175
0.63555
0.6367
0.63885
0.641875
0.6562
0.65995
0.6602
0.679525
0.695975
0.701475
0.7047
0.711625
0.711775
0.71555
0.7289
0.7323
0.732975
0.754925
0.758125
0.775075
0.7838
0.836675
0.843125
0.861775
0.86855
0.87435
0.8839
0.892425
0.90695
0.93495
0.99725
1.010725
1.080075
1.085775
1.08655
1.102075
1.13015
1.2266
1.250925
1.2735
1.4353
1.524575
1.565975
1.573875
1.584975
1.58995
1.676675
1.738275
1.7768
1.835925
1.943375
1.975275
1.996175
2.026375
2.0464
2.056825
2.194975
2.19935
2.203375
2.267225
2.3194
2.342275
2.343025
2.4232
2.4909
2.73275
2.8884
2.89825
2.94205
3.024275
3.039725
3.093025
3.130525
3.182475
3.238725
3.29465
3.3131
3.34145
3.347875
3.365875
3.368625
3.415025
3.4795
3.5594
3.81285
3.854325
3.981875
4.023275
4.0787
4.079525
4.0934
4.121525
4.2395
4.26295
4.351925
4.3751
4.4259
4.8989
4.901325
5.078575
5.14385
5.24735
5.256775
5.325875
5.4185
5.505225
5.696375
5.861425
5.882225
5.991
6.1013
6.145325
6.25985
6.42025
6.4522
6.523275
6.565225
7.0296
7.327575
7.429425
7.464075
7.49305
7.581125
7.757375
7.947225
8.12615
8.126525
8.360525
8.412325
8.93085
9.085075
9.232225
9.2421
9.252275
9.344675
9.60965
9.64035
9.656875
9.732775
9.922175
161
