0.124225
0.13145
0.179275
0.179525
0.300075
0.334125
0.4633
0.480675
0.497225
0.5049
0.509325
0.530025
0.530425
0.54295
0.547275
0.5502
0.550225
0.55285
0.5609
0.5639
0.574075
0.597775
0.6017
0.602075
0.6033
0.6059
0.606175
0.608925
0.61215
0.624775
0.632125
0.6398
0.648825
0.65485
0.674925
0.7152
0.7173
0.727875
0.74505
0.778225
0.795375
0.826225
0.83085
0.837125
0.842225
0.8507
0.873725
0.877025
0.908025
0.92085
0.93035
0.9661
1.02245
1.0448
1.063825
1.068625
1.06945
1.0757
1.088125
1.1037
1.1111
1.128925
1.1362
1.14415
1.153975
1.17545
1.193875
1.200125
1.2439
1.272875
1.339875
1.3714
1.37775
1.39545
1.406325
1.459825
1.496225
1.553175
1.55895
1.6276
1.66665
1.790325
1.81505
1.84075
1.87345
1.896975
2.129425
2.395325
2.534875
2.649475
2.65885
2.694725
2.931225
3.031025
3.216725
3.249925
3.3706
3.41315
3.48725
3.5087
3.51455
3.56075
3.614925
3.7825
3.7986
3.849325
4.050075
4.15915
4.7603
4.78405
5.2011
5.220425
5.23
5.294575
5.4221
5.54785
5.644625
5.6661
5.818325
5.903275
6.064675
6.235275
6.24145
6.3138
6.41835
6.457725
6.459125
6.537325
6.65375
6.690525
6.716375
6.864025
6.893225
6.985
7.005625
7.164425
7.325875
7.4061
7.46755
7.585325
7.656925
7.888375
8.0311
8.07405
8.1493
8.27615
8.303375
8.569525
8.6639
8.67165
8.7631
8.933525
8.9552
9.0099
9.057075
9.3661
9.391175
9.76095
9.78345
9.9153
160
