0.003175
0.166575
0.17275
0.23645
0.473725
0.48565
0.488075
0.494525
0.499625
0.50015
0.510925
0.5193
0.52185
0.526325
0.533325
0.535375
0.5362
0.53855
0.56855
0.581175
0.65435
0.659375
0.69185
0.6997
0.72535
0.738375
0.75615
0.758725
0.760925
0.78855
0.81375
0.821275
0.83915
0.8752
0.888975
0.9131
0.923475
0.92855
0.9368
0.93695
0.981225
1.01085
1.0185
1.0585
1.06155
1.101625
1.112775
1.13365
1.14315
1.15045
1.151575
1.1922
1.2006
1.231825
1.270775
1.315825
1.34055
1.367625
1.3997
1.4162
1.46495
1.6743
1.68285
1.68925
1.771125
1.773075
1.78935
1.795475
1.79775
1.893125
1.93405
1.990275
2.005275
2.026125
2.175375
2.178125
2.208525
2.217325
2.298875
2.3338
2.39935
2.417875
2.497175
2.59175
2.64005
2.69355
2.736125
2.7986
2.8495
2.890525
2.99095
3.1038
3.217675
3.243625
3.247425
3.249925
3.280275
3.459
3.601675
3.615925
3.7377
3.918075
4.15535
4.1933
4.197675
4.216675
4.32875
4.342775
4.413075
4.4706
4.496125
4.620775
4.62965
4.6592
4.74275
4.867625
4.882675
4.980725
5.04335
5.125775
5.17045
5.2528
5.272525
5.322975
5.3533
5.409175
5.623925
5.7636
5.803225
5.833
5.843525
5.8946
5.995025
6.103925
6.110625
6.17975
6.209825
6.272875
6.310775
6.31625
6.3249
6.3466
6.4095
6.667025
6.847875
6.848925
6.889625
6.976425
7.011575
7.164025
7.1664
7.241675
7.2446
7.476125
7.588725
7.607825
7.641425
7.6791
7.705275
7.8227
7.9483
8.006525
8.2562
9.024975
9.113775
9.355475
9.39875
9.483725
9.509125
9.5202
9.55085
9.64915
9.9446
9.94965
174
