0.0023
0.325825
0.3914
0.4089
0.445225
0.45675
0.46435
0.522875
0.534525
0.5445
0.550125
0.556575
0.55675
0.588125
0.590025
0.60435
0.623
0.641625
0.656675
0.672675
0.681325
0.6831
0.6832
0.7177
0.7248
0.733325
0.7535
0.796075
0.796725
0.79715
0.80815
0.811075
0.824625
0.82765
0.82935
0.837375
0.84375
0.86455
0.8819
0.896325
0.9047
0.91565
0.950975
0.9808
0.989175
0.993025
1.02705
1.04705
1.073975
1.084575
1.110675
1.11975
1.16445
1.20735
1.246075
1.26965
1.34025
1.373675
1.3964
1.460925
1.549225
1.573075
1.596375
1.6216
1.622225
1.734575
1.7886
1.8485
1.89345
1.922675
1.94115
2.159375
2.217825
2.296125
2.354775
2.436025
2.50295
2.534125
2.5702
2.64385
2.69735
2.766925
2.7696
2.823675
2.97835
3.071925
3.26585
3.277825
3.70675
3.749075
3.749875
4.128325
4.191975
4.19895
4.2172
4.219625
4.2823
4.431025
4.5454
4.621925
4.65875
4.807925
5.074325
5.1297
5.203775
5.20395
5.2202
5.370625
5.43475
5.455625
5.55355
5.621475
5.628175
5.651025
5.718475
5.74545
5.74585
5.758
5.934525
6.245175
6.273475
6.33905
6.37235
6.381675
6.4337
6.70865
6.710825
6.804025
6.805025
6.885175
7.1431
7.264075
7.455825
7.563
7.590425
7.811825
7.962425
8.160425
8.17995
8.238025
8.252675
8.48045
8.797475
8.8089
8.914225
8.97805
9.03885
9.09195
9.463625
9.7451
9.87085
9.913
9.94225
153
