0.1003
0.413525
0.4339
0.43725
0.4605
0.4774
0.51485
0.517775
0.52435
0.528025
0.543875
0.57765
0.5826
0.590175
0.598675
0.614725
0.623175
0.624125
0.647325
0.657025
0.672725
0.67275
0.6761
0.683475
0.6979
0.7073
0.7082
0.710275
0.733275
0.74455
0.752175
0.7538
0.76205
0.77225
0.78115
0.796275
0.817525
0.823275
0.830525
0.84275
0.847575
0.857175
0.858675
0.880475
0.8853
0.892125
0.91365
0.962625
0.9766
1.028075
1.0447
1.04805
1.061325
1.073675
1.107275
1.1244
1.155525
1.15595
1.1603
1.168075
1.18995
1.192875
1.205275
1.22245
1.233975
1.293525
1.370025
1.412975
1.417925
1.503975
1.547125
1.558025
1.56405
1.683025
1.718775
1.80825
1.816625
1.8427
1.92085
2.003825
2.015275
2.052125
2.06475
2.379575
2.4148
2.41985
2.42015
2.490075
2.49725
3.072275
3.316325
3.352975
3.361725
3.4447
3.5063
3.601375
3.685
3.70775
3.83425
3.9372
3.9609
4.2041
4.214225
4.377675
4.4807
4.499375
4.52925
4.5321
4.673575
4.68715
4.707725
4.865
4.92415
4.996825
5.083125
5.1855
5.283275
5.29975
5.33395
5.38505
5.4045
5.42575
5.621675
5.8625
5.86885
5.952
5.953725
6.07975
6.206975
6.303575
6.341125
6.86955
6.994375
7.147125
7.15375
7.1777
7.349225
7.661575
7.7713
8.1632
8.452575
8.4955
8.61695
8.6489
8.673275
8.6801
9.048875
9.16755
9.2799
9.280325
9.346075
9.353325
9.511375
9.52315
9.537525
9.61615
156
