0.080275
0.1051
0.225075
0.39565
0.396925
0.409925
0.4208
0.463575
0.4771
0.477975
0.480625
0.489125
0.5009
0.506325
0.51385
0.5187
0.5232
0.529225
0.535
0.54515
0.550725
0.5741
0.593425
0.596075
0.603975
0.6146
0.62415
0.64385
0.66915
0.676925
0.71535
0.7218
0.722275
0.724575
0.730675
0.748975
0.759575
0.7625
0.768375
0.768975
0.7865
0.8021
0.81095
0.856975
0.86555
0.8913
0.90275
0.903425
0.91185
0.93335
0.93665
0.95775
0.966125
0.96705
0.968675
0.989925
0.9926
1.003625
1.01815
1.026125
1.033
1.048175
1.095975
1.100275
1.10645
1.157575
1.17765
1.29905
1.3083
1.347375
1.364925
1.47885
1.524525
1.55175
1.5626
1.59025
1.643725
1.6572
1.66195
1.6634
1.716225
1.758725
1.76125
1.7955
1.819475
1.982525
2.090275
2.1632
2.272475
2.302825
2.479975
2.481125
2.608675
2.61
2.7162
2.723025
3.02205
3.182175
3.269725
3.298725
3.315725
3.387975
3.448725
3.590675
3.686975
3.830725
3.847825
4.049375
4.1463
4.2701
4.34125
4.3499
4.394175
4.474675
4.524875
4.61245
4.655575
4.83945
4.890575
4.922375
4.92925
5.06745
5.09725
5.098775
5.105725
5.131125
5.143425
5.17655
5.1881
5.256625
5.447225
5.472525
5.680475
5.7435
5.835125
5.99495
6.0196
6.2079
6.220275
6.2781
6.3461
6.375225
6.430975
6.5516
6.600925
6.635475
6.64915
7.03835
7.0896
7.18365
7.2244
7.22455
7.636925
7.694225
7.711975
8.101775
8.114025
8.27205
8.282375
8.31525
8.408075
8.45205
8.47395
8.478275
8.592175
8.65705
8.82805
8.957625
8.990075
9.082575
9.22875
9.23085
9.236725
9.2982
9.544675
9.68135
176
