0.082775
0.440075
0.448325
0.463625
0.507625
0.517825
0.51785
0.518725
0.52555
0.53625
0.54475
0.54555
0.552025
0.5529
0.5581
0.55815
0.567925
0.58285
0.584875
0.60975
0.61655
0.624925
0.631925
0.64725
0.650675
0.657275
0.657525
0.6611
0.678075
0.68475
0.69775
0.704375
0.722825
0.765575
0.7692
0.7709
0.7829
0.7873
0.8133
0.82155
0.858025
0.8646
0.865425
0.8661
0.876525
0.907475
0.926025
0.961575
0.969225
0.991575
1.00605
1.025225
1.026175
1.0266
1.04675
1.05295
1.064175
1.16715
1.226775
1.233575
1.25215
1.27455
1.278325
1.28845
1.35145
1.368975
1.409325
1.42875
1.472425
1.49025
1.49095
1.499325
1.5031
1.548525
1.640275
1.642375
1.65925
1.693175
1.7627
1.776875
1.87575
2.0582
2.188475
2.215225
2.29005
2.351175
2.3631
2.446925
2.46365
2.5398
2.5454
2.58585
2.61075
2.68805
2.71265
2.75335
2.7842
2.822425
2.848475
2.8688
2.946525
3.20275
3.206525
3.244925
3.3142
3.31865
3.367775
3.3691
3.42245
3.464025
3.528425
3.562825
3.579175
3.858
3.897575
3.9221
4.015
4.21115
4.214725
4.21525
4.240325
4.309
4.39075
4.450025
4.5252
4.6567
4.70325
4.71555
4.834025
4.981175
5.141
5.142325
5.200925
5.2862
5.4096
5.444625
5.4749
5.658375
5.69075
5.8489
5.8677
6.149975
6.201275
6.27205
6.7387
7.017975
7.1355
7.258025
7.2651
7.3673
7.47525
7.5887
7.606325
7.6209
7.7229
7.8506
7.890575
7.901675
8.0656
8.1414
8.207475
8.2257
8.32495
8.479125
8.486075
8.5043
8.606125
9.0162
9.067775
9.147625
9.28055
9.283125
9.4666
9.484525
9.57535
9.6396
9.6561
9.6739
9.777125
9.855425
9.96345
181
