0.087975
0.228975
0.3818
0.430925
0.436175
0.459875
0.4901
0.5052
0.520675
0.52545
0.527
0.527175
0.54765
0.56485
0.57795
0.585725
0.58705
0.599375
0.608825
0.632175
0.63305
0.6371
0.6395
0.646
0.704925
0.7116
0.711625
0.71425
0.727025
0.735725
0.752125
0.766025
0.779225
0.826775
0.83955
0.845025
0.84645
0.876925
0.89595
0.8989
0.9218
0.964
0.968525
1.004325
1.01585
1.03415
1.1158
1.1283
1.130725
1.145475
1.15205
1.152325
1.19315
1.232775
1.2489
1.2535
1.273375
1.27615
1.2803
1.30695
1.340725
1.350975
1.37865
1.396075
1.405625
1.4087
1.437175
1.537975
1.630875
1.644375
1.645225
1.6621
1.6913
1.739375
1.742925
1.950825
1.963575
2.00655
2.025725
2.047075
2.05345
2.0749
2.075625
2.08005
2.1011
2.142275
2.295675
2.335575
2.3587
2.6318
2.648125
2.7831
2.8363
2.968375
2.9833
3.121125
3.217825
3.249025
3.28115
3.367975
3.4884
3.495275
3.5188
3.62895
3.771775
3.77995
3.8197
3.829825
3.86145
3.922025
3.963675
3.96675
4.0405
4.047925
4.177525
4.299125
4.325425
4.48105
4.5034
4.627475
4.650775
4.74205
4.971575
4.987375
5.0529
5.058775
5.341
5.40135
5.41735
5.42785
5.5826
5.737475
5.767575
5.85005
5.91805
6.0067
6.149525
6.16205
6.2332
6.275075
6.42685
6.440925
6.5603
6.58585
6.60645
6.638075
6.6797
6.766275
6.969775
7.037875
7.0416
7.043775
7.097525
7.159875
7.192025
7.367725
7.563
7.720575
7.828775
7.85075
8.110575
8.136075
8.5638
8.791525
8.8045
8.899575
9.0131
9.080825
9.3633
9.374925
9.3829
9.475375
9.61175
9.7339
9.8304
175
