0.27245
0.43345
0.4392
0.461575
0.475025
0.49005
0.502275
0.5028
0.50405
0.51345
0.534525
0.53515
0.5388
0.546525
0.56275
0.56935
0.57305
0.582375
0.58275
0.5962
0.6102
0.646
0.67725
0.6982
0.727275
0.7625
0.78475
0.79445
0.817925
0.81975
0.8295
0.8315
0.8806
0.8968
0.986625
0.995675
1.00985
1.05565
1.115225
1.120525
1.134525
1.159825
1.170675
1.175075
1.1819
1.19815
1.20985
1.221225
1.361075
1.361775
1.3721
1.3895
1.39555
1.427075
1.4388
1.480175
1.4884
1.489375
1.508475
1.5749
1.61235
1.77035
1.821525
1.890325
1.914475
1.9649
1.9948
2.020425
2.0438
2.077525
2.08355
2.12565
2.30045
2.4016
2.48035
2.51965
2.575375
2.718325
2.721825
2.722025
2.769425
2.770125
2.844325
2.899375
2.905425
2.94035
2.945275
2.9947
3.250425
3.263075
3.3367
3.548475
3.5533
3.7246
3.9209
4.114725
4.212175
4.5312
4.7113
4.7928
4.921375
4.947125
5.089675
5.122175
5.122425
5.2532
5.3847
5.42325
5.433975
5.4755
5.530275
5.547625
5.69945
5.73485
5.7446
5.860675
5.877875
6.033875
6.080225
6.1556
6.316125
6.73495
6.788975
6.796525
6.93615
6.9529
7.204075
7.278275
7.3899
7.434975
7.47925
7.65775
7.805625
7.8428
7.85435
8.084425
8.1434
8.372775
8.39345
8.407825
8.41355
8.47125
8.507775
8.5264
8.530625
8.554325
8.60345
8.8455
9.0934
9.2845
9.544175
9.6175
152
