0.168425
0.4455
0.467575
0.473575
0.480825
0.4864
0.49285
0.5072
0.508025
0.509275
0.535225
0.5404
0.60805
0.609075
0.645925
0.653975
0.6543
0.68995
0.690075
0.691625
0.6959
0.710575
0.736875
0.7419
0.741925
0.7491
0.75075
0.806825
0.860325
0.8643
0.88065
0.88615
0.9142
0.92025
0.922275
0.93465
0.93675
0.9831
0.989525
1.00875
1.011925
1.093175
1.098275
1.11085
1.1423
1.151475
1.1665
1.172925
1.1798
1.198325
1.23665
1.2367
1.273125
1.278375
1.33055
1.342425
1.364475
1.4594
1.482275
1.4985
1.547925
1.5646
1.579525
1.592075
1.5956
1.603275
1.700775
1.7631
1.77425
1.7825
1.7984
1.8962
1.97225
1.985825
2.01925
2.091975
2.236725
2.3702
2.403725
2.452175
2.503925
2.5715
2.57825
2.61945
2.6435
2.664525
2.766975
2.8672
2.958625
3.13435
3.246125
3.384425
3.39455
3.413
3.588225
3.634625
3.66015
3.666525
3.725025
3.764275
3.8472
3.995375
4.165325
4.214275
4.228675
4.2381
4.247575
4.3194
4.4988
4.59185
4.66865
4.78605
4.97235
5.0729
5.1502
5.37705
5.559
5.619725
5.629325
5.812575
5.83015
5.937075
6.10585
6.431175
6.4444
6.489625
6.642325
6.68325
6.9517
7.04905
7.1141
7.2924
7.3484
7.418025
7.97975
8.04095
8.159775
8.23565
8.3001
8.302625
8.3297
8.5092
8.5825
8.731375
8.8439
8.857275
8.985275
8.996875
9.016675
9.07635
9.207275
9.209175
9.432
9.4453
9.461175
9.461775
9.6332
9.671375
9.726775
9.753625
9.791225
9.805825
9.999375
163
