0.0623
0.1738
0.235075
0.408825
0.45755
0.47345
0.47695
0.49975
0.507425
0.51545
0.52305
0.533775
0.534175
0.537125
0.5435
0.55775
0.5652
0.5697
0.58135
0.59445
0.606525
0.617875
0.639875
0.651125
0.670625
0.68125
0.690725
0.6934
0.71465
0.72405
0.78405
0.814425
0.829025
0.858275
0.86165
0.883275
0.884525
0.919775
0.933375
0.9395
0.967825
0.97815
0.98895
0.997225
0.99795
1.0091
1.019325
1.093475
1.14195
1.1721
1.20135
1.207375
1.214525
1.22895
1.22905
1.229825
1.285925
1.317575
1.347825
1.35475
1.3775
1.3944
1.3996
1.418225
1.4426
1.45205
1.459625
1.47115
1.5017
1.511975
1.533475
1.559625
1.579975
1.592775
1.6344
1.6622
1.677025
1.7188
1.757175
1.782575
1.813525
1.860175
1.900125
1.923275
1.995175
2.030075
2.03555
2.053575
2.178475
2.179925
2.183
2.1941
2.324025
2.397725
2.4362
2.5677
2.588575
2.632025
2.71675
2.830925
2.8625
3.009275
3.03705
3.079825
3.10025
3.1372
3.18105
3.2561
3.330625
3.45655
3.457775
3.48455
3.522275
3.64495
3.64575
3.652175
3.6974
3.70475
3.75925
3.80575
3.823375
3.8435
3.883575
4.045
4.224475
4.250025
4.2975
4.3055
4.5343
4.536325
4.58505
4.629725
4.805175
4.80725
5.076925
5.107325
5.367975
5.381875
5.4708
5.519075
5.53135
5.651625
5.659525
5.86775
6.087825
6.12915
6.260375
6.438675
6.456375
6.698675
6.7994
6.906725
7.070525
7.31265
7.39315
7.434725
7.4971
7.52035
7.52975
7.683875
7.692875
7.909075
8.04865
8.14205
8.1501
8.2221
8.26645
8.31635
8.32825
8.51865
8.57145
8.633
8.8447
8.847975
9.43915
9.520875
176
