0.0049
0.126425
0.368275
0.407325
0.44675
0.485325
0.4879
0.495825
0.507425
0.518325
0.529175
0.531
0.563625
0.5682
0.5735
0.58195
0.5835
0.604975
0.6248
0.627325
0.64785
0.7196
0.720125
0.722825
0.8057
0.831875
0.847675
0.859675
0.85985
0.86
0.8737
0.88465
0.909425
0.945175
0.949975
0.958
0.9639
0.964725
1.016875
1.047625
1.059725
1.061
1.0879
1.099
1.108225
1.15965
1.2067
1.238575
1.271325
1.289325
1.316325
1.335
1.33695
1.36755
1.398625
1.398975
1.413925
1.4408
1.475625
1.498625
1.5032
1.549725
1.5654
1.668025
1.680225
1.703625
1.706175
1.721825
1.77235
1.778925
1.797375
1.802725
1.818575
1.826225
1.844425
1.961725
2.00935
2.009375
2.046925
2.056475
2.1512
2.166925
2.17915
2.247
2.287725
2.3012
2.307375
2.38235
2.50355
2.525225
2.580925
2.7002
2.808225
2.841675
2.84575
3.052825
3.1061
3.1629
3.216775
3.234125
3.2985
3.3503
3.41915
3.459075
3.628925
3.742975
3.821475
3.901975
3.9281
4.057175
4.245975
4.372825
4.410025
4.716325
4.728375
4.74105
4.826825
5.0328
5.06555
5.11375
5.3398
5.480225
5.5443
5.6645
5.834125
5.8453
5.957075
6.01815
6.21585
6.2789
6.35475
6.384925
6.403325
6.42295
6.438475
6.592825
6.70745
6.89885
7.149175
7.16805
7.2387
7.283625
7.3173
7.424475
7.516
7.927875
7.99455
8.2049
8.52685
8.6626
8.875575
9.120375
9.1773
9.44
9.780175
9.78855
156
