0.074525
0.27455
0.421875
0.448175
0.450025
0.469625
0.47695
0.485675
0.5119
0.52765
0.54755
0.584825
0.58575
0.587375
0.6113
0.615925
0.635925
0.6384
0.640575
0.6474
0.658075
0.660325
0.669
0.6724
0.68305
0.684275
0.6877
0.69465
0.698425
0.713175
0.730125
0.739675
0.761425
0.770025
0.793
0.808775
0.849025
0.8707
0.883025
0.892975
0.894575
0.895875
0.897625
0.89975
0.903925
0.912125
0.9468
0.981225
0.989825
1.04865
1.0529
1.088375
1.13765
1.15715
1.1579
1.1593
1.1685
1.206825
1.2473
1.2652
1.4009
1.445225
1.448925
1.449825
1.458275
1.486825
1.499825
1.510825
1.51095
1.650725
1.7002
1.77285
1.781225
1.8132
1.8991
2.001875
2.092525
2.12375
2.135725
2.154525
2.2041
2.256675
2.3112
2.392725
2.409775
2.4549
2.545675
2.5764
2.59375
2.803775
2.873675
2.899975
2.941775
2.94245
2.97015
2.982175
3.024825
3.238525
3.248225
3.30375
3.3243
3.402275
3.44445
3.44595
3.4774
3.4823
3.519275
3.53805
3.67685
3.846225
3.84675
3.859575
3.992375
4.027225
4.037525
4.1266
4.336
4.34975
4.6156
4.647125
4.735625
4.760175
4.810775
4.815175
4.874725
5.057425
5.1562
5.17155
5.289975
5.3173
5.4534
5.481675
5.728375
5.7762
5.838925
5.848475
5.861025
6.0504
6.07545
6.08355
6.153525
6.34715
6.3942
6.40875
6.429975
6.445325
6.57275
6.818675
6.86425
6.88665
6.914675
7.044975
7.047575
7.1088
7.20945
7.403925
7.4435
7.450075
7.613
7.6958
7.72885
7.897025
7.9479
8.023725
8.084825
8.091775
8.163125
8.426775
8.58625
8.934525
9.007225
9.2946
9.710525
9.747475
9.8881
175
