0.110825
0.1299
0.3439
0.3502
0.495725
0.499825
0.513975
0.522375
0.528725
0.5315
0.5396
0.56615
0.598875
0.6148
0.62635
0.63965
0.64075
0.643725
0.64525
0.653875
0.682
0.682225
0.68835
0.692075
0.692375
0.70895
0.7091
0.71905
0.728375
0.75105
0.756875
0.7575
0.7795
0.78645
0.793325
0.798675
0.8025
0.81045
0.82375
0.828925
0.837175
0.840575
0.870675
0.889975
0.896775
0.9206
0.9451
0.959975
0.96745
0.9975
1.019525
1.0367
1.0422
1.0653
1.0747
1.0925
1.1245
1.13455
1.215975
1.224625
1.2397
1.261025
1.290625
1.31435
1.3402
1.397375
1.411675
1.42075
1.42865
1.434575
1.46545
1.49125
1.571925
1.6128
1.62885
1.636025
1.70985
1.722275
1.774675
1.839375
1.904575
2.001025
2.02435
2.090125
2.206425
2.24275
2.262575
2.29535
2.334
2.36345
2.37935
2.399075
2.42995
2.727325
2.739275
2.750475
2.81765
2.828025
2.833425
2.9448
2.95835
3.031125
3.0919
3.132075
3.135125
3.1658
3.189075
3.22275
3.29225
3.357125
3.5154
3.544025
3.74085
3.765675
3.922375
4.0574
4.113275
4.167775
4.280875
4.28555
4.3371
4.347475
4.401725
4.4248
4.499
4.506125
4.5943
4.73995
4.93285
4.955975
5.086325
5.0899
5.12055
5.144775
5.286975
5.359375
5.477575
5.485375
5.6746
5.82535
5.862125
6.2591
6.409075
6.42245
6.4227
6.46025
6.6312
6.71785
6.9366
6.9612
6.9745
6.974675
6.976575
6.986625
7.26005
7.44945
7.452825
7.515175
7.5855
7.7001
7.7143
8.11165
8.143075
8.5509
8.611725
8.73615
8.931075
8.9603
8.98035
8.9976
9.0659
9.36945
9.5161
9.68915
9.93065
175
