0.006525
0.13925
0.35
0.464975
0.472625
0.496175
0.496775
0.501
0.506375
0.51775
0.524125
0.549375
0.5497
0.559225
0.570225
0.5981
0.63265
0.6373
0.662025
0.6714
0.67695
0.683325
0.691775
0.69655
0.707675
0.760875
0.761375
0.763825
0.765575
0.7813
0.782125
0.81225
0.8515
0.954925
0.966825
1.012825
1.0298
1.0788
1.1202
1.12165
1.137575
1.14685
1.191325
1.240425
1.304975
1.320225
1.35765
1.367325
1.404825
1.422275
1.4836
1.5304
1.5995
1.60135
1.65585
1.702075
1.7029
1.85015
1.8754
1.91965
1.9222
1.9864
1.987825
1.994875
2.03025
2.03525
2.1055
2.204425
2.21815
2.2275
2.2967
2.3062
2.327225
2.36535
2.380575
2.516225
2.547225
2.57445
2.5982
2.653575
2.70175
2.78085
2.798825
2.994125
3.07905
3.331425
3.3675
3.41745
3.548625
3.633725
3.637375
3.670275
3.834375
3.8878
3.918125
3.96875
3.997525
4.03525
4.39725
4.49475
4.51115
4.657375
4.719125
4.819625
4.8505
4.851125
4.934725
5.044575
5.26655
5.355275
5.356225
5.44625
5.7202
5.774525
5.786025
5.850025
5.880725
6.073025
6.20455
6.43115
6.50755
6.5567
6.777325
6.85555
6.9282
7.07485
7.078575
7.20205
7.215425
7.50545
7.510075
7.575025
7.7284
7.889925
7.930225
7.9425
8.0172
8.121475
8.141025
8.141775
8.329975
8.373025
8.46885
8.64575
8.657325
8.68565
8.713375
9.098125
9.191275
9.23985
9.457025
151
