0.0399
0.086125
0.17835
0.424925
0.476125
0.484825
0.491925
0.493325
0.50965
0.51775
0.5247
0.5432
0.549175
0.5507
0.55485
0.5761
0.598325
0.602675
0.62875
0.644375
0.64875
0.654625
0.66085
0.686725
0.691375
0.718925
0.733525
0.7518
0.763175
0.782925
0.79255
0.8528
0.861275
0.870175
0.9114
0.9201
0.926575
1.0101
1.0795
1.0955
1.1046
1.12775
1.13945
1.184775
1.1957
1.2119
1.2474
1.27105
1.28935
1.311375
1.334125
1.3438
1.356675
1.36935
1.3813
1.38345
1.39415
1.4502
1.463525
1.48075
1.4993
1.51815
1.528725
1.6241
1.673125
1.69735
1.708425
1.711225
1.74885
1.77855
1.795125
1.8107
1.8332
1.846575
1.8637
1.9178
1.970275
2.05915
2.06855
2.242575
2.24525
2.291575
2.30005
2.3987
2.421975
2.47205
2.47785
2.556275
2.5663
2.62395
2.806775
2.82385
2.83665
2.849525
2.872875
2.92695
2.9509
3.03815
3.0422
3.0662
3.097
3.104675
3.14915
3.332975
3.359525
3.3708
3.4121
3.425675
3.4391
3.44435
3.5162
3.69015
3.78275
3.83755
3.9159
3.9244
3.947425
3.988525
4.0477
4.07495
4.23595
4.287875
4.325875
4.3999
4.430325
4.46185
4.539125
4.57755
4.87615
4.885225
5.04355
5.510375
5.5718
5.66675
5.735525
5.9121
5.9637
5.974675
6.11395
6.206675
6.2788
6.36185
6.392525
6.52165
6.902775
6.907425
6.968225
6.97035
7.098375
7.17425
7.2648
7.31575
7.419375
7.706
7.71255
7.73785
7.764825
7.908725
7.9242
8.159025
8.333675
8.4315
8.5023
8.52895
8.554775
8.55975
8.756525
8.765675
8.837725
9.021575
9.127825
9.470725
9.83235
9.8468
174
