0.148575
0.247975
0.461675
0.4769
0.482475
0.510025
0.51465
0.5273
0.52875
0.53355
0.551575
0.57915
0.613725
0.6163
0.621825
0.63315
0.64955
0.663275
0.714
0.71835
0.720325
0.7225
0.723175
0.72775
0.76575
0.792525
0.814375
0.8249
0.854275
0.8656
0.86625
0.868225
0.893275
0.9306
0.9319
0.937825
0.95095
0.952775
0.958875
0.959875
0.980575
0.982525
1.017325
1.0449
1.049025
1.076075
1.085675
1.10125
1.108575
1.1255
1.1396
1.20425
1.223825
1.2246
1.303625
1.3456
1.36565
1.424425
1.42865
1.4931
1.625075
1.68805
1.79975
1.851125
1.859175
1.9547
1.96695
1.9853
1.98785
1.9959
2.072475
2.1457
2.157775
2.312625
2.3324
2.350425
2.369775
2.479525
2.55035
2.5588
2.674525
2.703625
2.758625
2.786275
2.8879
2.900125
3.016725
3.04495
3.06865
3.117025
3.174225
3.259725
3.290075
3.549
3.726025
3.8414
3.86745
4.098275
4.118375
4.2272
4.336775
4.39725
4.554575
4.57925
4.587875
4.68365
4.708425
4.853775
4.9062
4.98165
5.07245
5.1169
5.232475
5.3178
5.4222
5.664125
5.85965
5.8659
5.917075
6.10675
6.3007
6.342425
6.50885
6.5933
6.64945
6.6652
6.936425
6.936625
6.964175
6.96705
6.9781
7.0163
7.031025
7.0592
7.0659
7.080475
7.1594
7.221475
7.2379
7.31595
7.54105
7.55355
7.6654
7.667325
8.387275
8.390325
8.476675
8.5733
8.673525
8.800075
8.8091
8.906225
9.097875
9.278025
9.346675
9.460725
9.621475
9.684475
9.78005
9.7917
9.884225
9.912075
162
