0.0551
0.09135
0.14945
0.186325
0.2733
0.414525
0.486275
0.498825
0.50585
0.51675
0.5252
0.52915
0.5379
0.541875
0.5431
0.55125
0.56865
0.5754
0.5755
0.586625
0.6025
0.60915
0.622025
0.6273
0.63955
0.652575
0.654725
0.68495
0.7076
0.7136
0.734975
0.744075
0.75475
0.759825
0.7743
0.78255
0.793025
0.868875
0.87075
0.9014
0.932825
0.9742
0.97955
1.0414
1.05985
1.0636
1.0959
1.12945
1.15255
1.172425
1.20685
1.2394
1.249275
1.2852
1.296625
1.3189
1.3229
1.32615
1.33545
1.394925
1.4811
1.555725
1.681875
1.699325
1.7463
1.791
1.8022
1.9438
2.035075
2.066625
2.1365
2.218025
2.244525
2.2456
2.2467
2.3289
2.3468
2.34795
2.432425
2.482975
2.5115
2.777725
2.821725
2.83105
2.935475
3.0752
3.183725
3.248475
3.427125
3.57785
3.71505
3.8636
3.950625
3.962075
4.082275
4.089425
4.1594
4.2381
4.24465
4.362425
4.52165
4.549225
4.54965
4.59755
4.8032
4.820525
4.863325
4.8882
4.911525
5.3567
5.447425
5.595975
5.59885
5.646875
5.751025
5.880675
5.914075
5.943475
5.975325
6.0381
6.140825
6.17425
6.186
6.40105
6.423275
6.483775
6.54365
6.545225
6.720975
6.727725
6.88455
6.97075
7.0171
7.0619
7.083475
7.19375
7.43725
7.7776
7.8266
8.1926
8.58685
8.775225
8.876375
9.029425
9.223375
9.281775
9.64985
9.74115
9.99475
149
