0.203075
0.2187
0.421
0.45225
0.48255
0.4915
0.500825
0.505975
0.50825
0.519325
0.522325
0.5727
0.59105
0.591425
0.62925
0.676575
0.68765
0.6891
0.6969
0.70355
0.71335
0.7244
0.749775
0.7501
0.75055
0.75655
0.762275
0.794975
0.79705
0.8407
0.85335
0.919425
0.9469
0.97145
1.009025
1.013975
1.10005
1.1253
1.15955
1.18575
1.2401
1.240925
1.293825
1.324275
1.3443
1.350225
1.412775
1.449125
1.4868
1.491875
1.556325
1.634775
1.757375
1.81085
1.878725
1.923875
1.931125
1.946475
1.972725
2.000025
2.081575
2.10555
2.1619
2.163175
2.16435
2.301775
2.36
2.392775
2.432675
2.4508
2.519575
2.54155
2.6324
2.651025
2.719225
2.732425
2.864675
2.9584
2.990525
3.0491
3.226425
3.298475
3.3501
3.490775
3.525375
3.528125
3.6328
3.74785
3.813475
3.86735
3.868975
3.930475
4.094075
4.200175
4.383575
4.440075
4.445925
4.498875
4.50075
4.797275
4.87605
4.9325
4.987975
5.327025
5.3712
5.4867
5.492425
5.50785
5.5435
5.676225
5.984075
5.9997
6.00725
6.0148
6.144825
6.2429
6.352975
6.354325
6.377175
6.395675
6.410775
6.528425
6.61775
6.752425
6.938625
7.4412
7.48515
7.538625
7.6169
7.817525
7.864675
7.921325
7.934775
7.9699
8.193725
8.247025
8.376575
8.415575
8.5404
8.6141
8.7498
9.032975
9.257525
9.363825
9.57445
9.652125
9.846075
147
