0.261
0.28775
0.3007
0.37285
0.377525
0.40525
0.516275
0.516675
0.52505
0.54895
0.550225
0.570925
0.587875
0.594775
0.606925
0.631175
0.638075
0.6529
0.65935
0.676775
0.7124
0.755075
0.75775
0.766075
0.771525
0.78405
0.7864
0.809275
0.818625
0.834325
0.867675
0.8684
0.872375
0.885075
0.888975
0.896625
0.97415
0.984825
1.028725
1.0311
1.044825
1.060775
1.075075
1.079975
1.088025
1.0956
1.10185
1.119025
1.1705
1.1822
1.186825
1.189875
1.19605
1.23545
1.239425
1.278375
1.2944
1.30175
1.364125
1.410775
1.426
1.458625
1.527275
1.52745
1.55305
1.566875
1.56995
1.72935
1.767825
1.818125
1.8428
1.872075
1.9144
2.093275
2.159375
2.162975
2.3208
2.3397
2.4228
2.461775
2.47405
2.475125
2.568975
2.5714
2.6148
2.619925
2.637375
2.858325
2.8666
2.960325
3.065075
3.1478
3.193475
3.221175
3.224625
3.278325
3.343375
3.34675
3.378475
3.39295
3.43195
3.467825
3.536
3.555525
3.612425
3.654475
3.703125
3.712375
3.786025
3.952025
4.0538
4.07535
4.157225
4.180625
4.232
4.269775
4.31075
4.375525
4.399775
4.565775
4.76385
4.769875
4.802525
4.832325
4.84925
5.0364
5.137425
5.17395
5.2876
5.34405
5.714325
5.794275
6.063075
6.168525
6.208175
6.212975
6.323375
6.36725
6.370225
6.397
6.44315
6.453075
6.454025
6.49385
6.558625
6.612625
6.72175
6.831275
6.913775
6.956575
7.176475
7.250875
7.70855
7.72635
8.4409
8.495375
8.71555
8.8184
8.861425
9.19745
9.232
9.2442
9.3098
9.50755
9.731525
9.879775
9.8892
9.94425
168
