0.077825
0.235175
0.43675
0.46005
0.48195
0.488725
0.507375
0.507675
0.525525
0.532125
0.5338
0.54675
0.548375
0.55195
0.558375
0.564
0.56665
0.5778
0.5839
0.593475
0.607675
0.608975
0.609
0.610875
0.6158
0.623625
0.624325
0.6616
0.682775
0.70085
0.73235
0.743625
0.76685
0.792725
0.80755
0.815
0.8604
0.8898
0.91135
0.9425
0.954675
0.9718
1.006125
1.038825
1.048375
1.055225
1.143375
1.17145
1.1745
1.202175
1.206025
1.2232
1.235675
1.2987
1.31965
1.350125
1.36535
1.36745
1.373075
1.454125
1.52785
1.556975
1.571275
1.586475
1.631475
1.632525
1.6703
1.779
1.7795
1.7866
1.82705
1.8433
1.8498
1.858225
1.8762
1.927025
1.93395
2.025025
2.02745
2.034175
2.03545
2.098675
2.2574
2.419025
2.4895
2.51795
2.5365
2.66355
2.857
2.893475
2.98805
3.03585
3.03805
3.081575
3.109
3.145325
3.15285
3.1543
3.191825
3.229575
3.381825
3.400975
3.410625
3.427825
3.44705
3.450075
3.458775
3.4832
3.4907
3.5292
3.57785
3.8291
4.014375
4.049975
4.189875
4.242625
4.250275
4.321975
4.42495
4.452475
4.477325
4.5031
4.663325
4.99455
5.064825
5.1067
5.133025
5.196325
5.400025
5.457075
5.53505
5.74105
5.778275
5.807225
5.90615
6.0267
6.0744
6.112125
6.1713
6.17515
6.248275
6.5
6.513325
7.013475
7.05965
7.111525
7.2102
7.364975
7.395025
7.55495
7.585225
7.6155
7.7466
7.94475
7.956725
8.060025
8.104625
8.52315
8.680125
8.692925
8.943725
9.381775
9.552
9.6375
9.719375
9.794525
9.8564
9.953125
168
