0.455975
0.457625
0.460625
0.481625
0.494875
0.5116
0.52295
0.53235
0.5338
0.541525
0.55335
0.5721
0.572175
0.57725
0.5911
0.598025
0.6089
0.643725
0.67695
0.6779
0.7
0.701025
0.710975
0.76655
0.77605
0.77965
0.79915
0.847075
0.851325
0.85575
0.857025
0.89595
1.0005
1.030225
1.044925
1.12995
1.142025
1.1477
1.15085
1.1796
1.23735
1.267775
1.272775
1.281075
1.292275
1.309
1.339075
1.34645
1.355175
1.369525
1.398
1.441225
1.527675
1.594225
1.67115
1.7121
1.7269
1.822425
1.875075
2.02965
2.0659
2.0937
2.096025
2.1022
2.137725
2.204925
2.21865
2.23125
2.24135
2.286925
2.318975
2.3737
2.463625
2.475325
2.48865
2.5203
2.527475
2.533925
2.5501
2.562925
2.582375
2.789125
2.96865
3.093575
3.18545
3.332825
3.3437
3.346825
3.644425
3.651025
3.671375
3.7179
3.74455
3.759875
3.780275
3.890025
4.1149
4.189375
4.196825
4.24065
4.321975
4.33125
4.358725
4.41505
4.44725
4.450175
4.5847
4.68875
4.754025
4.9896
5.005625
5.018125
5.15085
5.2022
5.24615
5.2877
5.444075
5.7178
5.78005
5.990625
6.04845
6.170875
6.242025
6.307525
6.3106
6.315625
6.345225
6.51435
6.64885
6.7037
6.9626
6.9694
6.98245
7.25695
7.260625
7.312325
7.3457
7.47365
7.6039
7.71965
7.76935
7.874575
7.899625
7.946925
8.13075
8.471725
8.481425
8.5722
8.851025
8.895625
8.9492
8.985375
9.039075
9.0737
9.2149
9.4565
9.508775
9.68855
9.835175
9.853075
160
