0.061175
0.061375
0.08285
0.21465
0.309775
0.486875
0.504675
0.505175
0.507275
0.523925
0.535825
0.54845
0.562775
0.57125
0.573725
0.5747
0.605925
0.6151
0.61595
0.634625
0.646275
0.663025
0.703325
0.71145
0.733625
0.73395
0.759525
0.76365
0.786475
0.8045
0.835375
0.870825
0.88755
0.892025
0.9043
0.9088
0.977675
1.015475
1.02275
1.0353
1.061475
1.067875
1.143225
1.1743
1.1765
1.193875
1.2442
1.365775
1.379075
1.38795
1.41205
1.4217
1.446325
1.472175
1.477725
1.595475
1.596725
1.64085
1.6525
1.758925
1.796925
1.887575
1.95515
2.032525
2.0444
2.077425
2.122725
2.1933
2.279375
2.2939
2.314025
2.325775
2.3491
2.3832
2.388825
2.5131
2.56355
2.59
2.60365
2.638775
2.685125
2.71975
2.7536
2.837375
3.079875
3.2174
3.253725
3.355375
3.3582
3.380225
3.397425
3.42005
3.516275
3.592575
3.66945
3.84955
3.863225
3.92735
3.942475
3.954375
4.0608
4.072325
4.074575
4.082
4.09065
4.270125
4.3407
4.483075
4.59095
4.64975
4.66315
4.752675
4.978275
4.989075
5.020675
5.07355
5.268225
5.32375
5.453775
5.468525
5.4693
5.609025
6.072425
6.148475
6.345325
6.531275
6.588775
7.0351
7.15735
7.4539
7.520725
7.589475
7.6214
7.64105
7.716725
7.7787
7.986575
8.065425
8.10555
8.2016
8.264475
8.277075
8.455025
8.51305
8.602125
9.124675
9.225375
9.3397
9.602175
9.768075
9.8174
9.9665
152
