0.114025
0.184325
0.4274
0.42975
0.438725
0.467525
0.484025
0.4909
0.499675
0.500175
0.50365
0.505825
0.508225
0.528025
0.5315
0.544475
0.55475
0.603875
0.608175
0.613
0.622175
0.628675
0.629975
0.647925
0.67495
0.68045
0.681025
0.691075
0.724875
0.75455
0.763525
0.78845
0.794025
0.80125
0.801425
0.814
0.83705
0.856275
0.857375
0.868825
0.893125
0.90065
0.907225
0.93245
0.95875
1.016825
1.02055
1.0885
1.131
1.1692
1.1836
1.1866
1.2357
1.2686
1.366525
1.4366
1.449075
1.522925
1.59275
1.6233
1.624925
1.654225
1.70135
1.723675
1.8003
1.880875
1.8852
1.899025
1.912825
1.946275
1.9537
2.031125
2.044625
2.083
2.083275
2.1435
2.2263
2.354475
2.392975
2.400125
2.441575
2.515475
2.52025
2.657825
2.659275
2.674875
2.73495
2.7623
2.814025
2.85885
2.94795
3.13135
3.154
3.22335
3.327725
3.566725
3.611675
3.754975
3.853375
3.872625
4.061675
4.100025
4.265825
4.37885
4.41855
4.4331
4.452375
4.575725
4.588975
4.597025
4.610775
4.63085
4.67675
4.701375
4.73445
4.825875
4.924725
4.995525
5.42295
5.59975
5.62035
5.9268
5.92755
6.14215
6.210225
6.507475
6.5106
6.6143
6.637175
6.725925
6.7349
6.80005
6.800075
7.0126
7.09285
7.2114
7.324275
7.639575
7.6919
7.727875
7.8001
7.993825
8.025125
8.0336
8.167325
8.207825
8.2519
8.46995
8.634525
9.03485
9.11305
9.225425
9.3448
9.4039
9.576625
9.63595
9.673275
9.96185
158
