0.10965
0.2704
0.282625
0.3139
0.4225
0.483175
0.5053
0.54005
0.5453
0.5471
0.5494
0.589925
0.60645
0.6186
0.625975
0.62705
0.646125
0.6466
0.65825
0.6653
0.71755
0.75055
0.765725
0.825875
0.8368
0.909525
0.90965
0.913475
0.9201
0.92325
0.9759
1.051
1.05805
1.074225
1.07485
1.09195
1.11965
1.135125
1.1505
1.1577
1.18805
1.192925
1.194175
1.22935
1.23105
1.24245
1.31655
1.333075
1.3555
1.3608
1.374325
1.381575
1.38255
1.5116
1.539825
1.61035
1.6771
1.692275
1.704325
1.7847
1.83445
1.97395
1.9806
2.024925
2.043625
2.085375
2.11825
2.121725
2.1627
2.175025
2.2066
2.209775
2.2428
2.30885
2.310275
2.3949
2.428975
2.628525
2.70495
2.762975
2.793375
2.7967
2.804275
3.007775
3.300925
3.310375
3.320325
3.327925
3.37535
3.37605
3.4217
3.4642
3.603375
3.6572
3.6625
3.67345
3.70635
3.8011
3.862975
3.880475
3.905825
3.993775
4.2973
4.424525
4.4644
4.612525
4.80845
4.8897
4.94375
5.03315
5.069075
5.2666
5.2685
5.312925
5.3739
5.4209
5.553375
5.6652
5.871525
5.89735
5.9845
5.992925
6.0548
6.0939
6.234975
6.27965
6.281775
6.308775
6.39935
6.412325
6.56745
6.588075
6.601525
6.637975
6.63835
6.66305
6.69895
6.699
6.7008
6.78575
6.97395
7.05995
7.141425
7.159825
7.32155
7.372125
7.42325
7.54805
7.567225
7.9717
8.5839
8.806725
8.923425
9.03445
9.21575
9.5557
9.5614
9.570775
9.579
9.60815
9.7181
9.737225
9.79265
9.8419
9.84605
9.962425
166
