0.0321
0.1276
0.2084
0.474075
0.4816
0.48385
0.4839
0.48435
0.490475
0.501925
0.512175
0.5324
0.564225
0.5685
0.568825
0.59515
0.59565
0.6161
0.6594
0.66
0.674325
0.677625
0.6858
0.6917
0.692025
0.697625
0.728675
0.744875
0.7525
0.772325
0.792275
0.79615
0.820025
0.833425
0.84595
0.8518
0.858125
0.882925
0.920825
0.921125
0.939975
0.96325
0.988025
0.995225
1.0075
1.0199
1.05325
1.055225
1.066475
1.0684
1.0687
1.121925
1.155575
1.2388
1.243875
1.2618
1.29095
1.341425
1.352325
1.362775
1.419625
1.494975
1.524325
1.630875
1.743425
1.769475
1.81895
1.8689
1.88735
1.9454
1.954875
1.991325
2.01045
2.071575
2.096
2.142425
2.366875
2.3685
2.449775
2.46415
2.5324
2.60855
2.748425
2.74995
2.827875
2.950825
2.98345
3.061625
3.107125
3.196475
3.2399
3.291325
3.30255
3.355
3.538575
3.58205
3.61845
3.679075
3.681575
3.6832
3.706875
3.792825
3.796025
3.8112
3.828125
3.86135
3.985325
4.035175
4.477525
4.5907
4.719075
4.72885
4.7539
4.779675
5.09105
5.136425
5.2927
5.44315
5.645875
5.7359
5.746
5.979625
6.13375
6.15915
6.2422
6.4395
6.6301
6.909825
7.067925
7.200175
7.312375
7.535425
7.74025
7.805675
7.9442
7.9892
8.021
8.043725
8.047675
8.18975
8.2928
8.31215
8.3306
8.347475
8.38275
8.39265
8.598
8.642075
8.68695
8.74065
8.759875
8.7882
8.90955
8.925525
9.111075
9.231575
9.293
9.3336
9.35495
9.437375
9.642175
9.82885
9.893825
9.929875
9.9698
9.975675
166
