0.231525
0.278775
0.352375
0.4231
0.474075
0.479825
0.4808
0.486175
0.486375
0.49
0.49875
0.503975
0.515575
0.520675
0.5289
0.5455
0.553025
0.560575
0.56095
0.57975
0.591825
0.6032
0.6173
0.62435
0.641075
0.64805
0.6977
0.698175
0.700125
0.707
0.722475
0.727625
0.75565
0.765375
0.766475
0.776075
0.780575
0.78065
0.783675
0.787625
0.7887
0.794475
0.801775
0.8046
0.80935
0.81645
0.845725
0.86315
0.882225
0.920475
0.930175
0.978375
0.990175
1.04165
1.0617
1.089175
1.12055
1.134175
1.15255
1.197175
1.206125
1.2466
1.258375
1.2599
1.31225
1.344225
1.39315
1.421075
1.4924
1.53665
1.537825
1.56175
1.57205
1.6256
1.684375
1.698125
1.742275
1.743325
1.7686
1.795475
1.804975
1.854275
1.881175
1.898325
1.904075
1.976225
1.977475
2.071375
2.076675
2.127625
2.26405
2.31965
2.367425
2.367875
2.389
2.49975
2.53315
2.583725
2.66515
2.69815
2.778775
2.8542
2.915475
2.941025
3.161625
3.16635
3.411225
3.426425
3.442125
3.474375
3.491475
3.530125
3.55685
3.802075
4.032875
4.142475
4.199
4.56185
4.650675
4.669375
4.675475
4.7836
4.7941
4.8977
5.05045
5.06655
5.21825
5.35745
5.516825
5.517175
5.70215
5.780725
5.830725
5.97195
6.13595
6.3107
6.6222
6.653075
6.731025
7.20685
7.518875
7.704375
7.705525
7.792525
7.944
7.991775
8.213825
8.220375
8.527275
8.807775
8.97725
9.258025
9.628675
9.662475
9.6899
9.7843
9.9502
157
