0.093125
0.16985
0.23005
0.28435
0.343275
0.40545
0.407925
0.460725
0.46235
0.48255
0.483875
0.494275
0.5106
0.510625
0.511175
0.51175
0.521275
0.525575
0.573125
0.587525
0.590825
0.593025
0.610075
0.646475
0.6549
0.6553
0.66495
0.669975
0.67875
0.7073
0.73675
0.768625
0.8098
0.818125
0.82485
0.834925
0.84065
0.85255
0.874025
0.875275
0.877875
0.903975
0.91065
0.998225
1.063975
1.0997
1.138625
1.174625
1.19005
1.193175
1.197225
1.26745
1.2866
1.310275
1.3167
1.336425
1.34015
1.45395
1.45615
1.472175
1.50495
1.543875
1.5476
1.708875
1.745625
1.7984
1.7994
1.818575
1.90455
1.973525
2.0884
2.1601
2.250175
2.364175
2.3699
2.457
2.471325
2.521575
2.549225
2.62205
2.66365
2.669525
2.710625
2.755075
2.830925
2.84885
2.851825
2.9264
2.9367
2.9717
3.0111
3.05595
3.126225
3.149425
3.347425
3.38455
3.444575
3.886175
4.0035
4.276225
4.304575
4.390125
4.45525
4.478225
4.4985
4.567675
4.6077
4.68965
4.696225
4.87215
4.91065
5.05635
5.431825
5.471725
5.5018
5.61915
5.831325
5.96335
6.012475
6.042325
6.076075
6.223925
6.244175
6.35925
6.4824
6.773975
6.876925
7.023875
7.02885
7.053
7.1037
7.2103
7.54305
7.656725
7.9733
8.040375
8.0503
8.14715
8.188325
8.199
8.406325
8.6123
8.637275
8.826275
8.853
9.20605
9.23295
9.680675
9.96
9.976125
150
