0.016275
0.045725
0.479475
0.4887
0.500225
0.5062
0.507675
0.514375
0.519625
0.51965
0.524175
0.5243
0.529525
0.5361
0.540775
0.548725
0.58705
0.5886
0.625275
0.636625
0.641325
0.65255
0.6657
0.6768
0.67965
0.682875
0.7025
0.710725
0.725475
0.726275
0.7462
0.750075
0.762375
0.77045
0.78765
0.79155
0.79185
0.7932
0.793825
0.79565
0.811775
0.8284
0.8595
0.860775
0.8639
0.947025
0.94885
0.952225
0.996225
1.080075
1.09565
1.123875
1.139475
1.158075
1.180975
1.27975
1.324025
1.45475
1.462
1.4935
1.494175
1.4983
1.524575
1.545125
1.56105
1.5705
1.573275
1.608125
1.639825
1.639925
1.649475
1.654725
1.666275
1.702375
1.820625
1.83145
1.881525
1.88715
1.93345
1.958825
2.053175
2.0545
2.09115
2.1057
2.162225
2.19255
2.248875
2.25765
2.261625
2.27295
2.34155
2.3947
2.42545
2.512325
2.518225
2.539975
2.5412
2.583775
2.65485
2.677675
2.6867
2.6995
2.74285
2.796925
2.805975
2.82605
2.9033
2.921525
3.1372
3.199475
3.291675
3.46435
3.4702
3.51205
3.613525
3.803175
3.83015
4.12325
4.48305
4.498825
4.561875
4.631925
4.7783
4.790775
4.862175
4.95405
5.1506
5.172425
5.244725
5.25695
5.2918
5.309425
5.407725
5.554
5.75445
5.772025
5.79505
5.973625
6.0085
6.083375
6.147975
6.23415
6.5204
6.606225
6.889175
6.9977
7.007475
7.02425
7.273175
7.3647
7.421175
7.5022
7.53945
7.554975
7.5976
7.66015
7.712575
8.0671
8.072925
8.1139
8.261225
8.286675
8.368325
8.3958
8.445725
8.60155
8.915625
8.94565
8.961825
8.985425
9.004675
9.02195
9.181025
9.396
9.63065
9.635625
9.645525
9.80695
178
