0.027275
0.1998
0.325075
0.368025
0.432975
0.460775
0.476475
0.507175
0.509
0.5106
0.51185
0.5221
0.56605
0.566975
0.569875
0.5747
0.577225
0.584925
0.59045
0.59585
0.59915
0.60325
0.6036
0.609625
0.618025
0.6183
0.6254
0.625525
0.63355
0.6419
0.647175
0.65155
0.6518
0.663575
0.686025
0.6954
0.6966
0.7053
0.7259
0.733775
0.748425
0.7505
0.755275
0.75595
0.783575
0.794425
0.811325
0.822025
0.872025
0.883425
0.886975
0.903225
0.910125
0.96465
0.972725
0.98205
1.016725
1.018
1.018525
1.02865
1.06305
1.101675
1.139725
1.1866
1.2105
1.216575
1.270625
1.3307
1.3328
1.3828
1.406775
1.46405
1.5051
1.6039
1.6417
1.7119
1.8325
1.861625
1.9477
1.96305
1.9891
2.0594
2.062275
2.093425
2.118125
2.1265
2.1348
2.173875
2.199575
2.2802
2.284825
2.29765
2.40855
2.5167
2.521875
2.541675
2.563275
2.6937
2.7103
2.771725
2.817875
2.9025
3.05185
3.183575
3.2196
3.223825
3.28435
3.362775
3.409775
3.8314
3.875525
3.876125
4.015325
4.024175
4.202575
4.2699
4.379575
4.425975
4.454925
4.6066
4.613375
4.6397
4.6559
4.67025
4.722125
4.7396
4.77495
5.064325
5.081025
5.1233
5.1541
5.245725
5.2501
5.2788
5.2845
5.35055
5.4171
5.428275
5.521375
5.5499
5.590475
5.76185
5.8293
6.021575
6.02605
6.1374
6.581825
6.73265
7.007275
7.04585
7.1244
7.124425
7.14695
7.365575
7.38945
7.490475
7.6116
7.688975
7.70755
7.988425
8.202275
8.2682
8.297125
8.34315
8.63435
8.642675
8.766175
9.152025
9.805375
9.998875
170
