0.204075
0.2221
0.3555
0.4371
0.455425
0.466275
0.486225
0.498475
0.509575
0.512925
0.513175
0.51635
0.53775
0.53985
0.552425
0.5611
0.566125
0.591475
0.593425
0.5963
0.6033
0.604625
0.6075
0.609075
0.616825
0.6489
0.65085
0.65315
0.6551
0.666075
0.675275
0.684175
0.691925
0.7022
0.704475
0.77575
0.81735
0.8543
0.893975
0.901
0.93035
0.95225
0.97485
0.9782
0.981025
0.9978
0.997875
1.022325
1.023525
1.029025
1.071325
1.079675
1.124825
1.125775
1.1748
1.187725
1.192
1.1998
1.208425
1.2237
1.32035
1.3668
1.368525
1.38995
1.4423
1.486675
1.487925
1.492925
1.521675
1.557225
1.570275
1.586825
1.61905
1.631325
1.63425
1.63855
1.795525
1.837075
1.863225
1.9486
2.08595
2.110875
2.18705
2.207175
2.210025
2.21535
2.215925
2.36315
2.459975
2.52665
2.5814
2.67805
2.680375
2.693875
2.698375
2.71445
2.72995
2.8266
2.8545
2.887375
2.950725
3.1118
3.111825
3.20295
3.24815
3.3707
3.393575
3.3938
3.41575
3.49015
3.73535
3.75055
3.800725
4.04055
4.0534
4.090175
4.2281
4.24445
4.267225
4.419425
4.505525
4.540425
4.55105
4.68695
4.743675
4.816475
4.92695
4.9419
5.058025
5.197525
5.313225
5.359475
5.4201
5.448425
5.455125
5.621025
5.888275
6.3539
6.39505
6.4076
6.496725
6.5199
6.5302
6.627725
6.65695
6.727175
6.936775
7.194825
7.2941
7.404675
7.609175
7.67715
7.6859
7.690275
7.77565
7.8232
7.9129
7.971375
8.17105
8.186775
8.191075
8.327675
8.35245
8.452775
8.4632
8.46365
8.806225
8.825225
8.873775
9.0182
9.0802
9.103625
9.144475
9.19115
9.321725
9.647925
9.8295
9.843075
9.85255
179
