0.3087
0.417775
0.481775
0.489575
0.493875
0.494725
0.5124
0.51515
0.52455
0.526575
0.52945
0.541275
0.548325
0.5631
0.563425
0.572125
0.574425
0.579075
0.581425
0.585775
0.592825
0.595475
0.628975
0.6342
0.6369
0.638375
0.658075
0.677575
0.6914
0.69245
0.698725
0.703325
0.7124
0.714175
0.727425
0.730925
0.74035
0.74915
0.750075
0.756125
0.76555
0.785425
0.80825
0.8162
0.8251
0.8256
0.826975
0.8381
0.899625
0.90515
0.91295
0.91405
0.923975
0.9505
0.96705
0.96885
1.021875
1.03645
1.0377
1.0574
1.0701
1.078275
1.09685
1.119575
1.161
1.187575
1.214625
1.240325
1.2533
1.270425
1.28635
1.36595
1.402575
1.516375
1.572975
1.65625
1.67475
1.71155
1.728525
1.733925
1.736975
1.74835
1.8103
1.821175
1.87875
1.924775
2.1025
2.189425
2.2804
2.333175
2.395625
2.4579
2.55295
2.59275
2.628725
2.629
2.7158
2.733875
2.736025
2.801175
2.863975
2.868875
3.018775
3.0497
3.051
3.1884
3.252025
3.27535
3.446775
3.452125
3.489575
3.65635
4.021825
4.322725
4.3591
4.38235
4.4006
4.45895
4.511675
4.54565
4.604975
4.7547
5.023225
5.0392
5.1245
5.284725
5.38925
5.3898
5.4614
5.50055
5.52855
5.53665
5.5914
5.6802
5.73865
5.9592
6.013725
6.11795
6.35335
6.58615
6.622875
6.64385
6.802375
6.8636
6.872025
6.9939
7.1819
7.204775
7.42865
7.4959
7.5424
7.606775
7.675325
7.742775
7.909325
8.192525
8.408475
8.5692
8.577175
8.5787
8.82605
8.9945
9.27205
9.915425
164
