0.14595
0.428725
0.456925
0.4874
0.49395
0.49635
0.5222
0.5359
0.536025
0.545575
0.5523
0.553975
0.566025
0.575025
0.602375
0.614225
0.622325
0.65585
0.6627
0.668475
0.677375
0.6956
0.756325
0.759425
0.772575
0.78
0.781875
0.784225
0.786725
0.789825
0.797675
0.797925
0.81555
0.839925
0.861525
0.88035
0.885075
0.892475
0.9105
0.92455
0.954175
0.95955
0.99195
1.038075
1.042325
1.048425
1.04935
1.1185
1.1417
1.172525
1.1754
1.184275
1.186875
1.19505
1.208775
1.232075
1.23245
1.25735
1.309525
1.352975
1.4093
1.4397
1.44885
1.4533
1.52445
1.64015
1.648175
1.69685
1.73375
1.75345
1.774775
1.804325
1.870875
1.9267
2.0229
2.041675
2.106275
2.116525
2.203
2.2154
2.226975
2.3435
2.389325
2.401175
2.43685
2.5348
2.597775
2.660825
2.701625
2.77065
2.8561
2.961
3.010275
3.0257
3.140575
3.3926
3.458325
3.65695
3.879825
3.936825
4.072325
4.3513
4.43
4.494025
4.642375
4.687725
4.71855
4.793025
4.8251
4.87525
4.909225
4.93525
5.0779
5.098775
5.304175
5.316125
5.3361
5.4661
5.50965
5.600875
5.7593
5.75975
5.801825
5.882925
5.9409
5.947075
5.9729
6.071825
6.475625
6.506575
6.86595
6.90615
6.908125
6.997875
7.15055
7.332425
7.346325
7.624375
7.680825
7.754325
8.07125
8.456675
8.582875
8.628125
8.668975
8.737225
8.910925
8.9552
8.9812
9.222525
9.33155
9.37315
9.49505
9.50005
9.747225
9.823025
9.8251
9.957325
9.98525
159
