0.047025
0.192675
0.3164
0.4245
0.45145
0.4541
0.477325
0.49685
0.5296
0.55015
0.5573
0.560825
0.561175
0.563375
0.5756
0.587575
0.621225
0.639275
0.654525
0.656675
0.6584
0.66005
0.672975
0.6782
0.681575
0.685475
0.688325
0.694625
0.6952
0.700525
0.722925
0.723775
0.732475
0.73325
0.73525
0.73925
0.7758
0.79325
0.824275
0.830025
0.832225
0.845525
0.8505
0.873275
0.9199
0.933175
0.94115
0.952675
0.96775
0.970025
0.9824
0.993625
1.0146
1.030725
1.034475
1.0648
1.072025
1.09145
1.09985
1.1077
1.118525
1.131425
1.18295
1.212775
1.252725
1.272225
1.2803
1.305475
1.36
1.3965
1.397525
1.439325
1.478025
1.484325
1.50505
1.6009
1.6492
1.660725
1.68985
1.70615
1.761475
1.890575
1.92945
1.9458
2.012775
2.081825
2.1213
2.1331
2.26665
2.346075
2.37335
2.37415
2.379875
2.388525
2.4883
2.526125
2.56185
2.588375
2.617675
2.701925
2.9769
3.0057
3.208625
3.26185
3.27915
3.297225
3.39245
3.39575
3.442125
3.5097
3.53
3.602125
3.719475
3.754425
3.80015
3.850125
3.85825
4.073875
4.261875
4.322975
4.416875
4.49555
4.5004
4.530825
4.827375
4.83285
4.851425
4.89315
4.901975
4.970425
5.00515
5.005175
5.0222
5.08725
5.206925
5.241325
5.274325
5.301025
5.366775
5.609
5.77935
5.84185
5.8425
5.86705
5.9268
6.02
6.2116
6.361775
6.394525
6.6059
6.66805
6.722975
6.768825
6.8508
6.899025
7.0434
7.447975
7.4811
7.4907
7.4922
7.5332
7.6058
7.81135
7.826325
8.002875
8.007175
8.3516
8.400125
8.524575
8.531025
8.6333
8.7094
8.7949
8.824075
9.4256
9.518
9.67715
9.896275
9.9414
179
