0.14945
0.307175
0.437525
0.4976
0.504875
0.52085
0.52385
0.5247
0.535725
0.5365
0.54145
0.579375
0.579825
0.581125
0.592725
0.614075
0.62775
0.63785
0.638975
0.652475
0.681675
0.682425
0.691575
0.6998
0.720225
0.7226
0.727725
0.728675
0.7432
0.7521
0.78605
0.7987
0.806325
0.82215
0.8493
0.884625
0.9165
0.940775
0.947025
0.98675
1.04475
1.050525
1.08715
1.098825
1.116575
1.126775
1.133475
1.14095
1.15755
1.160425
1.1997
1.251875
1.323175
1.3268
1.418875
1.430625
1.4406
1.448675
1.469275
1.502525
1.549075
1.580475
1.585675
1.64095
1.6749
1.713525
1.778375
1.8644
1.9368
1.9572
1.985075
2.0931
2.11175
2.155025
2.17415
2.194525
2.224425
2.23105
2.232025
2.293725
2.32345
2.375275
2.424675
2.506725
2.5072
2.514125
2.52615
2.571375
2.625075
2.6572
2.798875
2.95265
2.9933
3.143825
3.38915
3.48545
3.850625
4.0127
4.058
4.21775
4.246975
4.259975
4.2837
4.3546
4.46895
4.82925
4.953475
4.977725
5.27725
5.2879
5.62605
5.685075
5.70735
5.707525
5.92995
6.07935
6.427125
6.47585
6.62085
6.673975
6.7327
6.9069
6.9397
6.944025
7.185125
7.21855
7.50565
7.745225
7.74945
7.8565
7.87165
8.050025
8.122025
8.171025
8.2527
8.38245
8.495875
8.52065
8.558375
8.977575
8.9879
9.138575
9.1543
9.22225
9.3937
9.39865
9.574
9.6018
9.6329
9.7494
150
