0.381475
0.45025
0.49935
0.533725
0.5353
0.541975
0.555575
0.55975
0.581375
0.584825
0.597825
0.614775
0.63695
0.643325
0.65015
0.660375
0.664625
0.675075
0.681825
0.718775
0.73695
0.758375
0.762775
0.766925
0.768575
0.769075
0.779225
0.843425
0.85285
0.930025
0.952025
0.9623
0.96835
0.9737
1.0059
1.022125
1.03095
1.054525
1.068025
1.0992
1.127925
1.1309
1.131975
1.1476
1.179175
1.180725
1.19075
1.20945
1.21425
1.2751
1.323825
1.33025
1.3446
1.366725
1.411525
1.4456
1.538975
1.553475
1.588925
1.58905
1.6575
1.68575
1.69355
1.77805
1.793375
1.83655
1.902725
1.91315
1.928025
2.087375
2.127125
2.159775
2.236625
2.386375
2.394375
2.406625
2.417325
2.673825
2.7872
2.8137
2.904375
2.9297
3.032475
3.13255
3.15275
3.48235
3.555425
3.6577
3.837925
3.89455
3.93425
4.0238
4.106725
4.114925
4.127975
4.142325
4.242625
4.3802
4.696975
4.731375
4.79905
5.130425
5.359175
5.3908
5.805675
5.808325
6.035
6.12345
6.168975
6.17375
6.4094
6.649525
6.6525
6.83565
6.890875
6.919175
7.05035
7.08275
7.17685
7.321475
7.584275
7.614275
7.855575
7.8885
8.05795
8.06255
8.3847
8.449375
8.554575
8.6348
8.831525
8.900975
9.3177
9.323925
9.655725
9.98935
136
