0.26555
0.331075
0.48405
0.4967
0.505125
0.505425
0.51005
0.51995
0.5275
0.55615
0.563675
0.57785
0.5805
0.587125
0.60985
0.6138
0.615725
0.616425
0.6179
0.620775
0.67765
0.68
0.6805
0.706625
0.729
0.752425
0.77195
0.7999
0.831175
0.83225
0.83655
0.843375
0.862675
0.88005
0.883775
0.89535
0.913025
0.9212
0.926925
0.9271
0.935375
0.94735
0.952825
0.967725
1.0586
1.069125
1.08425
1.136175
1.157875
1.1799
1.228075
1.24695
1.258225
1.290175
1.3129
1.3284
1.3351
1.3445
1.35855
1.37305
1.393025
1.418525
1.419025
1.43575
1.439075
1.452725
1.4877
1.518375
1.6156
1.66725
1.69555
1.721775
1.808375
1.813875
1.822175
1.856175
1.951825
1.98965
2.011375
2.078725
2.15645
2.20345
2.235875
2.240725
2.278025
2.29
2.328825
2.41255
2.421275
2.502475
2.56975
2.6276
2.633575
2.6394
2.693475
2.7664
2.78045
2.788625
2.976275
2.99605
3.031
3.07925
3.154025
3.191025
3.2108
3.2608
3.265275
3.294425
3.351
3.35995
3.428125
3.5247
3.58475
3.604925
3.6417
3.643425
3.657275
3.69805
3.74205
3.76745
3.800575
3.935175
4.0701
4.087125
4.0892
4.095475
4.102475
4.1721
4.343325
4.345825
4.4418
4.4614
4.48055
4.64885
4.89755
5.117475
5.167375
5.356925
5.358025
5.507675
5.7399
5.77075
5.885025
6.12555
6.1547
6.4339
6.500225
6.55125
6.57385
6.707675
6.77335
6.90595
6.9154
6.983675
7.0441
7.0699
7.28755
7.3002
7.3816
7.469225
7.472175
7.5907
8.036925
8.57125
8.616025
8.8414
8.942175
8.996
9.104925
9.1853
9.295625
9.296475
9.65755
9.6832
9.934825
175
