0.354775
0.460225
0.478525
0.5047
0.5179
0.5318
0.5344
0.555125
0.5779
0.59645
0.63435
0.649525
0.658025
0.65925
0.6752
0.687625
0.6906
0.6995
0.7001
0.7058
0.70965
0.725075
0.728
0.7305
0.739725
0.7595
0.77755
0.784425
0.79305
0.8037
0.804425
0.81005
0.812975
0.8403
0.853725
0.8904
0.89335
0.9395
0.9446
0.945875
0.946775
0.9564
0.96795
0.980225
0.99475
1.01235
1.021575
1.0351
1.0409
1.042
1.0489
1.05225
1.066325
1.096625
1.201325
1.219825
1.2203
1.23975
1.35005
1.353125
1.373725
1.40745
1.501925
1.5184
1.537475
1.596425
1.60575
1.6202
1.6264
1.693525
1.698275
1.736925
1.790275
1.850625
1.96425
2.0022
2.0303
2.041
2.126025
2.152275
2.154525
2.155475
2.2066
2.2181
2.244275
2.290725
2.34165
2.350525
2.3941
2.432975
2.435475
2.5295
2.579625
2.58945
2.60185
2.617825
2.6692
2.685675
2.84645
2.99755
3.182375
3.253025
3.30415
3.36935
3.396275
3.522475
3.554175
3.573825
3.6171
3.731425
3.74675
3.8997
3.9074
3.926425
4.014475
4.177575
4.235175
4.247575
4.3205
4.49115
4.56575
4.642375
4.8798
4.94435
5.12735
5.408775
5.424375
5.55935
5.611525
5.738775
5.91305
6.05655
6.066175
6.121825
6.313925
6.320125
6.440525
6.683375
6.7383
6.99335
6.994225
7.2899
7.47805
7.818575
8.05245
8.1706
8.175425
8.269775
8.3148
8.444275
8.489225
8.823475
8.8547
8.937075
8.9981
9.350325
9.37195
9.4966
9.59295
9.73065
9.765725
161
