0.084825
0.154025
0.3087
0.423975
0.470225
0.488725
0.4961
0.50465
0.523875
0.53305
0.538425
0.5516
0.553025
0.560375
0.56835
0.5916
0.6133
0.6162
0.6232
0.6339
0.6342
0.64415
0.65415
0.664575
0.668075
0.67475
0.6914
0.717625
0.727725
0.7383
0.750575
0.768525
0.80365
0.8056
0.811275
0.81675
0.821675
0.85915
0.86885
0.87755
0.8856
0.887175
0.916975
0.9272
0.96675
1.00585
1.05685
1.09595
1.120475
1.1602
1.16085
1.164125
1.1782
1.253475
1.3117
1.330475
1.381225
1.38135
1.400425
1.40365
1.4284
1.43525
1.47995
1.483875
1.516075
1.6674
1.678025
1.69045
1.711075
1.765225
1.7846
1.810125
1.8202
1.854275
1.9248
1.941075
2.0641
2.0829
2.10255
2.164925
2.17615
2.2315
2.31205
2.315975
2.33785
2.389675
2.460725
2.482575
2.62455
2.6749
2.710125
2.726425
2.7508
2.8519
2.8549
2.865325
2.898675
2.915525
3.046
3.1131
3.209075
3.2413
3.276025
3.439275
3.454875
3.524925
3.529
3.544475
3.6564
3.713475
3.754975
3.79325
3.82935
3.895225
3.994275
4.04645
4.05035
4.05445
4.107975
4.195625
4.238
4.27445
4.34065
4.38055
4.501
4.5607
4.7062
5.102875
5.372275
5.454475
5.4599
5.51935
5.6378
5.680075
5.7356
5.969675
5.969725
6.04285
6.06175
6.11115
6.18255
6.3176
6.520075
6.628525
6.637825
6.76205
6.799575
6.8416
7.03375
7.093325
7.199725
7.34725
7.3504
7.356075
7.5692
7.63205
7.777475
7.899925
8.1104
8.115325
8.3116
8.320825
8.4923
8.5783
8.819175
8.919175
9.06415
9.102425
9.4846
9.51305
9.604325
171
