0.472175
0.476325
0.51305
0.517825
0.523725
0.524125
0.52625
0.526925
0.535825
0.553925
0.554175
0.5626
0.57175
0.5943
0.603675
0.6374
0.6478
0.65655
0.67105
0.674775
0.681675
0.69375
0.700675
0.724975
0.733625
0.73435
0.738825
0.77075
0.77695
0.819475
0.826125
0.84775
0.851875
0.856375
0.872925
0.89065
0.899375
0.923725
0.92585
0.955325
0.97035
1.00395
1.053175
1.08755
1.13875
1.1789
1.1848
1.2215
1.225075
1.233175
1.24415
1.33155
1.345675
1.376025
1.39735
1.412675
1.434225
1.4814
1.4918
1.52345
1.620425
1.626475
1.6574
1.7178
1.770475
1.804975
1.84165
1.90895
1.992025
2.027075
2.037525
2.1128
2.141825
2.15435
2.273575
2.349675
2.3864
2.39335
2.431725
2.4839
2.511225
2.51275
2.584125
2.7142
2.894075
2.963575
3.130125
3.244925
3.24765
3.2861
3.3482
3.35235
3.41455
3.438
3.498725
3.521475
3.535025
3.577775
3.5837
3.6017
3.6394
3.649575
3.6907
3.74185
3.833275
3.847025
3.885675
3.9766
4.024075
4.111175
4.1443
4.14855
4.185375
4.23545
4.2704
4.30865
4.361575
4.517675
4.600725
4.60425
4.615425
4.668
4.754275
4.764425
4.872575
5.0836
5.0849
5.12675
5.1468
5.208625
5.306025
5.401175
5.512425
5.712775
5.846575
5.849175
5.865625
5.87565
5.87715
5.90955
5.997025
6.050675
6.182025
6.21635
6.309425
6.3432
6.371475
6.3955
6.461575
6.480175
6.62445
6.79145
6.86055
6.884275
6.924925
7.055675
7.0703
7.0864
7.133025
7.333125
7.34485
7.411975
7.5276
7.6688
7.727175
7.772025
7.852925
7.897325
7.97125
8.214925
8.4989
8.5192
8.5444
8.574625
8.68145
8.831125
8.871475
8.99605
9.031675
9.146125
9.17835
9.3278
9.467
9.6067
9.80565
9.85655
9.966375
187
