0.02265
0.094725
0.207675
0.250375
0.406675
0.47315
0.5008
0.505225
0.50905
0.52215
0.52855
0.546275
0.551325
0.551625
0.5561
0.571325
0.593075
0.6069
0.634
0.64965
0.67145
0.6788
0.681575
0.688375
0.6988
0.70735
0.726925
0.750475
0.781975
0.82775
0.83855
0.84265
0.8467
0.887175
0.908225
0.9296
0.9643
0.97215
1.0111
1.028075
1.028825
1.1158
1.140275
1.15145
1.19165
1.278425
1.286
1.3374
1.349175
1.36935
1.38635
1.387175
1.398825
1.41785
1.4193
1.443475
1.4439
1.472375
1.476225
1.5354
1.5738
1.57735
1.58345
1.610025
1.620975
1.794675
1.9556
2.108275
2.126375
2.387725
2.56705
2.572125
2.613775
2.623825
2.666375
2.734275
2.764675
2.889725
2.894875
2.96195
3.0001
3.0103
3.022975
3.026575
3.02685
3.08925
3.183025
3.2202
3.24065
3.28925
3.304975
3.511275
3.5197
3.535925
3.542525
3.61765
3.653525
3.6815
3.708725
3.730075
3.738625
3.8193
3.8527
3.9157
4.0603
4.1291
4.298025
4.3114
4.318525
4.328775
4.48235
4.694875
4.825675
4.885975
4.917325
5.083575
5.12445
5.34435
5.430025
5.491425
5.5742
5.6068
5.628575
5.639225
5.7074
6.0248
6.1581
6.211725
6.23575
6.515175
6.531775
6.5625
6.569275
6.5911
6.686775
6.752525
6.7733
6.77885
7.15295
7.255625
7.55055
7.7395
7.903225
7.908725
8.09565
8.558225
8.5724
8.591625
8.84945
8.929175
8.932725
9.072275
9.080975
9.09705
9.11695
9.282175
9.4835
9.533675
9.763675
9.843575
9.91715
161
