0.012925
0.306675
0.31225
0.3569
0.492625
0.492675
0.52085
0.529775
0.531925
0.532825
0.538525
0.547975
0.5482
0.54825
0.5488
0.5584
0.5626
0.562975
0.565475
0.6062
0.618425
0.62625
0.639475
0.642425
0.651725
0.6934
0.7034
0.70515
0.762075
0.766475
0.79635
0.8169
0.820925
0.93115
0.938375
0.961475
0.965225
0.998625
1.0017
1.0038
1.064475
1.0855
1.10415
1.134475
1.13675
1.170625
1.19955
1.21105
1.23825
1.2548
1.26665
1.2747
1.290725
1.3068
1.35305
1.39015
1.408375
1.42915
1.451375
1.4771
1.514825
1.559225
1.7095
1.794225
1.862275
1.86835
1.870525
1.923375
1.93
1.935425
1.9473
1.96925
2.159925
2.282925
2.3257
2.37525
2.40115
2.56155
2.566875
2.678925
2.69355
2.73815
2.815225
2.9506
2.9655
3.031225
3.048625
3.0966
3.144325
3.15225
3.242625
3.282575
3.375225
3.4368
3.514375
3.58005
3.653275
3.659925
3.784125
3.9363
4.1904
4.21725
4.558675
4.614925
4.618825
4.65575
4.714
4.95235
4.982875
5.090275
5.10925
5.25685
5.297575
5.38745
5.538675
5.667025
5.704575
5.864025
6.0239
6.025025
6.077425
6.22615
6.22925
6.27765
6.4145
6.762075
6.81435
6.850975
6.903375
7.3834
7.47895
7.684075
8.1998
8.2752
8.35255
8.39855
8.58335
8.656025
8.804275
8.8335
9.047
9.170025
9.1981
9.3779
9.71905
9.950975
9.9614
147
