0.09915
0.24575
0.380775
0.393975
0.426725
0.44915
0.482525
0.50215
0.52175
0.524325
0.5494
0.56625
0.567275
0.57805
0.58715
0.592625
0.5975
0.61265
0.628325
0.652975
0.6554
0.655875
0.661675
0.67
0.723
0.74075
0.7464
0.7487
0.7523
0.759775
0.773725
0.77945
0.792225
0.7987
0.800075
0.816125
0.816825
0.852625
0.8564
0.863475
0.88065
0.88255
0.8934
0.905425
0.95835
0.9999
1.0192
1.0275
1.03785
1.18305
1.225775
1.23155
1.232325
1.242675
1.32895
1.330975
1.369625
1.42025
1.436825
1.4615
1.463125
1.527975
1.5558
1.56905
1.594625
1.62085
1.628875
1.652925
1.72245
1.77405
1.818275
1.8375
1.88655
1.907825
1.9358
1.959475
1.9736
1.9921
2.0483
2.10705
2.117525
2.154325
2.392225
2.548325
2.60955
2.657125
2.712875
2.8536
2.856275
2.8832
2.910375
2.9591
3.0109
3.0382
3.11955
3.176325
3.262525
3.281675
3.306225
3.324575
3.418925
3.42485
3.432425
3.563775
3.650475
3.7113
3.761925
3.86485
3.904225
4.045775
4.048975
4.192475
4.234025
4.306825
4.31555
4.420525
4.4342
4.435275
4.467325
4.469975
4.602525
4.62185
4.626275
4.7
4.77165
4.921025
4.941875
4.942975
5.09995
5.25235
5.3161
5.410225
5.537125
5.638425
5.8959
5.9293
5.931575
6.0026
6.027375
6.0474
6.05495
6.141675
6.150025
6.34665
6.39785
6.4823
6.61305
6.665075
6.6747
6.739325
6.94205
7.056875
7.142625
7.155775
7.28195
7.28285
7.3475
8.218825
8.282475
8.5565
8.926275
9.005925
9.11185
9.17555
9.300925
9.548475
9.611275
9.680575
9.805175
9.87065
9.87285
9.999975
172
