0.08185
0.2458
0.33175
0.365575
0.45085
0.461575
0.480625
0.4831
0.49355
0.502275
0.5027
0.5044
0.505525
0.51095
0.512625
0.529775
0.535575
0.540825
0.546725
0.546825
0.549875
0.568375
0.57395
0.5905
0.5933
0.6069
0.609375
0.622775
0.6562
0.656975
0.66275
0.710425
0.739475
0.794925
0.820675
0.828775
0.83335
0.83465
0.8386
0.839725
0.84635
0.8816
0.9079
0.968375
0.96855
0.978375
0.985525
0.991875
1.00765
1.027125
1.056725
1.058575
1.068025
1.0943
1.147325
1.148275
1.1628
1.312525
1.3312
1.375325
1.45985
1.58815
1.594675
1.69365
1.787075
1.82985
2.006225
2.049
2.0997
2.171025
2.1816
2.2671
2.2801
2.303175
2.32385
2.3413
2.491725
2.506475
2.53585
2.598225
2.619675
2.681425
2.736425
3.030825
3.0642
3.1101
3.240075
3.40785
3.45185
3.4991
3.5347
3.582875
3.6097
3.728275
3.7344
3.746225
3.9535
4.164725
4.196025
4.212025
4.3216
4.350775
4.362475
4.4026
4.4472
4.487125
4.582575
4.609675
4.697975
4.73565
4.738025
4.85115
4.93905
4.9492
5.102125
5.140575
5.142825
5.18295
5.299175
5.3375
5.408325
5.414075
5.42285
5.630625
5.6423
5.7441
5.75025
5.781325
5.92
5.92215
5.945025
5.9554
6.011
6.051075
6.1537
6.22565
6.27245
6.3049
6.543875
6.626175
6.667975
7.11305
7.4078
7.49405
7.785975
7.893875
7.99085
8.024325
8.100325
8.23285
8.404775
8.44715
8.476225
8.7257
8.757075
8.764675
8.85515
9.0283
9.05135
9.0542
9.074
9.0763
9.153075
9.20465
9.210475
9.293075
9.420625
9.43725
9.5116
9.774675
9.9575
9.95775
172
