0.3225
0.436375
0.462775
0.469975
0.47145
0.4768
0.4783
0.480225
0.49035
0.527875
0.53035
0.542975
0.5719
0.5911
0.597375
0.599225
0.605975
0.60945
0.614425
0.652725
0.65535
0.662
0.694375
0.69675
0.712875
0.731775
0.7377
0.74695
0.771175
0.771775
0.776425
0.78205
0.84305
0.8461
0.848075
0.895175
0.9023
0.903125
0.9097
0.91195
0.9213
0.921925
0.9389
0.9769
0.99365
1.023275
1.035275
1.090025
1.096575
1.1056
1.106
1.13555
1.173025
1.238175
1.262925
1.286675
1.302475
1.31285
1.38385
1.38565
1.548425
1.572025
1.5729
1.587325
1.668875
1.719725
1.83305
1.871675
1.90705
1.9414
2.021325
2.197425
2.218125
2.26455
2.28555
2.29645
2.306475
2.326875
2.342425
2.3474
2.41435
2.4543
2.472175
2.5114
2.624025
2.656575
2.843575
2.908975
3.302725
3.34675
3.3607
3.439875
3.7314
3.798875
3.8087
3.829675
3.855475
4.0721
4.07795
4.09385
4.2568
4.8973
4.938675
5.146875
5.27075
5.294125
5.402525
5.458375
5.47595
5.611925
5.6459
5.701875
5.99625
6.0563
6.070325
6.081975
6.26755
6.2841
6.32695
6.56605
6.6258
6.626
6.756325
6.83915
7.177925
7.2085
7.5001
7.7084
7.860025
8.16815
8.1702
8.233275
8.27485
8.360125
8.4886
8.507275
8.57625
8.59575
8.729925
9.2489
9.337225
9.357
9.400825
9.405275
9.43665
9.8195
146
