0.028675
0.24635
0.3977
0.4414
0.4787
0.49565
0.4972
0.50135
0.508825
0.52025
0.522475
0.529925
0.531325
0.53515
0.540575
0.549425
0.552325
0.56115
0.566225
0.573975
0.574825
0.576625
0.58195
0.615425
0.61725
0.625225
0.633025
0.6334
0.636025
0.645225
0.658575
0.7326
0.74335
0.748575
0.753
0.7746
0.779325
0.792625
0.84325
0.856
0.860075
0.8629
0.874375
0.87545
0.883325
0.88705
0.902275
0.917425
0.926225
0.9319
0.9358
1.0476
1.0699
1.103
1.123425
1.12425
1.143475
1.158175
1.173725
1.213525
1.25675
1.310875
1.317575
1.3527
1.3739
1.48085
1.511875
1.57765
1.5919
1.5963
1.7406
1.744325
1.7801
1.8487
1.889475
1.92535
2.096575
2.242925
2.28485
2.325625
2.38465
2.388725
2.517475
2.555225
2.624675
2.625775
2.64145
2.6819
2.7491
2.790675
2.80735
2.809475
2.8129
2.98905
3.0372
3.040025
3.09845
3.1254
3.254125
3.39915
3.43675
3.488575
3.490375
3.508225
3.57205
3.785375
3.7962
3.8128
3.8403
3.9314
4.01395
4.155625
4.21085
4.338
4.34705
4.4054
4.68985
4.768375
4.780025
4.952975
4.967425
4.9703
5.035025
5.074425
5.183425
5.220875
5.3702
5.414225
5.45875
5.592275
5.69705
5.900675
5.919775
5.9476
5.974225
6.0787
6.253375
6.310325
6.744575
7.021075
7.0796
7.1748
7.23485
7.236475
7.38655
7.496375
7.751175
7.78405
7.849775
7.993
8.0334
8.351275
8.3662
8.41585
8.57605
8.636775
8.8584
8.866875
8.99705
9.03185
9.0767
9.124575
9.246825
9.3042
9.55555
9.6114
9.673775
9.705275
9.84935
9.8564
170
