0.1442
0.323375
0.332625
0.444975
0.46215
0.462375
0.50255
0.50425
0.510475
0.51485
0.51715
0.52615
0.541675
0.56255
0.58055
0.613225
0.614325
0.6216
0.637575
0.648075
0.673675
0.68245
0.6846
0.7123
0.71615
0.7167
0.73315
0.74195
0.788575
0.817875
0.82065
0.82695
0.832
0.864775
0.867475
0.875025
0.876725
0.882475
0.9078
0.952825
0.9609
0.968025
1.02685
1.045025
1.0464
1.0703
1.0796
1.12185
1.13635
1.141425
1.2097
1.2277
1.272025
1.281175
1.328
1.36735
1.372425
1.46515
1.553475
1.6366
1.667475
1.7051
1.76185
1.78595
1.89225
2.024025
2.056475
2.1761
2.1823
2.21235
2.21305
2.395075
2.590425
2.74325
2.74685
2.855375
2.940875
2.953375
3.009475
3.28
3.303375
3.33625
3.513875
3.607
3.762875
3.860475
3.92385
3.967525
3.99425
4.00275
4.03765
4.1482
4.15275
4.168425
4.198675
4.246225
4.353925
4.36275
4.44655
4.494825
4.616325
4.870475
5.0348
5.1233
5.27975
5.3923
5.397275
5.399975
5.601225
5.94745
6.12385
6.1436
6.2114
6.46925
6.649775
6.6553
6.742475
7.0019
7.34685
7.360325
7.38515
7.545925
7.68795
7.757625
8.414425
8.430425
8.623675
8.7322
8.895625
8.926725
8.93055
9.047325
9.1036
9.114475
9.317675
9.412425
9.4375
9.501725
9.6691
9.676875
9.707275
9.874975
142
