0.011675
0.081025
0.450125
0.473025
0.474075
0.4934
0.494225
0.500125
0.507475
0.50765
0.528425
0.550125
0.560425
0.577775
0.582975
0.58815
0.60125
0.614875
0.616
0.62205
0.640225
0.6511
0.654525
0.662025
0.668475
0.678675
0.691775
0.692675
0.70015
0.701975
0.705425
0.72035
0.730025
0.7504
0.7535
0.7559
0.758975
0.7849
0.792875
0.811925
0.819575
0.838825
0.838875
0.845975
0.846125
0.855075
0.8608
0.89745
0.9669
0.980075
0.990725
0.996275
0.999725
1.011275
1.016
1.030175
1.032675
1.0354
1.08165
1.08275
1.08925
1.093875
1.1381
1.2243
1.28565
1.342675
1.4023
1.459425
1.48705
1.500025
1.50135
1.541275
1.55325
1.556375
1.664225
1.733125
1.736275
1.77715
1.8272
1.905975
1.976375
2.03545
2.0479
2.0494
2.057975
2.077925
2.11675
2.14255
2.1525
2.178575
2.33495
2.40215
2.4115
2.44255
2.4968
2.6507
2.655325
2.670325
2.6755
2.711625
2.741125
2.9332
2.9873
3.1457
3.150725
3.161425
3.37315
3.5031
3.54985
3.587725
3.63425
3.748625
3.8751
3.9491
4.05235
4.08945
4.194875
4.2454
4.2537
4.2711
4.296625
4.423075
4.619925
4.622675
4.629925
4.700425
4.862025
4.87165
5.03205
5.16375
5.200625
5.21085
5.37395
5.613225
5.6439
5.66475
5.73255
5.76005
5.83795
5.86015
6.005575
6.0187
6.15205
6.154525
6.17345
6.30465
6.321025
6.33015
6.362175
6.382625
6.693025
6.749625
6.81755
6.82995
6.878725
7.017725
7.02205
7.1916
7.337175
7.5549
7.614025
7.62055
7.841225
7.84965
7.85555
8.0854
8.108225
8.132325
8.21825
8.26655
8.3365
8.386075
8.7431
8.8904
9.044225
9.1815
9.2827
9.43115
9.624425
9.630825
9.724825
9.74895
9.837225
9.8645
9.9251
185
