0.217775
0.4526
0.4549
0.4581
0.488925
0.5061
0.50655
0.5143
0.51585
0.52145
0.52165
0.5448
0.55725
0.55965
0.566675
0.567875
0.596175
0.596275
0.631475
0.642375
0.653975
0.66805
0.6798
0.69025
0.709925
0.734475
0.74905
0.7604
0.77525
0.7777
0.7814
0.809225
0.8217
0.824
0.82505
0.826425
0.841875
0.847975
0.85225
0.852525
0.885275
0.96105
1.0098
1.023075
1.04785
1.052875
1.15495
1.156725
1.1892
1.2043
1.204325
1.213475
1.252075
1.30895
1.315625
1.31615
1.37185
1.405475
1.40975
1.44405
1.479
1.482375
1.53595
1.547025
1.552575
1.585475
1.598875
1.7561
1.7603
1.76585
1.784175
1.866575
1.8863
1.89635
1.96755
1.982675
1.98695
2.074775
2.14575
2.1621
2.2305
2.2429
2.326975
2.377625
2.398
2.416375
2.42355
2.45235
2.501725
2.50655
2.572775
2.6657
2.695025
2.782325
2.908575
2.918325
3.0473
3.064375
3.16175
3.170525
3.234
3.343075
3.364375
3.421325
3.48215
3.59465
3.671425
3.7037
3.712875
3.714525
3.7376
3.76825
3.876175
4.012875
4.130475
4.19315
4.20835
4.221475
4.258375
4.304
4.49265
4.54725
4.57105
4.6442
4.7551
5.043925
5.0595
5.2369
5.2475
5.36875
5.379
5.3849
5.4124
5.4375
5.588675
5.738575
5.754625
5.8443
5.855475
5.9766
6.090525
6.238775
6.339425
6.383925
6.3918
6.67595
6.7639
6.802525
6.998175
7.055825
7.51375
7.6319
7.773675
7.8536
7.87635
8.1394
8.508225
8.523925
8.699725
8.8199
8.8253
8.829425
8.986575
9.129825
9.24525
9.523725
9.589175
9.638425
9.93115
169
