0.029475
0.309
0.417075
0.4367
0.464425
0.47795
0.491625
0.494325
0.53565
0.53815
0.542
0.543625
0.5573
0.582425
0.58665
0.5912
0.59335
0.6008
0.605275
0.616225
0.6216
0.629425
0.644125
0.65995
0.673075
0.6777
0.684425
0.7146
0.733375
0.752
0.753325
0.7642
0.768375
0.7831
0.79105
0.8031
0.822175
0.822575
0.826825
0.845075
0.850025
0.860175
0.86715
0.8728
0.893325
0.8967
0.907175
0.9126
0.925325
0.9506
0.95155
0.969025
0.994275
1.01075
1.022375
1.0816
1.2347
1.2547
1.336625
1.4065
1.524675
1.552975
1.561225
1.60335
1.617175
1.6492
1.6883
1.7589
1.78125
1.80515
1.84575
1.8479
1.8988
2.0463
2.17735
2.18565
2.245075
2.522825
2.53025
2.60935
2.624575
2.6524
2.70205
2.76335
2.79785
2.79955
2.827575
2.843625
2.850475
2.871625
2.8877
2.895575
3.008225
3.04355
3.2594
3.2725
3.438725
3.70185
3.996725
4.0782
4.3181
4.374475
4.40465
4.467875
4.482725
4.641075
4.666
4.86895
4.93785
4.9455
5.0508
5.06955
5.074875
5.30705
5.33485
5.413425
5.507
5.533
5.5436
5.6767
5.690075
5.796775
6.021025
6.094125
6.2373
6.307925
6.36865
6.37365
6.4206
6.514225
6.6336
7.435425
7.66105
7.713525
7.800525
7.9163
7.92375
8.49815
8.6286
8.674425
8.730025
8.825275
8.86425
8.86485
9.069625
9.12015
9.172275
9.188625
9.3954
9.457375
9.5803
9.75
9.8008
9.9071
154
