0.012575
0.2298
0.489525
0.495325
0.49975
0.5034
0.50485
0.507875
0.517075
0.53245
0.541125
0.599925
0.623925
0.662325
0.6773
0.680775
0.683875
0.70475
0.72995
0.73
0.7585
0.76185
0.764
0.769875
0.807375
0.825575
0.8466
0.8678
0.870775
0.873875
0.89665
0.939025
0.94255
0.98105
0.985375
1.0167
1.025425
1.034975
1.091625
1.09685
1.11755
1.130225
1.1805
1.1833
1.18665
1.245825
1.260325
1.27055
1.280025
1.28005
1.381
1.3821
1.412175
1.4122
1.4353
1.45055
1.46905
1.49255
1.583425
1.600275
1.62555
1.6419
1.79415
1.9198
1.942675
1.957625
1.9613
1.99445
2.02295
2.046225
2.068725
2.1341
2.223975
2.2391
2.278725
2.297675
2.382175
2.389125
2.440025
2.45305
2.48725
2.510675
2.511775
2.521325
2.533225
2.541975
2.58165
2.6429
2.67665
2.67815
2.68385
2.694
2.8494
3.034775
3.0444
3.095825
3.14775
3.161325
3.177725
3.244625
3.26125
3.30765
3.499725
3.5058
3.5146
3.538625
3.547275
3.608725
3.62595
3.705475
3.7212
3.784875
3.845
3.9165
3.92835
4.133825
4.184175
4.4702
4.6601
4.740475
4.745325
4.84105
4.900575
5.02195
5.023825
5.227025
5.247825
5.33375
5.4166
5.417825
5.5341
5.550875
5.58505
5.61015
6.0324
6.437025
6.48785
6.530025
6.674625
6.6961
6.74575
6.777625
6.811075
6.889
6.91535
6.94175
6.952075
7.1465
7.415375
7.43375
7.444875
7.47195
7.66305
7.66475
7.6989
7.755225
7.7619
7.765675
7.77045
7.850025
7.99455
8.0591
8.27295
8.518325
8.527175
8.615475
8.94105
9.22765
9.3709
9.403725
9.5141
9.763
9.80095
9.805675
9.913925
9.953575
9.9893
177
