0.222375
0.43485
0.438725
0.487625
0.492925
0.49385
0.507275
0.512675
0.531925
0.5355
0.5369
0.5493
0.588925
0.623375
0.626525
0.627775
0.64205
0.6661
0.703025
0.760525
0.796125
0.83945
0.86085
0.8896
0.89535
0.9346
0.93495
0.937375
0.939125
0.94795
0.9582
0.978175
1.003675
1.006375
1.0261
1.0263
1.03465
1.038025
1.053275
1.07185
1.083
1.094125
1.096275
1.1809
1.1893
1.2025
1.269225
1.422625
1.4283
1.471025
1.707575
1.71305
1.7375
1.76345
1.776925
1.945375
1.98625
1.98805
2.058925
2.14465
2.195725
2.20395
2.2103
2.387275
2.394575
2.4009
2.4773
2.580075
2.626125
2.714475
2.860475
2.8674
2.95625
3.079625
3.0927
3.2128
3.237175
3.340725
3.3844
3.406
3.44965
3.520925
3.6934
3.6942
3.7304
3.7897
4.117325
4.126675
4.1307
4.13545
4.188
4.299525
4.576175
4.61965
4.64625
4.7608
4.85505
5.09135
5.139275
5.185575
5.29695
5.3184
5.34485
5.483575
5.552
5.5647
5.6836
5.72865
5.81375
5.962525
6.03575
6.03975
6.0411
6.048275
6.214575
6.361125
6.5494
6.57505
6.611775
6.793825
6.8531
7.104975
7.19735
7.267325
7.304975
7.351
7.41785
7.4694
7.55035
7.563225
7.731225
7.7371
7.896975
7.952825
7.970625
8.0268
8.0535
8.091225
8.186375
8.280875
8.311475
8.408375
8.42715
8.47025
8.944425
8.9839
9.0121
9.38055
9.457575
9.565975
9.750075
9.819125
9.8487
9.860925
9.894
9.992025
156
