0.26425
0.267625
0.440825
0.461575
0.4808
0.483425
0.4889
0.49665
0.500825
0.503875
0.506875
0.5363
0.54645
0.5603
0.5822
0.586375
0.605625
0.6162
0.623725
0.6416
0.67285
0.690325
0.709925
0.781625
0.797725
0.82205
0.839625
0.839725
0.845125
0.857
0.862625
0.863925
0.884025
0.88555
0.890375
0.91225
0.918125
0.963925
0.9813
0.98985
0.99155
1.019025
1.034425
1.035575
1.06915
1.079875
1.080475
1.10385
1.12575
1.137125
1.1392
1.168325
1.169675
1.1921
1.21595
1.240975
1.24235
1.265825
1.269875
1.271075
1.280125
1.282025
1.39495
1.430175
1.433375
1.44225
1.472725
1.49315
1.502225
1.56165
1.5852
1.631225
1.71385
1.723875
1.906975
2.05505
2.2616
2.3714
2.416975
2.42115
2.4785
2.478725
2.5122
2.707925
2.751175
2.76105
2.7927
2.88545
2.908425
2.958025
2.97345
2.993925
3.072275
3.09175
3.13515
3.2001
3.23285
3.23535
3.289575
3.313525
3.445625
3.455475
3.596125
3.6987
3.73365
3.7591
3.887775
3.96145
4.2512
4.30205
4.309325
4.351975
4.4284
4.4367
4.43855
4.6118
4.6282
4.65525
4.72595
4.959475
5.135175
5.14045
5.16315
5.18095
5.212
5.431875
5.559025
5.571275
5.61305
6.006025
6.10405
6.48205
6.48305
6.51425
6.54045
6.6206
6.642425
6.724875
6.936875
7.070375
7.110575
7.137425
7.2888
7.423825
7.454675
7.4739
7.683925
7.76725
7.98575
8.001825
8.02605
8.1381
8.312925
8.45445
8.482
8.5911
8.8533
8.87115
8.963025
9.005775
9.10305
9.176725
9.272525
9.3081
9.359275
9.6278
9.636125
9.714725
9.75015
169
