0.17555
0.4698
0.49215
0.500475
0.5193
0.53255
0.53535
0.563225
0.5724
0.582275
0.612875
0.625475
0.644425
0.653725
0.662975
0.66335
0.68395
0.693925
0.69415
0.70865
0.715325
0.77825
0.781925
0.7822
0.7878
0.794075
0.80275
0.8188
0.8241
0.871325
0.89435
0.913625
0.9347
0.95255
0.9601
0.97785
1.0013
1.007325
1.022625
1.02405
1.0359
1.08035
1.083125
1.1084
1.15845
1.21095
1.21175
1.2754
1.294675
1.314175
1.318475
1.3411
1.360425
1.402375
1.4064
1.413
1.52105
1.525825
1.549325
1.656025
1.666225
1.725025
1.730225
1.75645
1.935325
1.991525
2.0915
2.13865
2.16345
2.218025
2.29735
2.3016
2.3149
2.452175
2.4768
2.605125
2.65025
2.652475
2.709325
2.749725
2.829625
2.870625
2.961725
3.001375
3.0087
3.04625
3.27155
3.45245
3.4644
3.5469
3.664775
3.79195
3.841475
3.896125
3.905275
3.9461
3.957925
3.984725
4.0029
4.0719
4.0823
4.08535
4.110625
4.1943
4.259025
4.48075
4.574475
4.62945
4.773175
4.819125
4.89995
4.997625
5.08715
5.146225
5.171
5.30645
5.43565
5.507325
5.72575
5.859925
6.031275
6.119125
6.178975
6.198625
6.2187
6.3475
6.360425
6.725025
6.819475
6.90555
7.025675
7.6036
7.624525
7.746275
7.850325
7.8607
7.89005
7.96895
8.00065
8.042675
8.155025
8.1741
8.281525
8.344375
8.446425
8.618575
8.71
8.76755
8.776825
8.792325
8.892075
8.94595
9.1888
9.238275
9.326075
9.368025
9.451175
9.55745
9.6667
9.985125
160
