0.327975
0.416525
0.4353
0.47175
0.50635
0.507825
0.52375
0.525425
0.529975
0.53245
0.54775
0.5956
0.596175
0.5968
0.598175
0.62275
0.641275
0.644625
0.646075
0.646525
0.6592
0.662275
0.6661
0.6799
0.692475
0.699175
0.7131
0.745375
0.752
0.768275
0.791575
0.875075
0.8785
0.89535
0.90345
0.9738
0.9972
0.999175
1.008575
1.011675
1.01915
1.02245
1.0442
1.06035
1.096675
1.109975
1.196325
1.198575
1.1995
1.222425
1.262625
1.30065
1.336525
1.36395
1.373525
1.421475
1.469025
1.568475
1.6397
1.6405
1.658375
1.73285
1.7509
1.76705
1.84895
1.88165
1.9197
1.92155
2.025125
2.070775
2.1782
2.272625
2.306275
2.331375
2.396775
2.47685
2.5973
2.679725
2.734375
2.795
2.855125
2.921175
2.9964
3.054225
3.07685
3.09765
3.100725
3.175275
3.232875
3.265625
3.290575
3.323025
3.3336
3.34965
3.361175
3.427725
3.477875
3.545375
3.61045
3.638525
3.691775
3.7112
3.765925
3.81695
3.90715
3.929975
4.00255
4.4832
4.5038
4.563675
4.57725
4.59045
4.667425
4.741825
4.897325
4.90675
4.914475
5.0129
5.136025
5.162975
5.2524
5.3564
5.53045
5.54715
5.5519
5.5665
5.730975
5.841475
5.880075
5.94065
6.011375
6.292725
6.333875
6.355
6.432525
6.472925
6.54495
6.557325
6.708675
6.79425
7.0593
7.348425
7.4292
7.48595
7.624
7.63985
7.7336
7.8144
7.8244
8.065775
8.102975
8.1033
8.16805
8.196825
8.4433
8.7198
8.76915
9.030375
9.07365
9.132025
9.203675
9.350625
9.3746
9.63855
9.745225
9.880825
9.94815
167
