0.244575
0.4615
0.49075
0.49715
0.50925
0.518325
0.521525
0.532425
0.5416
0.543225
0.54485
0.549175
0.551475
0.560975
0.561575
0.571975
0.5829
0.599725
0.6106
0.61215
0.61655
0.6322
0.63385
0.63975
0.644725
0.68845
0.7012
0.70175
0.73085
0.739775
0.751825
0.77625
0.796375
0.81265
0.82205
0.85095
0.853
0.85665
0.858675
0.92665
0.929525
0.944125
0.947575
0.95235
0.95965
0.97245
0.9774
0.985425
0.99005
0.992875
1.005625
1.0282
1.0537
1.15715
1.21345
1.32375
1.32995
1.44485
1.475175
1.486875
1.513225
1.551975
1.64425
1.646625
1.6938
1.699775
1.747225
1.817225
1.823925
1.875075
1.904725
1.92335
1.941175
1.9581
1.96435
2.0362
2.038075
2.057725
2.1255
2.13235
2.28525
2.338725
2.3593
2.3717
2.38645
2.4238
2.510975
2.5396
2.6284
2.7194
2.748825
2.793075
2.99645
3.043475
3.1134
3.1298
3.154025
3.184525
3.195625
3.314825
3.401175
3.5687
3.598375
3.62335
3.8491
3.882025
3.93165
4.031475
4.0319
4.08405
4.120225
4.22165
4.375875
4.39185
4.434
4.64015
4.6919
4.758725
4.77965
4.93805
5.0163
5.0326
5.0746
5.2892
5.40045
5.44425
5.444825
5.50285
5.51905
5.5626
5.582825
5.6469
5.6916
5.823125
5.8848
6.508025
6.835475
6.856425
7.08425
7.45505
7.498925
7.54995
7.694175
7.8078
7.82895
7.925425
7.972125
8.13395
8.2387
8.755975
8.901125
8.989125
9.06505
9.30795
9.34195
9.3687
9.54715
9.627625
9.629625
9.631825
9.77575
9.811925
9.853475
9.9151
9.9984
165
