0.079575
0.1515
0.3476
0.38415
0.409375
0.444825
0.451775
0.465975
0.493425
0.49865
0.524825
0.52595
0.5326
0.534325
0.5544
0.55675
0.5603
0.562825
0.5675
0.572375
0.59045
0.605425
0.60565
0.60955
0.616475
0.642025
0.6514
0.66685
0.682125
0.69275
0.706125
0.70885
0.750075
0.77415
0.7768
0.8015
0.8145
0.819375
0.832075
0.8357
0.8477
0.85035
0.85335
0.86925
0.885275
0.930275
0.9813
1.004175
1.02965
1.07
1.11685
1.117
1.143875
1.16725
1.1905
1.2367
1.285175
1.300875
1.3086
1.324625
1.33155
1.354675
1.446625
1.53065
1.557625
1.599225
1.74695
1.78145
1.797625
1.8279
1.829825
1.84665
1.911275
1.958975
1.98765
1.995475
2.049875
2.069975
2.241225
2.3208
2.39925
2.451925
2.461775
2.46345
2.4924
2.5458
2.628225
2.633375
2.672475
2.70685
2.712
2.724175
2.88825
2.9553
2.998275
3.18105
3.2092
3.217875
3.22185
3.37345
3.530475
3.927225
4.234
4.52915
4.5714
4.585475
4.7622
4.775875
4.89935
4.9979
5.0696
5.2407
5.24635
5.38895
5.43355
5.442775
5.599025
5.600575
5.642525
5.762275
5.771075
5.791625
5.9232
5.9518
5.955175
6.00365
6.0932
6.12155
6.40655
6.739
6.8567
7.459225
7.649675
8.050325
8.283025
8.299825
8.4739
8.48705
8.80955
8.850075
8.880225
8.996425
8.9969
9.13255
9.48365
9.648575
9.733925
147
