0.0373
0.062175
0.4122
0.447175
0.463225
0.46665
0.4719
0.479825
0.490575
0.4957
0.513475
0.52265
0.533925
0.546025
0.549375
0.550925
0.59325
0.60095
0.624625
0.629475
0.6318
0.646575
0.7078
0.716225
0.721575
0.734225
0.755025
0.757225
0.76765
0.7726
0.787375
0.787675
0.7933
0.8066
0.813025
0.8279
0.832525
0.835925
0.84145
0.865675
0.867625
0.8697
0.8741
0.8775
0.883
0.889
0.903275
0.946275
0.946775
0.961725
0.962575
0.975875
0.981175
0.994475
1.022
1.03615
1.03655
1.0371
1.08295
1.089375
1.105775
1.12755
1.129325
1.181625
1.207125
1.225525
1.23785
1.264525
1.291775
1.30415
1.31285
1.353075
1.395875
1.4405
1.494275
1.50215
1.507025
1.528825
1.6825
1.7219
1.73935
1.80805
1.823475
1.94075
1.962775
2.0275
2.037075
2.04725
2.08755
2.24215
2.29935
2.299625
2.31105
2.348475
2.37975
2.40405
2.42335
2.434225
2.460675
2.5971
2.70815
2.747325
2.781
2.7831
2.9785
2.985075
3.009325
3.029875
3.05835
3.087925
3.264775
3.53035
3.5727
3.573875
3.6375
3.674575
3.871475
3.971975
4.0184
4.082375
4.104675
4.1949
4.263375
4.312425
4.4606
4.624475
4.8501
5.0284
5.2175
5.2543
5.3655
5.437225
5.571975
5.5881
5.72885
5.736325
5.744425
5.9651
6.308925
6.4062
6.498375
6.52955
6.8197
6.831175
6.855625
6.991225
7.0567
7.143125
7.297275
7.321925
7.39515
7.43485
7.440625
7.55465
7.83775
8.310875
8.46265
8.815375
8.8187
8.860025
8.90685
8.942825
8.9684
9.191075
9.313
9.4617
9.503275
9.762825
9.77225
9.788275
9.9967
171
