0.13585
0.3815
0.467475
0.47455
0.484475
0.496875
0.51155
0.512625
0.520475
0.5284
0.5287
0.535825
0.5387
0.542775
0.5549
0.5608
0.577275
0.582375
0.584875
0.593375
0.595475
0.5979
0.6166
0.61715
0.62825
0.628575
0.6294
0.63345
0.655075
0.656
0.6611
0.662775
0.671825
0.672225
0.67545
0.681225
0.690125
0.705425
0.7271
0.7325
0.735675
0.7645
0.801125
0.806075
0.81145
0.8194
0.8519
0.86335
0.88945
0.90825
0.909925
0.9364
0.984825
1.006525
1.060575
1.09755
1.10435
1.138525
1.151575
1.154575
1.22895
1.239925
1.308625
1.322375
1.322775
1.330875
1.40495
1.42045
1.443425
1.448525
1.482925
1.484925
1.503275
1.50915
1.565425
1.575825
1.637175
1.726075
1.726925
1.768125
1.776125
1.7786
1.831225
1.854025
1.8882
1.927475
1.931375
1.9599
1.972425
2.0283
2.107225
2.179975
2.19675
2.240625
2.247325
2.278525
2.293
2.31715
2.333175
2.4369
2.438125
2.553075
2.62435
2.6707
2.769575
2.79095
2.8416
2.866725
2.883425
2.944425
3.02585
3.039025
3.0991
3.111775
3.122725
3.1632
3.174425
3.252125
3.390775
3.41695
3.430025
3.4567
3.483275
3.549875
3.595725
3.62345
3.682175
3.705025
3.76955
4.0242
4.042775
4.0433
4.17245
4.1887
4.211125
4.2418
4.258475
4.309025
4.343025
4.407325
4.415675
4.44375
4.541475
4.582675
4.592325
4.708975
4.7229
4.722925
4.840275
5.022475
5.03375
5.0665
5.140875
5.156475
5.285175
5.29385
5.359525
5.39975
5.44935
5.521775
5.593
5.6031
5.658225
5.71425
5.737275
5.821775
6.026225
6.285625
6.35445
6.46985
6.576525
6.591325
6.67235
6.6972
6.8029
6.835125
6.85435
6.91185
6.916225
6.92705
6.9375
6.972525
7.158675
7.3108
7.34545
7.44665
7.54725
7.672225
7.69165
7.839525
7.874325
8.139325
8.237525
8.397875
8.4793
8.50815
8.824575
8.980375
9.0341
9.575775
9.796625
9.8234
9.941775
9.95065
9.976475
205
