0.05305
0.15525
0.2131
0.454625
0.48185
0.49045
0.507275
0.5091
0.531925
0.5366
0.5451
0.5979
0.599825
0.600275
0.6196
0.620375
0.630025
0.638875
0.639075
0.6676
0.67705
0.705275
0.744975
0.758025
0.76485
0.769425
0.776375
0.795075
0.802
0.808575
0.83935
0.842675
0.85855
0.8595
0.887925
0.91835
0.920075
0.95555
0.976075
0.99765
1.004
1.00745
1.027275
1.072975
1.075475
1.1104
1.129425
1.145175
1.15205
1.157025
1.161
1.174275
1.19395
1.2037
1.272275
1.2726
1.3694
1.387325
1.420875
1.439525
1.500375
1.617775
1.669125
1.69935
1.7668
1.77575
1.8629
1.882375
1.940675
1.945525
1.956175
1.9677
1.971425
2.0055
2.0636
2.07755
2.106225
2.132425
2.198675
2.475775
2.637025
2.7086
2.7445
2.861375
2.9176
2.96185
2.9714
3.03015
3.073725
3.183375
3.25215
3.489475
3.51435
3.5201
3.53865
3.561575
3.598275
3.688425
3.70385
3.721025
3.806075
3.8114
3.845875
3.920275
4.12075
4.141175
4.17115
4.243325
4.28545
4.310275
4.322775
4.334175
4.369925
4.54665
4.560775
4.62965
4.6519
4.696025
4.7935
4.86025
4.904125
4.944125
4.97905
4.987025
5.023125
5.117575
5.17495
5.286975
5.586375
5.762625
5.802625
5.80295
5.956125
6.02305
6.2158
6.305825
6.32955
6.3674
6.402125
6.40815
6.6386
6.716225
6.763575
6.77
6.80225
6.8222
6.845575
6.932225
6.991075
7.0822
7.127975
7.164175
7.28765
7.400425
8.06615
8.165975
8.320375
8.3972
8.413725
8.492675
8.59535
8.73175
8.771675
8.9075
8.923325
8.9961
8.998125
9.5357
9.787475
9.83265
9.862375
9.930375
172
