0.008975
0.088125
0.2885
0.299925
0.4163
0.426825
0.463625
0.471325
0.471525
0.47265
0.48145
0.4819
0.51035
0.51155
0.519325
0.528725
0.538225
0.5433
0.55205
0.55245
0.558125
0.560575
0.56655
0.5712
0.59875
0.611925
0.6181
0.6206
0.636625
0.657125
0.668875
0.672875
0.69845
0.7304
0.736675
0.7611
0.761375
0.76415
0.76755
0.7777
0.7902
0.79315
0.806575
0.865625
0.870875
0.87635
0.90285
0.9356
0.962575
1.001225
1.0035
1.01775
1.1264
1.1275
1.13435
1.157775
1.210725
1.228125
1.280575
1.2806
1.310725
1.316425
1.319525
1.367075
1.37995
1.3917
1.45765
1.54645
1.6983
1.709725
1.713175
1.729275
1.737175
1.851825
1.86325
1.937025
1.937625
1.948325
1.97245
1.97615
2.03855
2.04615
2.072325
2.09935
2.1336
2.187375
2.32295
2.41135
2.5114
2.517175
2.518375
2.572825
2.6069
2.6564
2.73675
2.930225
3.00495
3.04385
3.178225
3.268175
3.2826
3.349
3.351975
3.486125
3.487925
3.53015
3.643675
3.644225
3.6711
3.768975
3.804175
4.13115
4.188525
4.189625
4.235675
4.26325
4.614975
4.65295
4.7295
4.865625
4.958075
4.961925
5.0123
5.1419
5.1612
5.20405
5.31465
5.324425
5.41125
5.454525
5.462275
5.4804
5.509625
5.671025
5.86035
5.997925
6.323425
6.32545
6.3381
6.340925
6.4405
6.716975
6.7535
6.764425
6.908725
6.951625
6.96205
7.06565
7.08595
7.44545
7.459525
7.51665
7.617775
7.6963
7.74665
7.808475
8.102975
8.52085
8.609875
8.735
8.88655
9.034675
9.0469
9.13555
9.53265
9.676675
9.8402
9.909475
9.928975
169
