0.080025
0.19265
0.336
0.348075
0.440475
0.460025
0.463225
0.49375
0.494575
0.495075
0.50865
0.51225
0.5185
0.52495
0.53145
0.532025
0.553075
0.578175
0.584175
0.585675
0.61945
0.6202
0.6285
0.6378
0.638525
0.648075
0.65135
0.655225
0.696175
0.70825
0.714425
0.717125
0.7309
0.731325
0.7468
0.772175
0.85465
0.89075
0.921975
0.975675
0.97965
0.9985
1.063525
1.08675
1.090925
1.107625
1.11635
1.1359
1.149425
1.215075
1.2424
1.2661
1.27925
1.283375
1.300925
1.33615
1.4021
1.465175
1.477925
1.495725
1.507375
1.51345
1.59065
1.608325
1.62925
1.653225
1.678275
1.7373
1.7778
1.8077
1.890775
1.8923
1.893175
1.89945
1.940475
1.9919
2.021125
2.07245
2.202025
2.205625
2.2487
2.3896
2.393
2.42855
2.45195
2.4659
2.59665
2.615275
2.6259
2.637175
2.663675
2.718625
2.727
2.752675
2.7985
2.80585
2.92375
3.060225
3.1949
3.207075
3.22915
3.284275
3.433725
3.47775
3.521525
3.638375
3.77045
3.831875
3.8576
3.951875
4.02995
4.083325
4.092025
4.3022
4.32435
4.32955
4.357575
4.38435
4.4523
4.50855
4.585625
4.5938
4.607475
4.6103
4.6569
4.69065
4.835825
4.863525
5.00785
5.024775
5.0569
5.1287
5.239175
5.2602
5.311275
5.338125
5.34005
5.49695
5.530875
5.55975
5.654175
5.691225
5.8657
5.874575
5.93385
5.963575
6.2475
6.28175
6.7973
7.106725
7.388375
7.40005
7.470575
7.574125
7.7925
7.810775
7.946125
8.111475
8.323125
8.4203
8.467825
8.772975
8.77715
8.85495
8.92675
9.205375
9.365325
9.46555
9.550425
9.775675
9.8276
9.926125
172
