0.05225
0.195775
0.24215
0.26515
0.266625
0.418425
0.430125
0.483175
0.49665
0.512875
0.531425
0.53305
0.534675
0.546925
0.556925
0.576125
0.594875
0.63345
0.63575
0.636425
0.64495
0.65115
0.654375
0.663475
0.68295
0.69745
0.786575
0.8041
0.8355
0.840275
0.84275
0.875825
0.891625
0.907175
0.932925
0.972525
1.015025
1.016375
1.026825
1.04305
1.08515
1.11745
1.12
1.15385
1.163025
1.195575
1.20105
1.216875
1.256675
1.3034
1.306675
1.350125
1.37145
1.3722
1.4455
1.5531
1.563
1.568725
1.6199
1.6229
1.6546
1.723175
1.744775
1.821575
1.84755
1.946425
1.949575
1.9928
2.003
2.015225
2.177275
2.203
2.2298
2.430975
2.567125
2.580375
2.628175
2.691975
3.0131
3.04375
3.079
3.0859
3.1375
3.140375
3.15205
3.2534
3.452075
3.512925
3.51775
3.5833
3.591575
3.64345
3.738675
3.820625
3.901575
4.011925
4.0326
4.039175
4.3558
4.4086
4.427925
4.44405
4.471825
4.544925
4.57815
4.755475
4.78645
4.822075
4.910925
4.91175
4.962925
5.095175
5.186625
5.206375
5.27765
5.470125
5.572875
5.626675
5.715975
5.77145
5.789275
6.12865
6.2456
6.32775
6.4023
6.452925
6.455925
6.46475
6.49285
6.518675
6.593125
6.828325
7.230075
7.456425
7.4814
7.492375
7.575675
7.576575
7.595625
7.667775
7.716925
7.73885
7.761525
7.79325
7.982975
7.994925
8.686625
8.745425
8.756525
8.7672
8.78625
8.80625
9.070725
9.0794
9.114875
9.2736
9.533825
9.579125
9.66925
9.6919
9.747725
9.7687
162
