0.05815
0.128525
0.15085
0.293375
0.440975
0.447975
0.45675
0.5032
0.50715
0.51495
0.552275
0.555
0.585475
0.6396
0.66075
0.663725
0.66885
0.6777
0.680575
0.6925
0.69355
0.720025
0.73285
0.736175
0.754125
0.763975
0.76775
0.790025
0.792275
0.8228
0.826925
0.830675
0.856925
0.861575
0.885375
0.9471
0.9474
1.0689
1.110575
1.118675
1.12755
1.13595
1.140025
1.159875
1.19205
1.19655
1.21105
1.2362
1.248425
1.25845
1.283575
1.313725
1.489575
1.5341
1.652325
1.799
1.865225
1.9149
2.113975
2.3088
2.3456
2.4743
2.58325
2.7372
2.759425
2.76815
2.76925
2.775025
2.7759
2.776125
2.806675
2.824925
2.85955
2.873225
2.896925
2.938925
2.93905
2.94895
2.958025
3.160875
3.350375
3.4797
3.541575
3.58495
3.59855
3.718425
3.86385
3.94895
3.962675
3.963975
4.0244
4.042125
4.1849
4.1994
4.221175
4.2633
4.2758
4.280325
4.338925
4.50685
4.534725
4.6045
4.7221
4.79275
4.908225
4.977075
5.015525
5.043125
5.092025
5.323975
5.4727
5.547425
5.573275
5.68065
5.72985
5.907025
6.13835
6.4489
6.5047
6.597375
6.72585
6.835325
6.909275
6.913075
6.9734
7.011325
7.34945
7.38045
7.447425
7.466225
7.623475
7.871675
7.952475
8.03855
8.163975
8.1682
8.3091
8.366275
8.416875
8.4178
8.725425
8.756375
8.918925
9.01545
9.022225
9.04165
9.20165
9.274775
9.311875
9.47875
9.5758
9.58505
9.632325
9.63795
9.666
9.685475
9.806875
9.92795
158
