0.03045
0.078125
0.08705
0.12045
0.37755
0.46705
0.4989
0.513175
0.515875
0.527825
0.532275
0.552725
0.564025
0.57705
0.580625
0.5858
0.607275
0.613675
0.6149
0.618875
0.6417
0.64975
0.685825
0.69075
0.710825
0.718925
0.72995
0.7302
0.789425
0.799425
0.811125
0.84105
0.85715
0.8685
0.88125
0.8998
0.942075
0.965825
0.99295
1.01175
1.048375
1.054825
1.08375
1.1134
1.13755
1.137725
1.1623
1.2099
1.278525
1.31315
1.325275
1.3693
1.4199
1.4825
1.54255
1.651825
1.66015
1.7052
1.7118
1.7242
1.83075
1.839325
1.8469
1.974075
2.04005
2.232325
2.340325
2.3497
2.382275
2.42235
2.4865
2.54275
2.546775
2.6416
2.680025
2.68775
2.707875
2.712775
2.752725
2.829275
2.835725
2.855425
2.900325
2.927775
3.08115
3.09065
3.105625
3.208475
3.2275
3.280475
3.3359
3.3635
3.49785
3.537075
3.5373
3.7092
3.7158
3.8412
3.845375
4.070475
4.1471
4.16415
4.2281
4.228875
4.242575
4.253325
4.258525
4.36795
4.46875
4.5563
4.5826
4.629925
4.65345
4.711825
4.756475
4.761825
4.878075
4.9526
4.962725
4.973175
4.98415
5.0371
5.0565
5.063525
5.079075
5.111725
5.187275
5.316925
5.59135
5.637925
5.64395
5.741075
6.022825
6.48555
6.493175
6.5426
6.627825
6.63615
6.715625
6.725275
6.72835
6.775725
6.857275
6.8852
6.947025
7.05455
7.064125
7.0705
7.111025
7.518475
7.61285
7.619425
7.6692
7.818075
7.818575
7.943725
8.0424
8.23435
8.5449
8.546325
8.610425
8.649525
8.710925
8.71185
8.80405
8.9474
9.206675
9.258475
9.3463
9.3491
9.392725
9.486175
9.506925
9.69485
9.728575
175
