0.24135
0.33295
0.426175
0.442875
0.46255
0.4662
0.47705
0.488575
0.5336
0.544025
0.554775
0.5583
0.562925
0.613075
0.654825
0.664825
0.66525
0.677475
0.6817
0.7032
0.70365
0.71015
0.725
0.738425
0.7527
0.769625
0.781175
0.7887
0.85455
0.859
0.871375
0.880125
0.901975
0.937525
0.9708
0.98675
1.026275
1.040525
1.0441
1.045525
1.08545
1.08595
1.0864
1.10495
1.124075
1.15195
1.177775
1.18545
1.2444
1.306275
1.306325
1.3109
1.406725
1.4124
1.51655
1.5196
1.5427
1.5623
1.58515
1.59085
1.598675
1.635575
1.6588
1.723075
1.807025
1.81295
1.832475
1.97265
2.022575
2.030775
2.033425
2.097725
2.110775
2.12125
2.222275
2.296225
2.342275
2.370875
2.376375
2.39465
2.471975
2.602975
2.625525
2.69025
2.7226
2.735075
2.81285
2.8141
2.828625
2.84185
2.89955
2.90985
3.096525
3.1597
3.23315
3.25735
3.319325
3.33895
3.3988
3.548325
3.55545
3.657675
3.662175
3.688275
3.744525
3.75535
3.761475
3.8143
3.82475
3.830275
3.860375
3.904225
3.912675
3.9309
3.994625
4.022325
4.053125
4.180225
4.3449
4.38825
4.623925
4.6568
4.6925
4.7703
4.871375
4.9664
4.970425
5.06565
5.15225
5.1611
5.228275
5.5158
5.672425
5.672525
6.363475
6.82675
7.06385
7.073
7.2118
7.2139
7.22925
7.46305
7.486625
7.7682
8.14435
8.32485
8.32675
8.369575
8.551
8.5553
8.627475
8.789875
9.08875
9.1859
9.366325
9.38455
9.394725
9.735575
158
