0.244525
0.3703
0.45865
0.493275
0.5003
0.5024
0.5046
0.515775
0.52485
0.5318
0.537675
0.539875
0.5464
0.5478
0.5622
0.575625
0.584625
0.589425
0.59215
0.5935
0.61295
0.615375
0.675925
0.699875
0.70585
0.708575
0.716325
0.760575
0.76355
0.765325
0.786
0.788025
0.799625
0.812075
0.84595
0.84855
0.8554
0.861625
0.91675
0.9196
0.9559
0.974075
0.9806
0.981175
0.992225
1.00395
1.065925
1.114175
1.1388
1.18035
1.19155
1.195125
1.1983
1.20295
1.28605
1.292175
1.294025
1.294825
1.296425
1.319425
1.320175
1.33215
1.346625
1.39235
1.4198
1.449275
1.461875
1.498825
1.6583
1.7753
1.90895
1.990525
2.01665
2.041525
2.093175
2.11365
2.201275
2.222125
2.22815
2.240675
2.324575
2.3304
2.382125
2.405825
2.633275
2.692475
2.707425
2.7267
2.807975
2.830325
2.885375
3.137575
3.313525
3.482925
3.51255
3.570575
3.573325
3.5994
3.6385
3.701975
3.7053
3.72325
3.7608
3.7777
3.86145
3.932
3.980025
4.027925
4.20985
4.22835
4.299475
4.3612
4.405425
4.5643
4.623375
4.77575
4.9751
5.177675
5.206125
5.2209
5.2885
5.357875
5.449425
5.536175
5.65315
5.70415
5.82425
6.12945
6.20775
6.262125
6.381025
6.417425
6.46735
6.788525
7.0269
7.09155
7.10655
7.309925
7.364075
7.39585
7.541275
7.567875
7.621025
7.6322
7.655775
7.708075
7.785425
8.012175
8.338175
8.4109
8.479925
8.5397
8.705225
8.749125
8.816525
8.946525
9.160375
9.185675
9.35435
9.4379
9.66415
9.697725
9.818125
163
