0.130575
0.229725
0.28745
0.3977
0.42965
0.476125
0.5047
0.5153
0.52585
0.532875
0.539575
0.54165
0.547725
0.570175
0.574425
0.58295
0.58595
0.596475
0.5973
0.616725
0.62055
0.628175
0.646925
0.6509
0.652425
0.6597
0.66035
0.67825
0.681625
0.682425
0.6901
0.7026
0.705625
0.708075
0.7142
0.727325
0.73075
0.7326
0.735275
0.749925
0.773675
0.777675
0.78615
0.791975
0.797825
0.809325
0.822975
0.83105
0.85985
0.864675
0.8757
0.91305
0.939975
0.952525
0.967325
0.984025
1.023525
1.0283
1.039375
1.060675
1.09125
1.10225
1.12135
1.138475
1.139375
1.148225
1.179825
1.19045
1.250775
1.2584
1.259925
1.2735
1.28635
1.2896
1.290625
1.3
1.30955
1.347275
1.369625
1.469475
1.52195
1.5491
1.589575
1.61185
1.622675
1.6332
1.63455
1.716725
1.747475
1.82625
1.8946
2.0305
2.06025
2.139825
2.1937
2.2166
2.226425
2.245
2.26155
2.304375
2.34195
2.46015
2.470125
2.499125
2.5742
2.678725
2.715625
2.79385
2.85005
2.935525
2.958825
3.0084
3.056325
3.088725
3.257825
3.3173
3.41085
3.423175
3.46165
3.48415
3.7259
3.901175
4.0009
4.04615
4.169125
4.182925
4.356225
4.3967
4.4466
4.5303
4.61225
4.6751
4.71745
4.72575
4.81645
4.8551
5.000825
5.009725
5.04855
5.164875
5.263575
5.412675
5.443775
5.4865
5.74065
6.0559
6.10965
6.114875
6.387825
6.494225
6.496425
6.8866
7.11815
7.1643
7.1708
7.242825
7.24655
7.29625
7.3138
7.4091
7.473525
7.5916
7.7175
7.937075
8.307425
8.3288
8.501525
8.861425
8.905575
8.985175
9.035525
9.29955
9.592525
9.6368
9.658825
9.931575
176
