0.409125
0.4373
0.461525
0.4687
0.491375
0.4935
0.493875
0.497625
0.501
0.543575
0.555125
0.570475
0.577575
0.5887
0.60865
0.60995
0.618925
0.62325
0.6354
0.651575
0.65575
0.65735
0.6674
0.672225
0.672975
0.67325
0.687625
0.73815
0.75105
0.751875
0.787225
0.8035
0.8252
0.893075
0.907925
0.9315
0.939
0.945575
0.9845
0.988075
1.009075
1.0192
1.02135
1.0376
1.065675
1.152125
1.1808
1.188275
1.252025
1.2752
1.3415
1.37775
1.44245
1.487975
1.5157
1.605925
1.61785
1.668575
1.761925
1.76565
1.815875
1.81955
1.8258
1.8268
1.8351
1.843125
1.898675
1.917575
2.0816
2.107925
2.198825
2.219975
2.22445
2.286825
2.291725
2.298
2.323975
2.383025
2.408275
2.44125
2.448925
2.460675
2.5275
2.716775
2.856525
2.933975
3.06545
3.09625
3.106125
3.1656
3.312475
3.330275
3.35015
3.3714
3.6427
3.718125
3.72595
3.8279
4.018725
4.18275
4.326925
4.345075
4.461225
4.5242
4.54445
4.557275
4.629375
4.676
4.736475
4.748025
4.823925
4.879275
4.884825
4.893125
5.017075
5.04785
5.104225
5.285525
5.338825
5.3589
5.4935
5.546475
5.7405
6.085325
6.1345
6.169525
6.3392
6.377375
6.441575
6.578675
6.636575
6.7489
6.88195
7.03345
7.0431
7.2317
7.52195
7.8458
7.894175
8.334625
8.5011
8.786475
8.834075
9.149725
9.17905
9.181075
9.259975
9.267175
9.284575
9.301425
9.62895
9.688125
9.732675
153
