0.0595
0.063425
0.108325
0.27445
0.3453
0.39655
0.428325
0.438525
0.446175
0.4735
0.50255
0.51195
0.5135
0.52145
0.5218
0.54095
0.54395
0.54645
0.55535
0.580575
0.586625
0.615
0.63855
0.64155
0.64295
0.65265
0.655
0.672475
0.67855
0.6988
0.71425
0.716075
0.7351
0.735425
0.73845
0.77085
0.7747
0.8014
0.8268
0.8468
0.893775
0.90805
0.916875
0.94905
0.9643
0.9918
0.997175
1.061275
1.1046
1.139425
1.13985
1.177
1.3296
1.330025
1.3493
1.36945
1.371525
1.417825
1.44035
1.44435
1.4815
1.496025
1.4963
1.503525
1.6236
1.640925
1.692825
1.69575
1.8037
1.818975
1.90585
1.92105
1.9821
1.984975
1.9983
2.0088
2.0247
2.0597
2.0917
2.159925
2.19295
2.196875
2.562525
2.679575
2.74705
2.76475
2.93385
3.14655
3.241275
3.25235
3.276525
3.388625
3.43195
3.443625
3.497275
3.517725
3.5263
3.684875
3.695425
3.8316
3.88185
3.933725
4.208375
4.307975
4.357225
4.397925
4.56865
4.669075
4.6703
4.682825
4.7447
4.772175
4.82695
4.93515
4.968225
5.1342
5.23525
5.356975
5.4053
5.6277
5.632425
5.770175
5.8056
5.822125
5.9724
6.1082
6.22795
6.250625
6.293275
6.566575
6.68325
6.6934
6.7068
7.01275
7.090375
7.2079
7.247
7.565875
7.8147
7.875575
8.231125
8.312475
8.37765
8.3797
8.42565
8.57785
8.825275
8.84095
9.0132
9.1333
9.19175
9.2493
9.46265
9.46645
9.5696
9.88775
156
