0.006325
0.041825
0.16555
0.23305
0.455125
0.4815
0.484875
0.489225
0.493075
0.49635
0.49855
0.508125
0.510775
0.5136
0.5169
0.52315
0.5309
0.54285
0.56555
0.571925
0.578175
0.5822
0.5935
0.6033
0.618125
0.641525
0.648825
0.68135
0.7013
0.7262
0.7324
0.739275
0.756675
0.759475
0.759775
0.764225
0.7694
0.771825
0.7739
0.79815
0.8044
0.80445
0.81705
0.825325
0.825825
0.8474
0.8818
0.890575
0.905175
0.93825
1.013425
1.05185
1.08595
1.1108
1.17965
1.214875
1.245625
1.252575
1.287625
1.35695
1.411375
1.412525
1.431625
1.4746
1.53125
1.554775
1.5678
1.5756
1.767325
1.7852
1.799025
1.869725
1.9968
2.04235
2.132125
2.1435
2.145975
2.152325
2.223
2.241475
2.264975
2.31975
2.32945
2.5048
2.612925
2.635325
2.69485
2.77145
2.950925
3.001825
3.3185
3.358175
3.437625
3.43885
3.462275
3.467575
3.473725
3.517125
3.526275
3.6407
3.653875
3.738775
3.876775
3.969025
3.97135
3.98275
4.007325
4.055125
4.075625
4.106375
4.190325
4.21925
4.2421
4.274975
4.27965
4.304325
4.324675
4.342925
4.434
4.450025
4.51175
4.705125
4.815225
5.169375
5.481775
5.6914
5.765125
5.94605
6.17345
6.273675
6.4141
6.41635
6.46855
6.747825
7.0691
7.10765
7.11975
7.1289
7.14255
7.26735
7.37155
7.41475
7.43425
7.553325
7.586125
7.667175
7.7625
7.911675
7.9649
8.1418
8.424525
8.511075
8.70235
8.726975
8.7865
8.95655
9.00755
9.05195
9.133425
9.1835
9.282575
9.494275
9.574975
9.7614
9.7868
9.813525
166
