0.17545
0.275925
0.39905
0.47925
0.48715
0.490425
0.498475
0.499025
0.507525
0.512025
0.52025
0.523775
0.524225
0.533225
0.54315
0.57115
0.573475
0.5752
0.5753
0.577975
0.58395
0.58625
0.5881
0.59865
0.6405
0.6417
0.6525
0.6528
0.65365
0.6585
0.668775
0.670475
0.672975
0.673125
0.676875
0.68095
0.688225
0.696
0.708025
0.71405
0.7271
0.734275
0.766
0.773075
0.78265
0.806125
0.8139
0.86075
0.8772
0.8834
0.898525
0.924475
0.9873
1.0182
1.026175
1.029825
1.06185
1.099375
1.103325
1.124775
1.1274
1.1499
1.159
1.1606
1.16325
1.1744
1.265175
1.3546
1.4099
1.47615
1.56605
1.5847
1.640725
1.71035
1.7216
1.8621
1.882075
1.90895
1.92375
2.0134
2.0705
2.081425
2.118275
2.13685
2.232275
2.2533
2.30075
2.30175
2.325225
2.437675
2.449225
2.468075
2.489025
2.531825
2.54625
2.651275
2.72345
2.7573
2.980425
3.0651
3.154925
3.199075
3.291125
3.35345
3.3619
3.4343
3.583275
3.711525
3.777075
3.7796
3.887675
3.920525
3.984175
4.00435
4.244175
4.272475
4.3573
4.3668
4.597325
4.719575
4.75705
4.7931
4.8051
4.80555
4.893625
5.091575
5.124
5.1285
5.1555
5.2527
5.35265
5.393275
5.412625
5.506825
5.72375
6.116525
6.250275
6.388325
6.4025
6.487425
6.528675
6.56875
6.5951
6.873975
6.8868
6.974975
6.975025
7.165925
7.23245
7.29305
7.359325
7.446225
7.6062
7.731925
7.7483
7.7629
7.87885
7.9192
8.157875
8.160325
8.670375
8.723625
8.932275
9.05345
9.15955
9.262925
9.274225
9.536125
9.64625
9.7767
9.80645
9.8612
9.8961
9.966525
174
