0.0374
0.099825
0.1068
0.197075
0.2878
0.40905
0.4804
0.50545
0.506925
0.507025
0.509325
0.5198
0.533825
0.548725
0.56505
0.568575
0.568625
0.58105
0.5969
0.60105
0.608575
0.64205
0.650175
0.658875
0.677275
0.688225
0.707475
0.729275
0.7442
0.74785
0.751475
0.751925
0.759825
0.76125
0.76185
0.79145
0.82235
0.823025
0.830525
0.845
0.86095
0.876075
0.88
0.88515
0.895625
0.90485
0.9218
0.999525
1.039325
1.066825
1.0685
1.074875
1.089525
1.10925
1.139925
1.140375
1.151975
1.170925
1.183825
1.184775
1.27445
1.2928
1.338425
1.481825
1.550775
1.586975
1.658425
1.741725
1.7597
1.77465
1.992075
1.9934
2.035175
2.04985
2.150325
2.2405
2.2713
2.299925
2.313625
2.383525
2.3866
2.4026
2.447875
2.518275
2.553625
2.562325
2.606375
2.606875
2.702725
2.705825
2.731575
2.73975
2.8868
2.94805
2.969125
3.0866
3.1336
3.21325
3.279875
3.33455
3.423425
3.50485
3.526825
3.52705
3.558625
3.587175
3.654525
3.6552
3.662225
3.73965
3.859475
3.902125
3.9948
4.01775
4.07225
4.076425
4.0913
4.11955
4.147325
4.4915
4.526175
4.5353
4.5469
4.5593
4.68715
4.739075
4.80195
4.839
4.8667
4.868275
5.205425
5.298475
5.412375
5.55
5.636975
5.686425
5.742725
5.7746
5.862475
5.87165
6.049275
6.10735
6.161475
6.1646
6.63675
6.688075
6.876725
7.01615
7.2965
7.495
7.58685
7.721275
7.8881
8.053325
8.08535
8.5406
8.567125
8.685975
9.0013
9.3169
9.483475
9.6728
162
