0.0849
0.095175
0.213375
0.4029
0.4217
0.4725
0.493075
0.52115
0.524475
0.526675
0.5303
0.53375
0.536725
0.544625
0.565925
0.58905
0.591575
0.601175
0.6088
0.623775
0.630675
0.63485
0.666675
0.71455
0.7147
0.718075
0.718425
0.72425
0.726
0.732025
0.741975
0.74775
0.79035
0.8073
0.828225
0.833125
0.846925
0.86955
0.89785
0.923775
0.9321
0.932825
0.93615
0.94165
0.943425
0.9449
0.9528
1.00175
1.008875
1.031475
1.066225
1.146375
1.17985
1.223975
1.2905
1.4151
1.432775
1.444725
1.4619
1.562675
1.61825
1.620325
1.671225
1.707875
1.716325
1.787825
1.837825
1.845175
1.969
1.9971
2.0012
2.0646
2.105125
2.22135
2.229725
2.335975
2.389775
2.624125
2.83445
2.889775
2.905375
2.9093
2.95705
2.983425
3.243125
3.25605
3.29545
3.4026
3.42775
3.480725
3.78405
3.78415
4.029425
4.11035
4.119675
4.200725
4.2101
4.3959
4.451125
4.5023
4.523
4.6705
4.7488
4.75985
4.872675
4.904425
4.9252
5.35685
5.410425
5.484725
5.529175
5.6079
5.660425
5.75235
6.27245
6.27955
6.452325
6.676075
6.789275
6.84135
6.885975
6.892825
6.981625
7.044675
7.160125
7.3624
7.479575
7.509325
7.771075
7.9966
8.080425
8.540875
8.603775
8.682375
8.697225
8.705175
8.96445
9.08175
9.3243
9.7081
9.974775
141
