0.0084
0.208775
0.331125
0.43735
0.460875
0.465425
0.513175
0.537675
0.537875
0.548525
0.55645
0.5568
0.569425
0.57255
0.574125
0.57445
0.57945
0.58035
0.585125
0.610075
0.614025
0.6238
0.6315
0.63985
0.640925
0.67935
0.699275
0.7038
0.71425
0.736125
0.742825
0.746575
0.7497
0.760675
0.800875
0.80305
0.870275
0.877525
0.878375
0.890575
0.909575
0.94075
0.940975
0.94135
0.94805
0.95365
0.95865
0.99805
1.023325
1.0333
1.057975
1.096175
1.0999
1.10795
1.1232
1.155375
1.16945
1.187925
1.212175
1.214875
1.225925
1.23105
1.32095
1.33
1.330275
1.410725
1.41165
1.41245
1.50935
1.5166
1.657025
1.68505
1.69855
1.72145
1.788525
1.807475
1.858625
2.080475
2.231875
2.251225
2.409825
2.5608
2.58215
2.6693
2.717025
2.777825
2.93495
2.948925
3.018675
3.16425
3.2028
3.4189
3.4346
3.495275
3.5676
3.687625
3.8539
3.99295
4.0438
4.05205
4.4227
4.45395
4.49
4.65985
4.835475
4.988975
5.03485
5.099075
5.1708
5.227
5.328325
5.5076
5.595
5.824325
5.825075
5.8924
5.972175
5.999525
6.132225
6.2127
6.246775
6.25855
6.34705
6.58695
6.606725
6.6403
6.667175
6.674825
6.689325
7.02545
7.157775
7.668275
7.925025
7.925175
8.0543
8.20685
8.423775
8.569725
8.642525
8.68025
8.847
9.15955
9.24
9.338975
9.691625
9.878325
9.9832
147
