0.337375
0.4176
0.445925
0.500225
0.50935
0.52205
0.528425
0.529325
0.542825
0.551
0.5543
0.569875
0.596225
0.596675
0.597775
0.629525
0.629825
0.641175
0.66685
0.68655
0.703075
0.7136
0.7218
0.736925
0.7444
0.7468
0.789175
0.811875
0.819425
0.822425
0.838125
0.8409
0.84905
0.864075
0.865375
0.8791
0.8906
0.90035
0.9014
0.902775
0.917575
0.918425
0.95735
0.959425
0.9622
0.9691
0.9814
1.032575
1.035225
1.06305
1.063275
1.07135
1.0822
1.108875
1.14425
1.145025
1.146025
1.1485
1.16285
1.16445
1.1871
1.2353
1.256775
1.263525
1.27645
1.353225
1.35915
1.43015
1.437525
1.4438
1.5047
1.50635
1.568675
1.56975
1.72095
1.76595
1.782675
1.78965
1.90665
1.907375
1.933075
2.02725
2.09795
2.106
2.138925
2.152225
2.178525
2.200175
2.2121
2.303675
2.381275
2.387275
2.4175
2.425675
2.442325
2.492875
2.6822
2.736025
2.767575
2.8769
2.884325
3.017825
3.09385
3.141275
3.183975
3.228575
3.26535
3.2935
3.3183
3.3562
3.44485
3.48945
3.6268
3.655575
3.66285
3.695875
4.217725
4.235375
4.315075
4.43665
4.4375
4.56785
4.590475
4.617375
4.767675
5.024325
5.08055
5.291325
5.314325
5.4124
5.510725
5.583075
5.7044
5.7948
5.97805
6.0076
6.3107
6.458475
6.78535
6.834525
6.8826
6.9139
6.96465
7.06995
7.12375
7.53465
7.62575
7.9235
8.067675
8.075425
8.449275
8.55595
8.573225
8.6189
8.674325
9.026425
9.314675
9.43205
9.486925
9.6218
9.717275
9.897925
162
