0.2465
0.28905
0.490125
0.50245
0.520575
0.52665
0.530425
0.530825
0.5363
0.54145
0.54295
0.543775
0.5616
0.561625
0.562025
0.569925
0.578325
0.59725
0.601075
0.60145
0.613175
0.673525
0.699
0.7202
0.722675
0.7232
0.738575
0.75005
0.75135
0.7697
0.7883
0.796825
0.8081
0.8436
0.844425
0.85295
0.856125
0.871225
0.88175
0.89725
0.899275
0.918825
0.936125
0.954675
0.95845
0.959
0.981125
0.9833
0.994825
1.0141
1.050125
1.056675
1.0738
1.101175
1.128825
1.14875
1.149725
1.189525
1.192675
1.206925
1.228675
1.28215
1.357125
1.3622
1.444875
1.482875
1.530325
1.593925
1.7501
1.78925
1.8883
1.9167
2.047875
2.071675
2.12195
2.1882
2.23565
2.258225
2.260125
2.280925
2.31035
2.34035
2.355625
2.460125
2.479325
2.48265
2.499425
2.5063
2.51545
2.6023
2.6369
2.811025
2.87645
2.926825
2.936
3.065225
3.171125
3.193625
3.4433
3.460275
3.461025
3.471675
3.484
3.50515
3.556575
3.6615
3.694375
3.7539
3.795025
3.8063
3.95275
4.045475
4.1191
4.1646
4.194525
4.207625
4.271225
4.302425
4.315275
4.413775
4.5192
4.6116
4.653825
4.6683
4.69435
4.70925
4.767775
4.830875
4.849575
5.0426
5.643075
6.0647
6.08915
6.221975
6.262025
6.28005
6.4586
6.49455
6.514775
6.600125
6.781025
6.945325
7.059875
7.083025
7.1385
7.2691
7.47655
7.5275
7.554475
7.925775
8.07025
8.103425
8.244125
8.3008
8.473625
8.485675
8.529925
8.64325
8.66025
8.791825
8.90665
8.9188
9.051275
9.13465
9.197325
9.264175
9.4837
9.5623
9.619775
9.63655
9.652625
171
