0.09305
0.12295
0.16555
0.320825
0.347725
0.436625
0.447075
0.45095
0.480425
0.481625
0.523125
0.5356
0.535925
0.537
0.55095
0.55105
0.55845
0.558925
0.590025
0.6043
0.61645
0.632375
0.636625
0.640825
0.643575
0.704175
0.7085
0.7111
0.7138
0.7165
0.739475
0.74045
0.77195
0.795575
0.803075
0.8221
0.826175
0.8633
0.8933
0.896625
0.9074
0.920175
0.9226
0.923625
0.95455
0.9825
1.03095
1.04675
1.08785
1.157825
1.1709
1.188275
1.199025
1.199925
1.235975
1.288925
1.2977
1.3298
1.374375
1.399525
1.4005
1.40505
1.451325
1.474625
1.503025
1.524575
1.5697
1.605575
1.683075
1.7177
1.81625
1.835775
1.96835
2.0116
2.193975
2.228125
2.334825
2.395475
2.39945
2.499075
2.516125
2.548875
2.559375
2.59325
2.651225
2.66125
2.666925
2.702675
2.7471
2.79285
2.9414
2.9492
2.994525
3.0324
3.126075
3.143475
3.145525
3.224175
3.382525
3.40025
3.46445
3.505425
3.5144
3.609225
3.671675
3.7475
3.8854
3.916275
3.93195
3.9885
4.012425
4.0547
4.174075
4.320075
4.4191
4.437075
4.489125
4.57845
4.59475
4.702275
4.770825
4.8439
4.866925
4.88995
4.970275
5.12725
5.290325
5.388875
5.401175
5.4229
5.738675
5.740025
5.76115
5.799225
5.82465
5.853375
5.92895
6.1412
6.176425
6.188125
6.193675
6.387525
6.411025
6.4356
6.6692
6.688425
6.691375
7.07295
7.2058
7.2163
7.2332
7.237375
7.73955
7.76215
8.13285
8.16385
8.230775
8.320325
8.328175
8.359225
8.4995
8.59635
8.873475
8.880325
8.9066
8.936075
8.9958
9.13395
9.1521
9.22325
9.433875
9.563425
9.67705
9.70695
9.8224
175
