0.03295
0.156
0.390925
0.44835
0.459025
0.4687
0.487025
0.4931
0.5192
0.5293
0.538125
0.547525
0.551625
0.564925
0.58685
0.600925
0.62685
0.62775
0.628425
0.63975
0.66045
0.676275
0.68535
0.69675
0.727375
0.734925
0.7373
0.741175
0.750025
0.764325
0.770475
0.774475
0.785475
0.790825
0.80685
0.813725
0.81515
0.8176
0.8251
0.878375
0.9298
0.94
0.952975
0.977
0.99625
1.000475
1.000775
1.03245
1.0534
1.0595
1.098825
1.09925
1.136975
1.166875
1.171725
1.1913
1.1971
1.236075
1.243375
1.2679
1.27795
1.293175
1.32545
1.4485
1.454625
1.479575
1.500275
1.503625
1.5648
1.5817
1.597725
1.624175
1.673925
1.70575
1.7167
1.7201
1.747125
1.78535
1.798325
1.839275
1.873225
2.021625
2.0567
2.098125
2.13775
2.1472
2.232675
2.2376
2.289775
2.30625
2.549
2.603475
2.702925
2.72325
2.9563
3.105025
3.1224
3.135825
3.152925
3.246175
3.2669
3.275225
3.543475
3.5485
3.721675
3.77175
3.84855
3.89195
4.1463
4.201925
4.268025
4.2926
4.3136
4.35555
4.3994
4.446525
4.47505
4.494725
4.5902
4.8187
4.871225
4.9346
4.942325
4.9544
5.368
5.4017
5.592375
5.617
5.70435
6.2152
6.291675
6.3137
6.3263
6.72265
6.838825
6.959375
7.040025
7.19335
7.2334
7.2619
7.456075
7.551475
7.6124
7.641725
7.840325
7.9168
8.06615
8.106525
8.13975
8.3267
8.532225
8.541575
8.895675
8.910825
8.94425
8.967425
8.97825
8.979025
9.066775
9.10015
9.17615
9.18895
9.391075
9.709775
164
