0.279625
0.288525
0.454325
0.463125
0.4819
0.488925
0.4995
0.528275
0.557475
0.6007
0.6036
0.647
0.656475
0.657275
0.658725
0.66055
0.66985
0.690725
0.714475
0.7357
0.750925
0.7629
0.773125
0.7888
0.796
0.80275
0.8102
0.839125
0.870775
0.8723
0.87705
0.90815
0.912125
0.917175
0.92285
0.9288
0.955275
0.9665
1.017475
1.057975
1.084375
1.09405
1.104375
1.134725
1.149175
1.152525
1.1684
1.1808
1.39735
1.47775
1.576175
1.640825
1.660875
1.69285
1.7239
1.7357
1.753325
1.759525
1.806575
1.83785
1.95295
1.953625
1.95735
1.98395
2.033275
2.049475
2.109225
2.2915
2.3503
2.522875
2.560575
2.58285
2.58985
2.73885
2.752725
2.753975
2.76455
2.77395
2.78885
2.861525
2.923475
2.96915
2.976425
2.981325
3.047225
3.16905
3.255175
3.26185
3.369275
3.43025
3.4993
3.76855
3.787675
3.80555
3.933775
3.99345
4.030075
4.082875
4.313875
4.616175
4.708825
4.8808
4.980275
4.999825
5.117875
5.164175
5.278075
5.27985
5.320925
5.350375
5.374525
5.51825
5.531275
5.5659
5.9179
5.953375
5.97715
5.9876
6.016275
6.047275
6.0729
6.168075
6.20535
6.21185
6.296125
6.318375
6.32905
6.3401
6.343
6.407475
6.4707
6.534225
6.549575
6.68185
6.701625
6.74065
7.0
7.1953
7.270675
7.318325
7.49865
7.539775
7.5561
7.794075
8.061175
8.15195
8.515425
8.68525
8.686875
8.939125
9.38085
9.4875
152
