0.1039
0.191025
0.212625
0.24945
0.279475
0.30485
0.346125
0.404925
0.4216
0.465175
0.4767
0.48005
0.483325
0.485875
0.4937
0.509675
0.51165
0.520375
0.5219
0.522075
0.53285
0.53625
0.538725
0.5451
0.585675
0.620625
0.625475
0.629925
0.635925
0.6437
0.65735
0.673075
0.676875
0.70135
0.704725
0.719875
0.73235
0.74265
0.743825
0.75795
0.7594
0.7794
0.829525
0.868675
0.925175
0.936925
0.980325
0.988075
0.9925
1.067625
1.082825
1.0867
1.1485
1.2221
1.24685
1.254425
1.264025
1.2867
1.363
1.368925
1.37205
1.37365
1.40855
1.436775
1.448725
1.544225
1.547625
1.548325
1.573675
1.607875
1.614025
1.666825
1.837025
1.9546
2.042825
2.192625
2.2081
2.222025
2.25245
2.2729
2.296875
2.35325
2.356025
2.3674
2.405575
2.45265
2.50095
2.546725
2.676075
2.678925
2.7338
2.7422
2.7893
2.8071
2.84485
3.0759
3.20925
3.2507
3.3867
3.388075
3.40345
3.4173
3.47755
3.56775
3.61195
3.659025
3.67105
3.85125
3.897825
3.9362
4.133925
4.13765
4.173875
4.23085
4.2795
4.573175
4.759725
4.9124
4.937875
5.07705
5.094625
5.110525
5.147
5.1498
5.2869
5.295125
5.421225
5.445725
5.473125
5.50515
5.53425
5.5994
5.658
5.7705
5.985875
6.015075
6.09315
6.286475
6.37
6.4271
6.4734
6.612525
6.788825
7.019325
7.16255
7.23445
7.345575
7.53515
7.6277
7.679625
7.8166
7.8705
7.87895
7.967
8.004525
8.14025
8.15105
8.2301
8.250475
8.4031
8.53065
8.54715
8.656325
8.713
9.0294
9.050675
9.051225
9.1249
9.23665
9.79555
9.95995
171
