0.273575
0.311375
0.335625
0.4273
0.432975
0.437875
0.462575
0.483875
0.4968
0.5211
0.52935
0.5314
0.535625
0.559325
0.5604
0.56305
0.566
0.578925
0.600925
0.612675
0.65045
0.652725
0.6578
0.662775
0.70605
0.748875
0.769125
0.7884
0.811825
0.81415
0.83565
0.836425
0.844125
0.851475
0.854425
0.8952
0.89595
0.9178
0.9418
0.9444
0.94845
0.9571
0.958225
1.0018
1.003575
1.007425
1.025625
1.0333
1.033775
1.060025
1.21785
1.273875
1.295175
1.313725
1.342575
1.358775
1.42475
1.435775
1.46185
1.48255
1.51715
1.530375
1.57535
1.57855
1.621425
1.656375
1.707975
1.848775
1.877925
1.88165
1.96295
1.981425
1.9871
1.9891
2.0508
2.1687
2.176375
2.257725
2.354875
2.382275
2.440525
2.47605
2.50485
2.609325
2.656275
2.664225
2.7428
2.779875
2.78675
2.8212
2.823325
3.043625
3.27185
3.39055
3.44895
3.483825
3.56765
3.58945
3.68545
3.7303
3.823675
3.8608
3.91165
3.999725
4.2056
4.298675
4.391325
4.5421
4.6174
4.618275
4.7884
4.906675
4.947025
5.054875
5.09525
5.535425
5.597825
5.806725
5.84165
6.10475
6.2217
6.3142
6.33765
6.40375
6.492875
6.715125
7.074725
7.0983
7.1755
7.193175
7.373125
7.4023
7.462775
8.0258
8.0892
8.2301
8.455275
8.5285
8.5961
8.667725
8.789125
8.8829
9.120975
9.179875
9.29355
9.435075
9.53205
147
