0.180475
0.4267
0.44175
0.442175
0.448175
0.4683
0.48245
0.5065
0.5126
0.52855
0.531175
0.5321
0.53885
0.548875
0.55585
0.568875
0.56975
0.57015
0.57365
0.596875
0.6071
0.61745
0.638475
0.6478
0.6525
0.653125
0.672025
0.677275
0.711
0.711175
0.71555
0.73535
0.736625
0.739275
0.7447
0.75365
0.7991
0.81245
0.8515
0.872925
0.966875
1.017525
1.036
1.049925
1.05625
1.0674
1.07365
1.08715
1.0924
1.092775
1.127925
1.129325
1.14
1.148875
1.180725
1.20875
1.248575
1.281875
1.297025
1.319225
1.3381
1.49295
1.5117
1.533375
1.57855
1.603075
1.61105
1.6296
1.64275
1.65295
1.70515
1.71545
1.71905
1.731625
1.790275
1.83935
1.880875
1.91445
1.941875
1.945325
2.0054
2.0857
2.162825
2.370325
2.5502
2.681775
2.707225
2.803175
2.95955
2.97115
2.9799
3.049275
3.2173
3.2298
3.230825
3.449825
3.533625
3.5703
3.620175
3.63075
3.817775
3.873275
4.205425
4.281875
4.291825
4.3558
4.40175
4.501975
4.63875
4.641725
4.8035
4.82365
5.01375
5.019725
5.0367
5.085525
5.1272
5.34965
5.37975
5.386175
5.419275
5.554675
5.595275
5.67055
5.674275
5.740825
5.82145
5.86095
5.94185
5.96945
6.1324
6.155225
6.5436
6.57735
6.768075
6.8716
6.88235
7.38735
7.532525
7.591225
7.758875
7.90755
8.056575
8.2432
8.5473
8.71765
8.7593
8.949225
9.0125
9.24575
9.299
9.3361
9.472525
9.815875
9.92095
9.995875
156
