0.07235
0.362225
0.4777
0.478075
0.478875
0.48095
0.48885
0.503725
0.50825
0.511475
0.516475
0.53575
0.539175
0.542625
0.542725
0.5447
0.563625
0.593825
0.5998
0.639475
0.6493
0.649575
0.68805
0.70725
0.7293
0.733275
0.7421
0.7553
0.765525
0.779125
0.786075
0.818375
0.8229
0.831675
0.83755
0.84055
0.850725
0.857925
0.8731
0.878375
0.89895
0.947875
0.95365
0.96085
1.0016
1.0078
1.05465
1.08735
1.1151
1.129425
1.134825
1.1672
1.1936
1.26715
1.27615
1.285725
1.31685
1.3425
1.348
1.355125
1.392525
1.43815
1.47115
1.536075
1.5473
1.5707
1.604075
1.645
1.649025
1.71915
1.73745
1.746875
1.754625
1.76415
1.80115
1.810175
1.8851
1.94465
1.99045
2.0562
2.088425
2.092475
2.10155
2.113725
2.1449
2.29955
2.3159
2.343725
2.34945
2.42135
2.475375
2.544225
2.628725
2.6422
2.66835
2.70685
2.78485
2.793775
2.84505
2.856275
2.9049
2.9719
2.984175
3.007475
3.052025
3.178275
3.18235
3.2715
3.4187
3.43145
3.436075
3.458725
3.45935
3.474475
3.48425
3.6748
3.7346
3.85295
3.968575
4.0178
4.020875
4.050875
4.07775
4.0796
4.08375
4.086025
4.181175
4.262925
4.314275
4.339975
4.397075
4.8549
4.899075
4.914
4.9245
4.973175
5.139
5.20795
5.5127
5.548675
5.93005
5.93405
5.972575
6.058425
6.059125
6.07645
6.154
6.1794
6.50465
6.65275
6.77275
6.9429
7.0832
7.236925
7.461925
7.526425
7.57675
7.577825
7.638475
7.74955
7.839425
8.014525
8.065475
8.092875
8.585675
8.65635
8.9057
8.9368
9.148775
9.211325
9.229475
9.312075
9.375475
9.417325
9.734775
9.80515
176
