0.218575
0.290375
0.411225
0.4125
0.45245
0.457175
0.459925
0.46465
0.475775
0.486575
0.495175
0.497125
0.50105
0.5218
0.52965
0.53645
0.544575
0.560275
0.562375
0.58125
0.583925
0.5854
0.593875
0.599825
0.647025
0.650825
0.6533
0.660825
0.66405
0.666825
0.671675
0.68255
0.701875
0.718
0.72795
0.7365
0.741275
0.7496
0.7527
0.758975
0.7622
0.779575
0.77965
0.788825
0.814925
0.83
0.830725
0.84675
0.895825
0.90255
0.914275
0.918325
0.9385
0.968425
0.991075
1.024375
1.0291
1.035025
1.0896
1.09935
1.117525
1.136225
1.148825
1.185875
1.207375
1.224925
1.2539
1.27155
1.30305
1.333025
1.339825
1.3873
1.45155
1.45285
1.546575
1.551825
1.62375
1.664125
1.70885
1.722525
1.7286
1.735525
1.90055
1.954175
1.979875
2.018375
2.022875
2.08785
2.147725
2.19865
2.2651
2.2762
2.2775
2.36345
2.4188
2.459225
2.5704
2.683625
2.708875
2.716975
2.80865
2.8145
2.81495
2.94055
2.9979
3.013225
3.0517
3.062875
3.16745
3.18045
3.223225
3.2544
3.257725
3.390775
3.43435
3.52255
3.754775
3.810875
3.934025
3.936775
4.016275
4.025
4.058875
4.12365
4.1277
4.36855
4.369925
4.420375
4.6867
4.784225
4.855775
4.89975
4.9327
5.0307
5.148775
5.235275
5.23765
5.240725
5.252375
5.46675
5.47695
5.500625
5.6049
5.61865
5.6218
5.950075
5.9794
6.23095
6.425325
6.50925
6.5238
6.536675
7.023125
7.0286
7.092275
7.127225
7.322875
7.606425
7.798975
7.948475
8.1034
8.126675
8.154175
8.222525
8.2795
8.36385
8.46105
8.51465
8.618725
8.92435
8.943125
8.98845
9.166425
9.274875
9.349325
9.588725
9.622925
9.76275
9.855575
9.930325
180
