0.1412
0.2723
0.4556
0.45575
0.4704
0.4803
0.486675
0.5068
0.508
0.523875
0.526725
0.533025
0.53535
0.537775
0.544625
0.547325
0.550025
0.55825
0.575625
0.580925
0.58525
0.608525
0.63345
0.63755
0.6466
0.651075
0.657225
0.681375
0.707075
0.71595
0.718525
0.72295
0.731275
0.734175
0.7373
0.739425
0.75235
0.77965
0.8246
0.84125
0.84185
0.8432
0.852125
0.869925
0.88155
0.890375
0.941575
0.943075
0.944925
0.94545
0.94835
0.971775
0.974075
0.99475
1.02075
1.039075
1.047125
1.09665
1.108025
1.11585
1.129425
1.1378
1.173625
1.2268
1.237525
1.2379
1.238525
1.25135
1.307025
1.32155
1.335475
1.349825
1.350575
1.365275
1.49395
1.54095
1.6051
1.79185
1.8628
1.946325
1.9569
1.9701
2.058225
2.0905
2.1626
2.162925
2.27355
2.34225
2.342425
2.403375
2.52865
2.666725
2.699425
2.70275
2.818
2.82255
2.870925
3.1909
3.249525
3.252675
3.287775
3.40205
3.504475
3.775075
3.7839
3.7998
3.8815
3.9027
3.913875
3.9258
4.069775
4.10355
4.210225
4.30525
4.568025
4.608675
4.65275
4.7806
4.8088
4.810075
4.846175
4.936025
5.06755
5.2385
5.341525
5.4044
5.42985
5.44275
5.654375
5.669475
5.809675
5.827275
5.84525
5.989
6.07975
6.50675
6.543325
6.56175
6.569475
6.8217
6.825625
6.972375
6.97775
7.03105
7.06025
7.325775
7.43465
7.4608
7.83335
7.868325
7.901275
8.049575
8.139025
8.3515
8.399175
8.45245
8.62425
8.844625
8.941975
9.1039
9.13595
9.19945
9.22825
9.271925
9.365575
9.594375
9.600525
9.615125
9.98855
169
