0.005525
0.089725
0.23715
0.24355
0.438775
0.45855
0.4652
0.49525
0.500175
0.52075
0.5236
0.5629
0.577325
0.597375
0.602525
0.6195
0.6209
0.6326
0.65195
0.654175
0.6614
0.6722
0.673975
0.6794
0.696775
0.705175
0.71975
0.722075
0.734225
0.760925
0.770375
0.776025
0.7774
0.788825
0.801875
0.87205
0.886425
0.919
0.947275
0.97965
0.9807
0.98115
0.98235
0.9865
0.988725
1.0459
1.05235
1.120625
1.134725
1.21965
1.223825
1.265725
1.2668
1.322075
1.331925
1.348475
1.35435
1.499925
1.554525
1.665775
1.671425
1.7104
1.809925
1.8318
1.8454
1.943225
1.999525
2.125925
2.147925
2.19195
2.224075
2.354925
2.390975
2.4222
2.443825
2.53185
2.651775
2.8279
2.858525
2.8818
2.900675
2.90075
2.901225
2.97845
3.157825
3.209975
3.352075
3.479175
3.572275
3.653175
3.684475
3.735775
3.8079
3.821975
3.878025
4.03395
4.0353
4.037025
4.038625
4.06785
4.19675
4.3867
4.480275
4.485725
4.4982
4.54225
4.67405
4.857225
4.96185
4.963475
5.102825
5.224175
5.2321
5.534
5.657925
5.792775
5.836425
5.84725
6.01955
6.0504
6.07
6.11415
6.1944
6.28335
6.603575
6.636775
6.874025
6.983875
7.046025
7.13175
7.234675
7.36785
7.456575
7.478175
7.552125
7.619225
7.6279
7.68355
7.6863
7.708575
7.81
7.837325
7.96745
7.973175
8.125075
8.125675
8.15265
8.398575
8.45925
8.61645
8.788625
8.797225
8.9031
8.92415
9.0116
9.02345
9.10615
9.108575
9.203325
9.451
9.76545
9.76645
9.7715
9.883125
9.90585
165
