0.077125
0.110025
0.214175
0.442775
0.445125
0.4783
0.482275
0.48245
0.483575
0.486925
0.495075
0.49785
0.51055
0.5139
0.52205
0.53665
0.54375
0.546925
0.549225
0.554075
0.557125
0.57605
0.578275
0.583
0.587825
0.6006
0.623975
0.658225
0.68505
0.690925
0.7047
0.712925
0.7492
0.756425
0.894825
0.89685
0.92595
0.92655
0.935325
0.937
0.9384
0.9467
0.9585
0.970625
0.9723
0.976175
0.981525
1.007825
1.021
1.030525
1.06075
1.073275
1.074425
1.09195
1.17335
1.202025
1.21865
1.228075
1.2613
1.2928
1.37055
1.37695
1.441525
1.49135
1.507925
1.5351
1.631125
1.64605
1.8678
1.9518
1.99075
2.197875
2.2963
2.364025
2.5668
2.719325
2.860675
2.9381
2.970475
3.074625
3.257525
3.38235
3.396875
3.501875
3.538075
3.547375
3.556125
3.561725
3.674675
3.67505
3.693625
3.741625
3.750275
3.949075
3.9501
4.05375
4.207275
4.288425
4.29635
4.3802
4.388825
4.4506
4.495575
4.510925
4.8073
4.8894
4.920025
4.93355
4.9562
5.032575
5.167875
5.202075
5.28345
5.31555
5.54645
5.79385
5.851725
6.008
6.113425
6.1576
6.409575
6.630425
6.876125
6.9749
7.081675
7.111225
7.1908
7.40915
7.608125
7.659275
7.74905
8.01615
8.214875
8.305875
8.4171
8.510675
8.546625
8.729875
8.787175
9.0182
9.04255
9.27875
9.371775
9.474325
9.7249
9.73455
9.874175
147
