0.406375
0.4165
0.428525
0.46035
0.476375
0.489875
0.505125
0.515
0.527175
0.529175
0.533975
0.5365
0.552375
0.5876
0.593975
0.599725
0.604075
0.611225
0.6114
0.6347
0.654875
0.668175
0.6758
0.681225
0.7025
0.714925
0.716175
0.718275
0.7392
0.750375
0.767575
0.774325
0.7784
0.7878
0.816125
0.824125
0.85525
0.87405
0.884
0.88905
0.90865
0.960925
0.9812
1.029
1.030175
1.0715
1.101425
1.12545
1.1505
1.1943
1.217075
1.22905
1.230075
1.2393
1.247575
1.29035
1.295225
1.3401
1.40155
1.5345
1.672225
1.685875
1.701925
1.746075
1.770725
1.82785
1.87005
1.872125
1.913325
1.973425
2.061475
2.218725
2.256475
2.29705
2.308875
2.345175
2.40885
2.4634
2.49255
2.53145
2.673275
2.67665
2.696875
2.741225
2.813025
2.9243
2.94275
2.957325
3.015975
3.080675
3.243025
3.28345
3.35805
3.363175
3.400475
3.483675
3.485025
3.5482
3.573125
3.57465
3.7249
3.733375
3.74495
3.75945
3.800875
3.93325
3.9638
3.984025
4.285475
4.404975
4.417
4.53135
4.613425
4.641225
4.74155
4.802175
4.830375
4.8684
4.9457
4.9947
5.09625
5.134675
5.151475
5.1958
5.209025
5.383825
5.48095
5.55755
5.6884
5.722325
5.78335
5.826175
6.009975
6.255775
6.56005
6.666475
6.676875
6.737325
7.010675
7.12585
7.130275
7.4586
7.475675
7.499725
7.579725
7.61885
7.693625
7.7264
7.759025
8.284475
8.32745
8.471
8.5663
8.751375
9.063075
9.06335
9.2344
9.3198
9.54805
9.73595
160
