0.133125
0.2284
0.24645
0.258225
0.29135
0.4209
0.42155
0.478275
0.4842
0.485775
0.48615
0.49545
0.5062
0.5082
0.510625
0.5135
0.51525
0.5206
0.524025
0.525075
0.530525
0.540075
0.558425
0.5759
0.578325
0.601825
0.616325
0.617725
0.64295
0.660775
0.663225
0.665025
0.667325
0.667425
0.7073
0.730025
0.76235
0.797175
0.809775
0.8268
0.82875
0.8381
0.839575
0.84
0.866175
0.8756
0.89545
0.91045
0.911025
0.921775
0.924175
0.9348
0.95175
0.964325
0.9684
0.989775
0.995125
0.997075
1.071775
1.089175
1.090575
1.114475
1.128625
1.1313
1.1845
1.203275
1.209525
1.21115
1.21855
1.225625
1.230325
1.2856
1.3832
1.386275
1.45465
1.4951
1.50805
1.51125
1.531775
1.5652
1.572425
1.632725
1.67085
1.69195
1.718525
1.733325
1.739825
1.75415
1.77955
1.86655
1.871975
1.9442
1.95615
2.052725
2.0932
2.24515
2.268025
2.276925
2.28005
2.287225
2.320975
2.35065
2.360275
2.3873
2.41095
2.585625
2.62325
2.62885
2.63215
2.759975
2.80325
2.805625
2.96155
3.080775
3.112625
3.12985
3.199775
3.225725
3.298675
3.341425
3.4375
3.4495
3.5035
3.53205
3.567275
3.65135
3.77605
3.813525
3.818125
3.825325
3.841575
3.8458
3.9485
4.02765
4.144925
4.25805
4.3474
4.502325
4.57085
4.899925
4.906925
5.18435
5.19865
5.2344
5.24405
5.30085
5.35705
5.43175
5.565375
5.5735
5.587675
5.787025
5.816775
6.005325
6.0578
6.15995
6.17815
6.1834
6.2197
6.415975
6.713
6.80515
7.140925
7.25405
7.33155
7.432975
7.604025
7.62115
7.77365
7.863475
8.12045
8.400325
8.870025
8.9282
8.979375
9.05565
9.368925
9.556575
9.5623
9.671
9.9486
9.9918
182
