0.0939
0.14445
0.1729
0.426775
0.47645
0.5075
0.513875
0.54725
0.5669
0.5678
0.569525
0.579475
0.5936
0.594425
0.598
0.623075
0.62815
0.6361
0.637875
0.642075
0.64855
0.67505
0.684075
0.712925
0.71815
0.726075
0.74785
0.757375
0.763525
0.771075
0.7825
0.789025
0.814725
0.85145
0.8588
0.86625
0.906325
0.907275
0.9335
0.942875
0.973275
0.979425
0.979775
0.986175
1.00695
1.024225
1.0434
1.057675
1.0684
1.1012
1.159375
1.220475
1.227475
1.237825
1.306225
1.3066
1.342425
1.344925
1.35205
1.3571
1.37255
1.412025
1.41535
1.438
1.46155
1.479925
1.493425
1.6174
1.6181
1.6223
1.7358
1.7368
1.76575
1.769
1.89395
1.901675
2.08645
2.09195
2.154375
2.23945
2.331175
2.35895
2.492375
2.608325
2.615325
2.684525
2.713125
2.787525
2.8255
2.90785
2.914125
2.9505
3.108625
3.133625
3.293875
3.432125
3.459
3.492775
3.535325
3.62215
3.67705
3.721275
3.769475
3.864775
3.9183
4.048775
4.0598
4.07845
4.151025
4.215375
4.23425
4.343475
4.4228
4.66515
4.7773
4.78135
4.961175
5.028975
5.082125
5.120825
5.31065
5.44835
5.496975
5.63035
5.665925
5.810075
6.17085
6.236
6.322775
6.3492
6.543175
6.59005
6.647725
6.7048
6.96735
6.989475
7.228375
7.4739
7.665525
7.7345
7.75
7.80025
8.019325
8.29945
8.300275
8.311175
8.4232
8.468075
8.756325
9.097225
9.14645
9.1932
9.326725
9.599725
9.65985
9.707975
9.798825
9.8232
9.85745
9.870625
9.92335
9.977
162
