0.120625
0.152
0.453975
0.487725
0.493125
0.4963
0.497175
0.514975
0.515825
0.522375
0.534
0.538975
0.539275
0.5458
0.548325
0.551975
0.590725
0.59195
0.59245
0.59855
0.6008
0.608525
0.61255
0.62465
0.626575
0.626775
0.647375
0.703675
0.7084
0.712575
0.714325
0.73475
0.744475
0.784475
0.813325
0.84035
0.8467
0.8538
0.859025
0.8725
0.873525
0.87665
0.89125
0.921175
0.928025
0.9283
0.968225
1.00865
1.016775
1.035725
1.0663
1.069325
1.124175
1.16325
1.16605
1.1969
1.20105
1.215
1.218925
1.229625
1.26555
1.27815
1.2819
1.386475
1.40145
1.406875
1.41655
1.464775
1.48555
1.5068
1.54085
1.54785
1.576975
1.578025
1.592475
1.608525
1.61995
1.6787
1.69805
1.7204
1.811125
1.81775
1.89315
1.9643
2.166925
2.168125
2.221325
2.231975
2.353475
2.39955
2.440825
2.465875
2.532525
2.557925
2.577225
2.628075
2.6565
2.66895
2.699
2.70365
2.71735
2.724725
2.91295
3.062725
3.272575
3.285025
3.627775
3.667125
3.67015
3.759325
3.760725
3.77295
3.841425
4.1608
4.21445
4.37265
4.38065
4.4131
4.5154
4.526425
4.542275
4.6036
4.66725
4.667525
4.770425
4.8318
4.849525
5.00275
5.106525
5.120675
5.1481
5.44995
5.4842
5.6026
5.640875
5.7192
5.737
5.8309
5.88115
5.900775
6.124775
6.180525
6.27225
6.330675
6.543175
6.59295
6.604275
6.605975
6.73865
6.883775
7.19005
7.3075
7.373275
7.48865
7.526875
7.6665
7.789
7.8124
8.04995
8.0831
8.2353
8.27615
8.3858
8.53295
8.58515
8.707225
8.859725
8.986575
9.03865
9.295675
9.5139
9.5791
9.701225
9.72585
9.808525
9.8171
9.880525
177
