0.076475
0.112375
0.16205
0.338875
0.355975
0.418675
0.48035
0.491
0.500375
0.50795
0.50845
0.5106
0.51595
0.527875
0.53195
0.541275
0.547425
0.568725
0.57645
0.5821
0.603825
0.61465
0.629925
0.6326
0.63545
0.645275
0.655
0.6866
0.700975
0.72495
0.73685
0.7513
0.76125
0.7715
0.7741
0.7791
0.79765
0.8142
0.843325
0.847625
0.850825
0.856925
0.911025
0.943775
0.965375
1.0162
1.03155
1.0772
1.121075
1.1904
1.1918
1.193275
1.224625
1.29155
1.296625
1.3573
1.363025
1.36845
1.371025
1.379225
1.38575
1.43605
1.557475
1.590025
1.59305
1.681725
1.702925
1.710925
1.774875
1.844975
1.886475
2.0994
2.154475
2.216925
2.2474
2.3222
2.33415
2.355525
2.395975
2.42065
2.441575
2.46065
2.4882
2.511525
2.53115
2.567075
2.63495
2.65135
2.6542
2.66815
2.711425
2.7312
2.7965
2.814275
2.849675
3.1581
3.209625
3.232625
3.280925
3.295525
3.394775
3.4467
3.539625
3.58465
3.628325
3.83305
3.842575
3.968975
4.004775
4.059325
4.100625
4.165825
4.2233
4.256625
4.304925
4.347425
4.4985
4.565825
4.60655
4.60855
4.84565
4.884525
5.053025
5.1365
5.192525
5.4162
5.449775
5.569475
5.606925
5.867075
6.2149
6.31745
6.643475
6.646975
6.75965
6.83395
6.869025
7.211625
7.235375
7.416225
7.598325
7.679025
7.8225
7.9011
7.9757
8.058075
8.0957
8.262925
8.391125
8.49175
8.679275
8.680825
8.688775
8.70045
8.86175
8.900775
8.9802
9.081775
9.3126
9.369525
9.449525
9.670825
9.872375
9.928925
9.99285
165
