0.05085
0.11585
0.142
0.2709
0.33365
0.38765
0.4064
0.431625
0.453225
0.476375
0.48685
0.508225
0.5108
0.513775
0.5152
0.52425
0.526325
0.53145
0.533175
0.540425
0.56435
0.567975
0.572225
0.582075
0.59165
0.5975
0.606825
0.62785
0.62795
0.678625
0.682075
0.69365
0.698975
0.7003
0.70065
0.727225
0.735375
0.7362
0.74155
0.749925
0.752675
0.753275
0.7635
0.77155
0.780925
0.79915
0.799875
0.800625
0.841275
0.85445
0.8761
0.87635
0.885975
0.9373
0.97765
1.007525
1.062425
1.074075
1.089075
1.09655
1.118075
1.1293
1.132625
1.133475
1.139275
1.176725
1.188875
1.236525
1.272175
1.29095
1.30475
1.32695
1.345275
1.41395
1.4318
1.434125
1.470275
1.4781
1.514475
1.51645
1.599675
1.673825
1.7251
1.743425
1.765525
1.81065
1.861875
1.949725
2.021925
2.155925
2.321925
2.38205
2.496125
2.507775
2.558425
2.63875
2.671875
2.824575
2.843775
2.84425
2.8462
2.97275
3.0174
3.1434
3.167425
3.2162
3.33665
3.36475
3.374375
3.456575
3.466575
3.754825
3.903125
3.9339
4.02025
4.045875
4.131225
4.177275
4.233225
4.5631
4.787425
4.84465
4.9067
4.92065
4.931075
4.987675
5.027575
5.0445
5.04995
5.069275
5.135225
5.191625
5.247075
5.252925
5.61395
5.629725
5.86
5.97015
5.973425
6.001325
6.5577
6.753825
6.7871
6.79645
6.899
6.910475
6.979
7.0673
7.24595
7.272325
7.2914
7.426325
7.44315
7.505825
7.50885
7.5526
7.727725
7.78095
7.98565
8.201525
8.239925
8.4065
8.48025
8.574525
8.650325
8.964025
8.996225
9.204375
9.315525
9.46615
9.550325
9.600425
9.819925
9.90105
174
