0.041975
0.167875
0.470675
0.488775
0.4907
0.510375
0.5222
0.52405
0.528675
0.544525
0.5683
0.579075
0.607925
0.61255
0.6147
0.6594
0.6816
0.696275
0.8129
0.823
0.8268
0.8387
0.865525
0.884925
0.885675
0.91435
0.9671
0.980675
0.985
0.99915
1.069375
1.072875
1.07815
1.084925
1.098325
1.1832
1.18715
1.2282
1.24195
1.3311
1.363975
1.38375
1.438325
1.441575
1.747175
1.75205
1.75295
1.755725
1.795375
1.806875
1.821625
1.845075
1.857425
1.8909
1.89305
1.981975
1.989
1.997625
2.04235
2.106025
2.1296
2.15
2.3316
2.333925
2.418625
2.70365
2.719
2.804575
2.8179
2.8191
2.8942
2.9414
3.08105
3.08395
3.279875
3.29125
3.3247
3.502125
3.543525
3.687375
3.777775
3.80135
3.85215
4.1209
4.137775
4.2634
4.311425
4.3219
4.343175
4.35015
4.36275
4.442325
4.49985
4.50275
4.51805
4.6321
4.806775
4.888025
5.02685
5.043175
5.201925
5.2458
5.3063
5.362375
5.635625
5.74545
5.777
6.01735
6.04195
6.29315
6.301675
6.439475
6.5094
6.717675
7.04765
7.088425
7.1413
7.238675
7.259725
7.29285
7.352325
7.5085
7.77405
7.840075
7.845575
8.0555
8.081425
8.112275
8.348
8.454425
8.655075
8.92425
9.020375
9.040425
9.407225
9.5179
9.5795
9.663225
9.78385
9.8419
9.869875
141
