0.00085
0.14525
0.252875
0.448075
0.4695
0.49095
0.50125
0.502275
0.514175
0.52025
0.520775
0.535675
0.563275
0.56395
0.575125
0.57815
0.6095
0.63345
0.639825
0.642375
0.66885
0.669875
0.71975
0.73865
0.754975
0.762975
0.786125
0.79195
0.8033
0.809125
0.833
0.84635
0.8534
0.899925
0.936825
0.94035
0.946475
0.96265
0.967625
1.08825
1.092
1.119575
1.137475
1.178725
1.229675
1.2813
1.290375
1.3479
1.3609
1.362375
1.4048
1.470875
1.476125
1.5275
1.5461
1.608
1.6824
1.715
1.80615
1.8791
1.89125
1.963725
1.9845
2.03075
2.103375
2.122325
2.216825
2.341325
2.3873
2.44155
2.470225
2.50345
2.565275
2.75045
2.879725
2.987825
3.042525
3.060125
3.076925
3.103675
3.240375
3.25625
3.310675
3.370275
3.502475
3.5538
3.71825
3.7264
3.894075
3.927275
4.344625
4.37385
4.4454
4.5517
4.561125
4.6749
4.760325
4.763175
4.894725
4.9859
4.9943
5.228675
5.33515
5.771025
5.7976
6.03175
6.1861
6.240975
6.24165
6.43155
6.512525
6.62355
6.849125
6.860825
6.893125
6.957375
7.35355
7.4014
7.507725
7.78095
7.789375
7.85315
7.871125
8.20965
8.712225
8.808475
9.012075
9.415325
9.657125
9.700825
9.798275
9.92615
132
