0.2749
0.3082
0.335225
0.3898
0.429225
0.456225
0.47705
0.486475
0.49605
0.49675
0.50095
0.505575
0.507475
0.5178
0.521625
0.5286
0.5289
0.530925
0.53195
0.551225
0.552
0.574575
0.601225
0.608225
0.643775
0.65135
0.6571
0.661625
0.67685
0.680575
0.745025
0.747625
0.7534
0.79825
0.806175
0.807375
0.835625
0.84205
0.8573
0.8874
0.890375
0.949925
0.95385
0.954575
1.00035
1.01295
1.016825
1.0211
1.02815
1.0284
1.0392
1.073975
1.076
1.077525
1.090675
1.1132
1.114875
1.169025
1.1883
1.2216
1.26055
1.26815
1.274475
1.291225
1.329625
1.351975
1.3627
1.40945
1.432775
1.444975
1.455575
1.515625
1.560675
1.56195
1.6517
1.72155
1.7322
1.783475
1.807925
2.021125
2.046325
2.1112
2.11835
2.14705
2.1687
2.2168
2.4053
2.50975
2.7248
2.799025
2.8188
3.04815
3.1843
3.242375
3.255975
3.26815
3.3192
3.4774
3.59635
3.649075
3.67655
3.733425
4.015775
4.126525
4.33445
4.427375
4.670275
4.7693
4.934575
4.99505
5.104025
5.122475
5.14185
5.14605
5.250825
5.52355
5.66085
5.904775
6.0027
6.205275
6.236675
6.276025
6.36995
6.40555
6.47745
6.49545
6.50195
6.6666
6.8696
6.90355
6.93605
7.124875
7.16485
7.1653
7.199275
7.314825
7.3862
7.588725
7.75065
7.76835
7.77275
7.794075
7.818375
7.8257
7.837725
7.9233
7.92745
8.148025
8.240775
8.430475
8.602775
8.638925
8.9205
8.95655
9.15185
9.36
9.419425
9.424525
9.582325
9.621225
9.799775
161
