0.0609
0.412225
0.425075
0.464925
0.47725
0.4808
0.493325
0.539675
0.5421
0.5475
0.56675
0.569325
0.579325
0.58335
0.59335
0.597175
0.601575
0.6202
0.620875
0.6246
0.62545
0.6284
0.6289
0.633
0.6437
0.64775
0.6564
0.700525
0.7183
0.722475
0.73175
0.73455
0.74985
0.7502
0.7578
0.772425
0.775675
0.805725
0.8264
0.840625
0.89455
0.90755
0.916025
0.9621
1.02235
1.054325
1.09535
1.10655
1.140525
1.15205
1.172675
1.177625
1.2727
1.290225
1.2968
1.31815
1.342325
1.39765
1.449825
1.456775
1.5071
1.519375
1.5699
1.574125
1.634
1.6589
1.689825
1.7049
1.7424
1.773775
1.78465
1.9115
1.9578
2.021125
2.044725
2.12385
2.238125
2.32395
2.384675
2.4987
2.596675
2.611675
2.6257
2.629725
2.81565
2.8926
2.9201
2.94765
2.9557
3.172825
3.173325
3.17885
3.4045
3.453925
3.467575
3.536
3.7007
3.727725
3.9449
3.971175
4.1469
4.200325
4.22965
4.273125
4.301025
4.35055
4.420525
4.512225
4.523525
4.612875
4.832025
5.007725
5.312425
5.320725
5.324275
5.37505
5.53615
5.59475
5.60855
5.64035
5.697675
5.868
5.8883
6.017175
6.09005
6.243725
6.256225
6.2735
6.276325
6.31005
6.449925
6.463525
6.471225
6.635775
6.922
7.007475
7.253875
7.268925
7.43065
7.541325
8.044375
8.376875
8.545675
8.713225
8.7795
8.849625
8.87825
8.9053
8.926775
8.9811
9.18095
9.2717
9.28465
9.320975
9.381725
9.5881
9.8902
9.970325
9.9799
159
