0.062725
0.095125
0.211775
0.361425
0.441625
0.442275
0.462625
0.46285
0.465825
0.482525
0.498
0.50245
0.514125
0.5166
0.554675
0.555975
0.573025
0.616325
0.621725
0.6243
0.6311
0.6325
0.6381
0.662125
0.673175
0.6946
0.74215
0.747075
0.819575
0.824775
0.832525
0.8441
0.848475
0.8531
0.856275
0.863875
0.874825
0.888525
0.89785
0.938575
0.97095
0.97195
0.9903
0.993075
1.044225
1.045575
1.0485
1.049725
1.056275
1.07055
1.10255
1.158275
1.19355
1.263875
1.266275
1.3059
1.341425
1.3637
1.36695
1.384675
1.4395
1.454
1.466875
1.475175
1.5007
1.510925
1.51735
1.54665
1.62255
1.64425
1.65015
1.65095
1.69725
1.724925
1.7626
1.786425
1.866325
1.908075
1.920725
1.934175
1.966575
1.973325
2.04075
2.12275
2.183875
2.23615
2.265525
2.28085
2.3054
2.3191
2.37715
2.48525
2.555625
2.7216
2.811625
2.832525
2.944325
3.043625
3.1185
3.209275
3.259125
3.28
3.310375
3.603575
3.6115
3.706925
3.76795
3.817525
3.835725
4.071575
4.083225
4.09815
4.10495
4.150075
4.150775
4.395575
4.41215
4.42555
4.456275
4.46705
4.49085
4.491475
4.6658
4.7009
4.858375
4.897125
4.92845
5.0187
5.060325
5.0798
5.087075
5.093825
5.269225
5.34755
5.440475
5.4683
5.70575
5.731075
5.832825
5.91045
5.919925
5.951675
5.989375
5.99495
6.04605
6.226525
6.31435
6.44705
6.473275
6.5766
6.586375
6.773175
6.9545
7.003675
7.00725
7.074225
7.315875
7.531875
7.702375
7.908225
8.175575
8.34015
8.600875
8.695575
8.739675
8.865
8.94045
8.96695
9.309425
9.507725
9.691375
9.760475
9.780525
9.82485
174
