0.050375
0.30965
0.324875
0.41425
0.46665
0.467225
0.47545
0.49335
0.4999
0.501175
0.50195
0.5036
0.5448
0.54595
0.55065
0.557525
0.567225
0.569375
0.574825
0.5918
0.59405
0.59855
0.64125
0.643
0.6698
0.67615
0.682725
0.691275
0.692425
0.717575
0.7255
0.741025
0.74455
0.7525
0.7891
0.798425
0.81555
0.864
0.876325
0.882725
0.885
0.890725
0.90115
0.908175
0.9122
0.915475
0.940825
0.9564
0.96545
1.030375
1.05905
1.0857
1.09425
1.100625
1.117075
1.17695
1.194325
1.2148
1.2221
1.230275
1.236825
1.257025
1.261375
1.310425
1.33315
1.3684
1.3814
1.432225
1.4374
1.52505
1.541375
1.557075
1.621775
1.665425
1.7563
1.767375
1.8534
1.8575
1.86145
1.895075
2.0098
2.0945
2.14325
2.186925
2.209375
2.25265
2.27555
2.32035
2.406525
2.450275
2.486575
2.51925
2.52195
2.6264
2.673125
2.82885
2.8672
2.9875
3.008375
3.1807
3.1908
3.19925
3.248675
3.284875
3.288525
3.3114
3.3989
3.425175
3.57555
3.602225
3.732425
3.750775
3.80195
3.8626
3.89565
3.994175
4.001325
4.009225
4.0186
4.03725
4.060725
4.093425
4.0972
4.232525
4.2968
4.368075
4.663925
4.79375
4.84985
4.9366
5.044775
5.090375
5.097175
5.1413
5.153525
5.432325
5.44585
5.551225
5.56005
5.870025
5.920025
5.93165
6.22245
6.26245
6.28245
6.297375
6.8357
6.947675
7.040175
7.30695
7.32045
7.324325
7.432325
7.5765
7.6065
7.6149
7.75615
7.7701
7.82075
7.84225
7.91365
8.19825
8.29815
8.353225
8.838775
8.925025
9.130525
9.435025
9.951925
169
