0.010225
0.032325
0.15915
0.442275
0.444725
0.48455
0.4861
0.498725
0.49955
0.530175
0.550425
0.562075
0.59335
0.59525
0.595425
0.59855
0.602225
0.65355
0.6716
0.6789
0.6816
0.716925
0.733325
0.7447
0.75895
0.76885
0.775425
0.8015
0.806975
0.812525
0.819725
0.8429
0.849525
0.8819
0.90515
0.949125
0.951
0.960575
0.98675
1.027375
1.0497
1.066075
1.074
1.085175
1.11035
1.134325
1.141275
1.15415
1.17405
1.281325
1.340825
1.353375
1.392925
1.429775
1.453
1.551725
1.595475
1.659325
1.743
1.7564
1.8102
1.81125
1.8183
1.8552
1.8968
1.934725
2.103875
2.178075
2.19295
2.203875
2.263575
2.273725
2.303925
2.3284
2.347775
2.430325
2.457475
2.609425
2.6133
2.6426
2.681725
2.876025
2.89835
2.99095
3.07735
3.162475
3.165725
3.18485
3.248625
3.25935
3.412175
3.436875
3.471075
3.6144
3.7218
3.784575
3.814075
3.900125
3.913175
3.921975
3.94015
3.94215
4.069775
4.10245
4.141325
4.297875
4.607275
4.65055
4.7373
4.7546
4.792025
4.93045
5.0022
5.3221
5.585475
5.67205
5.688175
5.7094
5.815075
6.01325
6.22615
6.256725
6.28415
6.31915
6.32105
6.507125
6.61415
6.69125
6.768875
6.82635
7.117425
7.32495
7.394525
7.493725
7.55475
7.7436
8.214325
8.286875
8.339975
8.92515
8.933425
9.1243
9.132125
9.5107
9.713275
145
