0.27035
0.2867
0.37825
0.4306
0.4307
0.442475
0.490225
0.491275
0.511325
0.515375
0.51935
0.52485
0.52965
0.534
0.570475
0.572
0.5727
0.580325
0.58795
0.588
0.5903
0.615075
0.618275
0.630975
0.63395
0.649725
0.654175
0.6867
0.6992
0.71735
0.72445
0.730125
0.734825
0.75575
0.767725
0.815675
0.843075
0.8454
0.85215
0.873925
0.897075
0.9034
0.9344
0.951925
0.952375
0.9583
0.958425
0.96645
0.97345
0.978025
0.98635
1.0072
1.01155
1.03535
1.06175
1.1227
1.1467
1.162225
1.194075
1.226675
1.230175
1.2724
1.27945
1.306475
1.349675
1.365
1.3704
1.398425
1.40725
1.415275
1.44255
1.47875
1.517
1.532525
1.57965
1.612
1.6338
1.81625
1.882125
1.882975
1.8976
2.018675
2.08855
2.12815
2.22805
2.278475
2.29635
2.596825
2.6005
2.60345
2.709575
2.762825
2.814725
2.838475
2.8831
2.90485
2.995675
3.033325
3.11665
3.171975
3.40395
3.482825
3.486225
3.533
3.5577
3.574275
3.6693
3.954825
3.9848
4.03675
4.2297
4.350775
4.370425
4.372925
4.77075
4.9873
4.992625
5.440825
5.5186
5.5705
5.61225
5.889375
5.914025
5.987375
6.130475
6.244825
6.5462
6.718525
6.951125
6.9826
6.98585
7.01465
7.020675
7.15905
7.379875
7.38395
7.566075
7.6774
7.69865
7.87925
7.8966
7.99415
8.007075
8.354
8.3958
8.58055
8.6424
8.7069
8.826825
8.966375
9.036675
9.121025
9.15475
9.362475
9.36815
9.453625
9.483975
9.921825
158
