0.1493
0.25225
0.381625
0.47495
0.481475
0.491225
0.49355
0.499275
0.504025
0.506425
0.510525
0.544975
0.5524
0.556225
0.588525
0.605625
0.6462
0.652425
0.659175
0.68405
0.6869
0.697875
0.706975
0.721825
0.72895
0.730725
0.757025
0.762075
0.769075
0.7795
0.851375
0.8609
0.886625
0.8971
0.91715
0.929875
0.938825
0.954425
0.974275
0.9899
1.0226
1.051775
1.091025
1.11465
1.124525
1.18995
1.191675
1.21105
1.22575
1.226875
1.372275
1.391025
1.429375
1.5278
1.54405
1.54595
1.54685
1.5725
1.64315
1.6457
1.6629
1.670525
1.7111
1.747775
1.7537
1.8161
1.83485
1.9298
1.9652
2.01865
2.099125
2.135175
2.13585
2.1994
2.23805
2.29405
2.398475
2.408375
2.47765
2.506425
2.53625
2.6043
2.615225
2.61645
2.644175
2.70365
2.8585
2.92485
2.951225
2.958425
2.9815
2.99965
3.01575
3.018925
3.029625
3.08
3.098575
3.126675
3.1297
3.186
3.195725
3.28375
3.2932
3.37685
3.413425
3.5221
3.524525
3.614175
3.623325
3.7465
3.817175
3.81875
3.92765
3.935725
3.964075
4.003175
4.10275
4.104575
4.107525
4.20625
4.32995
4.4636
4.6492
4.78635
4.89715
4.946225
4.967975
5.1327
5.2701
5.424275
5.4607
5.569875
5.581125
5.64165
5.652925
5.847175
6.11885
6.223025
6.369375
6.5647
6.75035
6.86005
6.87895
6.945175
7.036575
7.06125
7.061375
7.2112
7.5845
7.6715
7.7171
8.04515
8.116175
8.176625
8.253475
8.26815
8.82605
9.5266
9.567
9.575075
160
