0.030225
0.2204
0.3119
0.327675
0.35645
0.427125
0.4586
0.459375
0.4749
0.520425
0.524975
0.5302
0.536825
0.543
0.555725
0.556575
0.5721
0.577175
0.6141
0.657475
0.667175
0.672925
0.6748
0.71045
0.7327
0.764175
0.79275
0.814025
0.8325
0.84555
0.8482
0.84865
0.849025
0.85215
0.853275
0.862675
0.875275
0.966125
0.96975
1.0797
1.091625
1.125975
1.144025
1.207075
1.31135
1.31425
1.33315
1.3589
1.4275
1.43015
1.44765
1.456125
1.552575
1.565375
1.5687
1.573775
1.582575
1.6328
1.6466
1.684425
1.832825
1.83405
1.90375
1.9567
1.9789
2.086675
2.114175
2.171775
2.251275
2.3024
2.319675
2.34065
2.3642
2.3749
2.468675
2.560525
2.58495
2.62
2.70345
2.72775
2.7825
2.790475
2.799575
3.00935
3.283325
3.36685
3.4271
3.470825
3.5392
3.625475
3.7123
3.75235
3.8032
3.81305
3.895025
3.951525
4.077425
4.15765
4.461625
4.490775
4.501675
4.50175
4.68005
4.739725
5.108775
5.150225
5.240375
5.3692
5.42385
5.465825
5.55855
5.872
5.880525
5.897525
6.2239
6.233375
6.2868
6.46605
6.472825
6.4752
6.4878
6.647325
6.65525
6.677675
6.73045
6.97035
7.211825
7.2868
7.369875
7.36995
7.463025
7.594
7.698425
7.712075
7.796625
7.814825
7.882875
7.9468
8.008025
8.046275
8.102475
8.44255
8.5121
8.52375
8.589825
9.134825
9.213725
9.2332
9.499075
9.560325
150
