0.018125
0.290325
0.297475
0.333875
0.44515
0.45545
0.458975
0.46065
0.47925
0.482825
0.492275
0.494925
0.495375
0.50115
0.533325
0.576825
0.576925
0.5819
0.5985
0.6047
0.610525
0.6163
0.662525
0.66715
0.6723
0.67695
0.6813
0.68245
0.7296
0.75065
0.759225
0.78795
0.85775
0.8712
0.89605
0.905625
0.9075
0.9314
0.95045
0.9658
1.009375
1.021925
1.0331
1.045425
1.074775
1.08155
1.0912
1.102775
1.11635
1.148075
1.155975
1.21095
1.234275
1.240175
1.2601
1.262175
1.3686
1.51865
1.544325
1.62245
1.674425
1.676925
1.6901
1.695525
1.770825
1.912525
1.921275
1.926625
1.9648
1.981425
2.102625
2.168625
2.222825
2.233625
2.298575
2.34275
2.370325
2.40475
2.41995
2.436825
2.454425
2.469625
2.51745
2.57595
2.609575
2.671925
2.7341
2.744875
2.77075
2.876975
3.003275
3.03465
3.065
3.073625
3.0858
3.097625
3.160975
3.307625
3.4355
3.5026
3.5157
3.54195
3.56995
3.6266
3.664575
3.682225
3.703425
3.7189
3.793575
3.832
3.93055
4.105225
4.1957
4.549125
4.580425
4.613525
4.6522
4.703825
4.886775
4.9064
4.918325
4.9421
4.998275
5.04565
5.08765
5.170175
5.261175
5.274275
5.354075
5.378875
5.448075
5.456425
5.5326
5.649775
5.674625
5.7437
5.787275
5.836275
5.938775
5.9477
5.95445
5.997275
6.0327
6.044575
6.233375
6.43875
6.547625
6.7588
6.8704
6.89555
6.924825
6.9274
7.049525
7.2824
7.413375
7.463825
7.560325
7.627825
7.74335
7.7605
7.90065
8.275775
8.305375
8.34075
8.517575
8.539725
8.67705
8.686575
8.762
8.830475
9.079075
9.142425
9.26645
9.2693
9.420825
9.56955
9.574775
9.59875
178
