0.006775
0.0824
0.1029
0.286375
0.297075
0.305775
0.444025
0.4556
0.46505
0.5199
0.520175
0.5329
0.542975
0.552075
0.55685
0.5674
0.578425
0.579325
0.59005
0.59975
0.613725
0.61935
0.6196
0.629825
0.631575
0.633075
0.6379
0.66125
0.67565
0.68025
0.698975
0.716275
0.72965
0.7367
0.738275
0.75035
0.760175
0.7667
0.781725
0.829375
0.85115
0.85555
0.857975
0.924775
0.92875
0.945425
0.949625
0.957075
0.97035
0.9746
0.97565
1.0199
1.0778
1.086075
1.1215
1.146625
1.1713
1.20185
1.2337
1.24095
1.250275
1.29865
1.331425
1.343475
1.347875
1.354975
1.444525
1.463225
1.4662
1.54735
1.575125
1.604625
1.62665
1.66045
1.74695
1.758875
1.76655
1.8367
1.927275
1.947575
1.985575
2.004375
2.035
2.039875
2.081525
2.1182
2.126225
2.139
2.1723
2.17365
2.2473
2.26415
2.33145
2.38345
2.4503
2.51515
2.535425
2.6272
2.72085
2.75415
2.955925
2.97435
2.99515
3.074425
3.241075
3.330025
3.405375
3.428425
3.614575
3.69165
3.6984
3.781375
3.7855
3.85475
3.886675
3.95805
3.959925
4.072525
4.109225
4.1423
4.151225
4.228375
4.29465
4.308675
4.431375
4.5223
4.5839
4.80935
4.88145
4.903625
5.09685
5.118275
5.250275
5.25985
5.344325
5.513875
5.539225
5.7701
5.77875
5.802725
5.840975
5.907025
5.96645
6.007425
6.102875
6.1152
6.1216
6.16915
6.212625
6.309375
6.371325
6.447425
6.48145
6.561475
6.56505
6.578175
6.765625
7.0076
7.250625
7.436325
7.605
7.869075
7.919675
8.052625
8.15135
8.215925
8.3499
8.367825
8.39675
8.5067
8.573425
8.78295
8.840725
8.8869
8.888625
8.923525
8.964675
9.220375
9.24865
9.357775
9.5049
9.56825
9.6661
9.76515
184
