0.10845
0.448675
0.4627
0.464225
0.47345
0.48145
0.49165
0.491675
0.5035
0.506325
0.533025
0.538825
0.546975
0.550875
0.56005
0.613675
0.66415
0.6883
0.69605
0.706925
0.72275
0.724275
0.751825
0.7609
0.76645
0.772675
0.77325
0.8333
0.84215
0.8667
0.879625
0.914125
0.944025
0.9706
0.999875
1.01705
1.027825
1.043025
1.0748
1.08115
1.13665
1.195
1.2299
1.258775
1.350225
1.355675
1.410775
1.415025
1.445125
1.484675
1.511475
1.602975
1.695225
1.79935
1.8406
1.8467
1.9614
2.00295
2.065675
2.104
2.11615
2.1949
2.2857
2.296225
2.326875
2.43905
2.513525
2.538475
2.562175
2.5812
2.65285
2.754325
2.97825
3.053575
3.062775
3.129375
3.135
3.26525
3.4644
3.513775
3.5223
3.6341
3.70655
3.709
3.91735
3.953175
4.0436
4.083525
4.095125
4.336375
4.358
4.360925
4.422775
4.58735
4.738925
4.856425
4.90085
5.01095
5.0305
5.1909
5.262525
5.31575
5.43895
5.693075
5.740125
5.803675
5.909625
5.92115
5.9654
6.1564
6.186225
6.49435
6.6293
6.8959
7.12655
7.231525
7.25675
7.275175
7.344925
7.355975
7.492825
7.63555
7.7677
7.779075
7.7921
7.89605
7.939025
8.079475
8.188425
8.210075
8.435925
8.470375
8.505025
8.65275
8.668775
8.711025
8.80575
8.876425
8.896475
8.953575
9.267575
9.4455
9.47545
9.519625
9.56095
9.791275
9.88125
9.9533
148
