0.0887
0.109875
0.15285
0.2895
0.33295
0.445825
0.47645
0.479825
0.4816
0.496525
0.5114
0.520975
0.522075
0.5227
0.52685
0.529
0.529125
0.53535
0.541425
0.5526
0.5765
0.5828
0.591825
0.5952
0.5954
0.605
0.613125
0.616675
0.620375
0.622125
0.64715
0.6495
0.653475
0.684025
0.6901
0.70435
0.70595
0.7253
0.740825
0.746525
0.7554
0.75975
0.7598
0.77375
0.78175
0.8569
0.878875
0.899975
0.904075
0.910825
0.910975
0.935575
0.9609
0.97575
0.989775
1.0163
1.0317
1.06645
1.1095
1.154775
1.15555
1.25445
1.2607
1.262475
1.294425
1.3193
1.409425
1.448075
1.4647
1.494325
1.5085
1.52395
1.532075
1.55905
1.618325
1.6542
1.705175
1.724175
1.741175
1.77465
1.822275
1.84335
1.8881
2.0116
2.01835
2.104825
2.105975
2.132025
2.136775
2.151025
2.156625
2.187175
2.2188
2.243175
2.323125
2.4327
2.44835
2.50735
2.581625
2.622225
2.67115
2.707075
2.775425
2.932775
3.077425
3.147275
3.22165
3.2643
3.31355
3.429125
3.46985
3.47845
3.563325
3.695975
3.697525
3.720575
3.74075
3.798625
3.80205
3.83725
3.858925
3.879725
3.91585
3.940925
4.1176
4.2391
4.28105
4.377075
4.521475
4.645275
4.65745
4.664175
4.677125
4.73385
4.7549
4.779475
4.826525
4.994625
4.999725
5.069425
5.08275
5.1821
5.508975
5.537825
5.5466
5.6569
5.6981
5.81285
5.896775
5.991175
6.15465
6.19255
6.306525
6.31585
6.34545
6.416625
6.447
6.49955
6.785125
6.932825
6.94075
6.952875
7.097325
7.49935
7.5747
7.69805
7.79055
7.9254
8.119275
8.1312
8.17795
8.2734
8.35065
8.354475
8.7531
8.7595
8.986
9.014025
9.3864
9.467
9.554625
9.573475
9.6631
9.99405
184
