0.016675
0.0389
0.19275
0.510475
0.511125
0.514325
0.523875
0.5244
0.525875
0.5311
0.5321
0.57755
0.6056
0.607525
0.62615
0.6289
0.63105
0.633175
0.633675
0.635925
0.645425
0.64755
0.655
0.657225
0.674025
0.67505
0.7013
0.701425
0.7515
0.77395
0.794925
0.796025
0.824875
0.8367
0.860325
0.87135
0.87505
0.98045
0.988375
0.9975
1.0092
1.0222
1.046375
1.0791
1.102225
1.1105
1.123425
1.133175
1.17955
1.212425
1.2272
1.24265
1.283
1.343275
1.42925
1.45015
1.483
1.5091
1.522375
1.5632
1.57295
1.57825
1.81935
1.82985
1.847625
1.93885
2.001525
2.033
2.063425
2.077325
2.218875
2.238575
2.243875
2.251575
2.25625
2.275175
2.2833
2.301025
2.345675
2.467325
2.5243
2.556675
2.6445
2.711475
2.7428
2.767475
2.81895
2.948375
3.0727
3.112025
3.237225
3.336325
3.3533
3.36835
3.406525
3.644975
3.99245
4.090475
4.095775
4.228325
4.4719
4.528225
4.60245
4.82115
4.823775
4.83515
5.0789
5.353075
5.363025
5.364425
5.430075
5.54155
5.601275
5.678
5.903475
6.166075
6.4346
6.448925
6.46585
6.625125
6.724625
6.740425
6.789675
6.8167
6.9151
7.051925
7.173225
7.22295
7.233275
7.259625
7.31425
7.44715
7.893725
8.051725
8.10395
8.2653
8.371
8.3738
8.45015
8.498875
8.558525
8.560325
8.903425
8.9263
9.2444
9.53025
9.532075
9.785925
9.81415
149
