0.2167
0.40015
0.449475
0.481
0.4815
0.4826
0.488675
0.511
0.51975
0.526675
0.546125
0.5479
0.557125
0.5647
0.5698
0.573725
0.576175
0.5853
0.596
0.60165
0.6274
0.643325
0.687
0.696975
0.699225
0.732775
0.752375
0.762425
0.85965
0.876975
0.90665
0.929825
0.955625
0.96855
0.96955
1.025325
1.0347
1.03495
1.049425
1.0703
1.084
1.10925
1.12345
1.14795
1.1677
1.211225
1.248975
1.251675
1.270275
1.27265
1.28095
1.286925
1.287875
1.31415
1.411425
1.42645
1.438175
1.4594
1.4673
1.482625
1.501025
1.511275
1.549725
1.558825
1.632625
1.633675
1.679575
1.710725
1.794925
1.8196
1.8513
1.851925
1.86325
1.90665
1.930725
1.9521
1.95245
1.9552
1.9803
1.9947
2.168775
2.1707
2.196875
2.3174
2.392375
2.395275
2.4288
2.509225
2.602625
2.7194
3.1032
3.200975
3.223675
3.237575
3.3839
3.4008
3.475525
3.493925
3.504775
3.553225
3.6392
3.806775
3.990075
4.038725
4.289925
4.50935
4.561975
4.680225
4.70655
4.761525
4.952125
5.028525
5.05095
5.0514
5.097375
5.15105
5.226125
5.272225
5.43815
5.45615
5.483575
5.522025
5.6047
6.10455
6.390725
6.56485
6.56835
6.727175
6.76745
6.81335
6.853125
6.885625
7.074875
7.1192
7.154525
7.2501
7.262875
7.408475
7.644775
7.644925
7.7807
7.795175
8.0986
8.134425
8.1758
8.18845
8.368125
8.419475
8.636
8.67465
8.7729
8.7899
8.83265
8.984725
9.018075
9.073625
9.124325
9.184575
9.24765
9.27335
9.601975
9.65415
9.6729
9.911275
164
