0.0996
0.354425
0.43175
0.46565
0.482275
0.482775
0.489075
0.501875
0.50745
0.520975
0.53705
0.5586
0.5608
0.564525
0.56815
0.57355
0.57545
0.58095
0.587925
0.6249
0.6297
0.6475
0.652125
0.6568
0.66055
0.6723
0.687325
0.687825
0.691625
0.697825
0.740275
0.780975
0.7852
0.79025
0.794125
0.80445
0.809
0.8473
0.848725
0.854925
0.859125
0.883675
0.9244
0.936225
1.037775
1.069475
1.0716
1.0948
1.0985
1.111475
1.127275
1.163525
1.18935
1.203825
1.204625
1.217625
1.22795
1.2878
1.3028
1.3178
1.48485
1.51575
1.713925
1.72495
1.74175
1.748275
1.750575
1.8524
1.88805
1.905125
1.9256
2.092525
2.0926
2.142225
2.148175
2.2275
2.23435
2.25455
2.259975
2.321175
2.385325
2.39115
2.44385
2.497825
2.5377
2.539475
2.567025
2.705775
2.733025
2.774975
2.84305
3.04285
3.07885
3.084375
3.1197
3.128225
3.222625
3.266075
3.337
3.39175
3.531475
3.6078
3.872125
3.904375
4.131425
4.14825
4.3443
4.5723
4.696875
4.9649
5.06075
5.801875
5.95675
6.0947
6.12345
6.18905
6.25345
6.426275
6.5958
6.63035
6.69905
6.704575
6.719325
6.914425
6.924775
6.99255
7.010325
7.127375
7.216975
7.2699
7.317975
7.327025
7.45805
7.537025
7.553025
7.640775
7.82355
7.867025
8.047825
8.082475
8.13695
8.291625
8.3309
8.4219
8.617525
8.68315
8.798675
9.042175
9.042675
9.044175
9.1767
9.18
9.465575
9.5225
9.9264
9.9389
9.958925
157
