0.17705
0.287675
0.292925
0.400475
0.474225
0.478975
0.4813
0.489175
0.4941
0.510475
0.5123
0.53225
0.53255
0.539275
0.539925
0.54045
0.5538
0.555325
0.56565
0.569925
0.5791
0.5882
0.590175
0.59135
0.591525
0.59765
0.602525
0.6044
0.6071
0.6138
0.648575
0.6492
0.651275
0.6527
0.655625
0.6568
0.669375
0.669775
0.693925
0.702075
0.711275
0.716725
0.77455
0.789025
0.8179
0.81965
0.894325
0.91005
0.930975
0.9881
0.990275
1.005825
1.015975
1.041425
1.141425
1.221775
1.234575
1.274875
1.281525
1.3298
1.37235
1.447225
1.452775
1.491525
1.513625
1.543375
1.60005
1.6888
1.7391
1.741575
1.7418
1.744975
1.788225
1.794575
1.821425
1.8215
1.833175
1.90965
1.91435
2.037725
2.1247
2.242525
2.291325
2.3186
2.32305
2.39795
2.402825
2.533925
2.536925
2.6249
2.65435
2.664975
2.6808
2.7018
2.7287
2.775975
2.802225
2.821325
2.967825
2.974875
3.0382
3.099275
3.10065
3.279825
3.383225
3.4373
3.538425
3.5484
3.560425
3.565325
3.689975
3.727
3.8775
3.9093
4.03755
4.053975
4.088625
4.170675
4.258675
4.343075
4.3913
4.4711
4.474325
4.5016
4.677075
4.89735
4.9251
4.941525
4.94495
5.006675
5.007975
5.076725
5.1322
5.18975
5.490875
5.55445
5.568925
5.7894
5.9695
6.002675
6.060575
6.156825
6.208325
6.3784
6.39465
6.4464
6.611125
6.654375
6.6826
6.73715
6.769375
6.850325
7.14395
7.197975
7.238125
7.336525
7.337175
7.3523
7.507775
7.6825
7.8009
8.41315
8.471025
8.7004
8.828625
8.87335
9.054525
9.24855
9.269225
9.27675
9.293075
9.3328
9.523675
9.619625
174
