0.04915
0.0742
0.1792
0.21095
0.490675
0.4908
0.503025
0.510425
0.5291
0.537625
0.538075
0.543225
0.543525
0.563525
0.567025
0.57465
0.578525
0.587225
0.597175
0.6018
0.6049
0.607225
0.614275
0.633575
0.641375
0.644
0.66455
0.6909
0.698025
0.705925
0.739025
0.745175
0.7554
0.76095
0.76235
0.775425
0.77785
0.787025
0.819825
0.821125
0.85465
0.903225
0.93615
0.946675
0.948825
0.979225
0.9835
0.9966
1.001525
1.028475
1.040225
1.10175
1.112625
1.113525
1.120425
1.12325
1.149275
1.3681
1.373675
1.385575
1.3908
1.43235
1.46175
1.470875
1.480125
1.561675
1.5974
1.620125
1.66995
1.671175
1.7373
1.762175
1.81595
2.0122
2.0519
2.133725
2.193875
2.219725
2.417525
2.42595
2.472175
2.51185
2.521375
2.58905
2.71545
2.762425
2.768925
2.819975
2.948125
3.0744
3.130525
3.160125
3.185075
3.245075
3.359975
3.422
3.424475
3.439725
3.516725
3.81075
3.866575
3.886275
3.896875
4.20045
4.346875
4.383575
4.6115
4.67965
4.683525
4.92195
5.15615
5.2081
5.266625
5.4726
5.67535
5.836825
6.1338
6.158975
6.561475
6.759425
6.81065
6.8608
6.92555
6.9921
7.2619
7.2683
7.3129
7.3716
7.5369
7.61645
7.685525
7.71595
7.728125
7.831075
8.085875
8.327175
8.3649
8.531
8.592175
8.8686
9.020725
9.087925
9.29155
9.567275
9.71355
9.890775
146
