0.11875
0.18725
0.2058
0.4939
0.500525
0.501725
0.501975
0.502475
0.50795
0.5116
0.51205
0.51265
0.5128
0.5239
0.5285
0.534125
0.545675
0.556575
0.591975
0.594175
0.626425
0.63505
0.654175
0.66735
0.6694
0.674175
0.68245
0.6897
0.706475
0.730725
0.74575
0.759875
0.772825
0.815125
0.8376
0.8464
0.846825
0.8596
0.863925
0.884325
0.884725
0.96495
0.975275
1.015175
1.0278
1.1036
1.121425
1.1314
1.1397
1.1407
1.1469
1.203675
1.259625
1.2681
1.273475
1.28105
1.3213
1.387475
1.41145
1.4322
1.473325
1.4948
1.531275
1.819825
1.98725
2.0332
2.1081
2.151875
2.163225
2.18235
2.18345
2.29825
2.343625
2.35745
2.39975
2.53285
2.58675
2.615275
2.64065
2.681075
2.75985
2.84295
2.85695
2.964775
2.9971
3.16405
3.29715
3.3408
3.57735
3.858275
4.0169
4.054575
4.0726
4.14395
4.19715
4.27425
4.275025
4.279225
4.316375
4.54165
4.586925
4.73265
4.813025
4.839925
4.86695
4.89225
4.89585
4.990375
5.002925
5.0815
5.087825
5.18715
5.212925
5.21725
5.340575
5.409575
5.5559
5.58975
5.726325
5.79365
5.8187
5.90645
5.991825
6.05315
6.083925
6.1096
6.197
6.238775
6.277375
6.519475
6.653225
6.7451
6.75525
6.892775
6.959625
7.430975
7.4448
7.4626
7.508775
7.66455
7.68965
7.7389
7.7465
7.8464
7.876025
8.296
8.468975
8.791725
8.9476
9.070625
9.178
9.178725
9.490625
9.51835
9.535475
9.7083
9.76825
9.826075
9.8279
159
