0.032375
0.050025
0.05745
0.1176
0.4701
0.471175
0.472475
0.498925
0.50145
0.502975
0.508025
0.537625
0.57095
0.595875
0.5973
0.633625
0.6506
0.666575
0.667
0.673625
0.6787
0.68015
0.695375
0.697025
0.704525
0.729225
0.741625
0.817275
0.84165
0.884025
0.902475
0.91175
0.916475
0.933525
0.9626
0.9802
0.990875
0.996525
1.036975
1.041075
1.046425
1.060175
1.084375
1.121975
1.1449
1.2049
1.2176
1.261325
1.26645
1.284125
1.30935
1.33305
1.338675
1.34215
1.38985
1.390025
1.428775
1.443525
1.451875
1.455925
1.534225
1.632625
1.6382
1.643725
1.690775
1.72295
1.740775
1.802225
1.814075
1.949775
2.02585
2.0413
2.072175
2.167125
2.188725
2.25235
2.307825
2.347525
2.43235
2.59255
2.600925
2.62405
2.6446
2.680825
2.773325
2.899425
2.975575
3.103975
3.3102
3.38375
3.41535
3.481725
3.5997
3.672525
3.6944
3.824975
3.862125
3.9163
3.96145
3.9744
4.06945
4.2493
4.292375
4.36235
4.4495
4.454675
4.46565
4.71125
4.729975
4.791175
4.7942
4.8222
5.254275
5.311625
5.42215
5.5654
5.58645
6.414775
6.428425
6.530875
6.558375
7.01455
7.170325
7.4339
7.856725
8.005225
8.08875
8.2632
8.3076
8.54725
8.5892
8.637525
8.67975
8.996975
9.053725
9.211425
9.332275
9.423025
9.7693
9.770525
9.774475
141
