0.175325
0.281025
0.40285
0.4595
0.473325
0.473425
0.4906
0.496425
0.528425
0.550175
0.559825
0.56935
0.571225
0.602175
0.616
0.6192
0.6215
0.62735
0.66625
0.67005
0.742375
0.803325
0.84625
0.87875
0.8919
0.914175
0.924525
0.943075
0.96835
0.99005
1.02385
1.0301
1.043825
1.061925
1.076825
1.091725
1.097175
1.138125
1.144675
1.24405
1.263
1.2702
1.2872
1.3425
1.355575
1.551825
1.6069
1.671075
1.678875
1.699275
1.714975
1.736075
1.766625
1.809525
1.815125
1.8478
1.84805
1.8643
1.9203
1.965375
1.987525
2.241
2.3346
2.3702
2.392525
2.41815
2.442075
2.46155
2.46965
2.61265
2.689425
2.82545
2.854475
2.92675
2.92805
2.934
2.978075
2.980575
3.11735
3.1272
3.162175
3.222975
3.284
3.3721
3.39175
3.512425
3.55625
3.656225
3.704475
3.802925
3.840775
3.981925
4.000125
4.027125
4.05935
4.200275
4.293475
4.4197
4.484125
4.48475
4.5313
4.5386
4.558825
5.049875
5.180225
5.381625
5.38385
5.5481
5.906475
5.9252
5.9615
6.247375
6.26055
6.357575
6.4792
6.545025
6.548875
6.551125
6.63625
6.810225
7.120075
7.1276
7.13785
7.159875
7.260275
7.602525
7.919175
7.975025
8.148625
8.149625
8.1667
8.208125
8.22565
8.233025
8.331275
8.499225
8.686675
8.791775
9.098275
9.20845
9.285025
9.365775
9.5417
9.758675
9.862675
9.9112
9.947625
147
