0.028575
0.0844
0.1057
0.132575
0.173325
0.194825
0.2388
0.423925
0.457525
0.471125
0.476875
0.480725
0.4849
0.4995
0.503175
0.5186
0.5319
0.533175
0.5607
0.560975
0.57685
0.593125
0.59555
0.596825
0.59855
0.61865
0.623
0.650075
0.68125
0.687625
0.6932
0.695975
0.702
0.7047
0.7109
0.716825
0.745325
0.774525
0.780725
0.793475
0.8228
0.8253
0.85325
0.859675
0.862
0.864475
0.88065
0.8909
0.934675
0.938125
0.9398
0.955175
0.956225
0.9856
0.99785
1.00045
1.015975
1.056975
1.0879
1.0958
1.09605
1.100125
1.184825
1.237175
1.2622
1.38005
1.391025
1.423275
1.47195
1.5596
1.591175
1.594275
1.637875
1.6669
1.78695
1.831675
1.8443
1.865925
1.87065
1.9872
2.156
2.203475
2.27425
2.2803
2.28405
2.3198
2.4749
2.56325
2.66795
2.716625
2.87885
3.024975
3.09415
3.1329
3.152175
3.202575
3.2787
3.4948
3.5844
3.60135
3.62245
3.686225
3.773875
3.8311
3.847625
3.91475
3.9574
4.002625
4.16875
4.24095
4.2466
4.27405
4.29855
4.364975
4.49465
4.711425
4.830225
4.96695
4.979725
5.008825
5.098175
5.2672
5.406725
5.425425
5.4849
5.7473
5.768
5.81395
5.82045
5.842475
5.850375
5.9856
6.052225
6.056575
6.21095
6.216475
6.2595
6.36505
6.637175
6.64735
6.650775
6.67555
6.804875
6.840275
7.04395
7.05795
7.098375
7.167
7.2165
7.387175
7.70435
7.73395
8.0657
8.1422
8.1433
8.151775
8.160125
8.168225
8.289425
8.40025
8.407675
8.5433
8.677675
9.0486
9.100575
9.1752
9.22235
9.309575
9.48195
9.57845
9.6175
9.8507
172
