0.28295
0.295825
0.392525
0.42775
0.4278
0.44245
0.471625
0.48985
0.51805
0.5331
0.5417
0.5462
0.549525
0.5497
0.5526
0.559225
0.575825
0.57805
0.610875
0.625475
0.633225
0.642725
0.64805
0.6485
0.660475
0.661175
0.66305
0.665825
0.6736
0.674075
0.676
0.681175
0.7212
0.7239
0.730375
0.765125
0.7855
0.789875
0.8035
0.81985
0.82065
0.858825
0.879875
0.8834
0.887425
0.920725
0.933075
0.935325
0.987775
1.0222
1.04555
1.058075
1.071825
1.1062
1.153125
1.16975
1.1721
1.204925
1.217425
1.251825
1.3344
1.39665
1.4034
1.418125
1.4898
1.5122
1.54435
1.624675
1.630925
1.707675
1.8911
1.933675
1.93745
1.945725
1.969975
2.0107
2.041475
2.116775
2.389475
2.4573
2.460375
2.4795
2.64365
2.663175
2.701725
2.7591
2.8016
2.8221
2.916975
2.934
3.009725
3.0162
3.31765
3.35905
3.374775
3.39535
3.576475
3.6294
3.6298
3.742225
3.7472
3.77035
3.981125
4.37245
4.38835
4.5295
4.53925
4.62565
4.6505
4.780725
4.83295
4.9152
4.98805
5.123975
5.196025
5.2792
5.300475
5.379525
5.55715
5.57835
5.584575
5.632025
5.7506
5.81155
6.02525
6.061
6.093025
6.0996
6.10375
6.12155
6.435525
6.491575
6.525675
6.549925
6.574775
6.6082
6.76265
6.8416
6.844975
6.89415
6.9542
7.0135
7.029875
7.2913
7.31565
7.403975
7.52275
7.621475
7.810775
8.195125
8.49535
8.498025
8.795175
8.84595
8.897625
9.0063
9.087725
9.1933
9.3599
9.677
9.7319
9.8303
9.951875
9.99225
164
