0.16385
0.349475
0.46495
0.487
0.488975
0.48905
0.491925
0.50335
0.507775
0.537625
0.542425
0.546925
0.55685
0.5629
0.569075
0.5744
0.575775
0.592075
0.637175
0.654425
0.674875
0.68135
0.69855
0.72675
0.727575
0.76645
0.78625
0.814275
0.834575
0.8423
0.8548
0.864725
0.88125
0.886975
0.91195
0.916175
0.923925
0.949675
0.97855
1.037975
1.04155
1.0866
1.11255
1.1374
1.148
1.158325
1.1747
1.24115
1.2507
1.265575
1.2787
1.29235
1.296125
1.3289
1.3645
1.394575
1.417
1.4443
1.4777
1.493875
1.543625
1.641075
1.726775
1.840025
1.885325
1.91305
1.931475
1.947775
1.981125
2.069125
2.075925
2.077275
2.082025
2.09555
2.1426
2.1831
2.187275
2.21805
2.23075
2.265175
2.266325
2.371275
2.378725
2.461125
2.61845
2.685825
2.764325
2.8389
2.95015
2.9559
2.973125
2.990725
3.0374
3.0555
3.074475
3.101625
3.266425
3.351475
3.4407
3.46095
3.47475
3.54195
3.585775
3.7059
3.790925
3.861675
3.947125
4.054175
4.087825
4.1655
4.25345
4.3099
4.31235
4.33785
4.346575
4.536875
4.6457
4.70305
4.877125
4.968675
4.972275
4.98895
5.139625
5.141575
5.24315
5.64615
5.8645
6.2539
6.5481
6.828825
6.93905
7.164925
7.3123
7.49975
7.65545
7.669525
7.822575
7.954625
8.277675
8.330875
8.347625
8.399525
8.444925
8.48075
8.550125
8.722875
8.7578
8.958425
9.1467
9.176425
9.245675
9.3169
9.36325
9.4063
9.6708
9.683525
156
