0.038275
0.196
0.247875
0.400175
0.410825
0.496175
0.502475
0.508525
0.515375
0.519625
0.5267
0.531175
0.5363
0.54005
0.550025
0.551575
0.55365
0.57565
0.5862
0.59835
0.603375
0.617725
0.639075
0.660875
0.665925
0.673575
0.683775
0.70035
0.7037
0.706025
0.738075
0.74225
0.74425
0.7462
0.75165
0.7717
0.7842
0.842175
0.8422
0.8939
0.902175
0.935275
0.950175
0.965875
0.98385
0.994475
0.99705
1.08585
1.114
1.126925
1.142825
1.16135
1.165175
1.184325
1.23615
1.343275
1.35495
1.374625
1.409275
1.41195
1.4695
1.632475
1.6527
1.84945
1.898975
1.901225
1.9228
2.20175
2.3577
2.393575
2.40975
2.4463
2.53445
2.596175
2.62675
2.63805
2.6414
2.747025
2.8475
2.869775
2.88415
2.929925
3.134075
3.207875
3.2955
3.506225
3.53875
3.67535
3.7207
3.810025
3.823
3.83865
4.16485
4.1681
4.273675
4.3064
4.528875
4.594925
4.670025
4.6899
4.80285
4.906075
4.963675
5.0053
5.281075
5.39705
5.443325
5.632875
5.707475
5.9583
6.0541
6.22255
6.6656
6.7369
7.01855
7.10175
7.393275
7.446425
7.461675
7.575125
7.74545
7.811175
7.857725
8.35385
8.372325
8.375975
8.385725
8.429275
8.515275
8.53695
8.642175
8.669925
8.7274
8.7361
8.929975
9.02125
9.04705
9.126375
9.14865
9.810225
9.96025
141
