0.041825
0.097975
0.44825
0.463125
0.466325
0.4943
0.5044
0.510575
0.51495
0.523475
0.532075
0.537975
0.53955
0.5443
0.54925
0.55705
0.560475
0.569025
0.592175
0.59295
0.6075
0.640975
0.64115
0.67515
0.675975
0.68345
0.701225
0.7043
0.715975
0.719225
0.731725
0.73805
0.757925
0.7833
0.8133
0.837825
0.84695
0.857825
0.861175
0.866075
0.884025
0.921225
0.936375
0.958
0.969825
1.02455
1.0542
1.066225
1.073775
1.0808
1.08955
1.096425
1.122725
1.182875
1.2071
1.21195
1.225475
1.24285
1.254175
1.256225
1.28385
1.29355
1.341225
1.389925
1.4173
1.52555
1.578425
1.580875
1.582625
1.705975
1.735225
1.751625
1.798975
1.806375
1.806725
1.81635
1.916425
1.95935
1.996
1.999175
2.0693
2.071
2.09025
2.0921
2.0941
2.117425
2.154175
2.155825
2.161525
2.169125
2.55825
2.59795
2.735625
2.83475
3.067775
3.161525
3.162975
3.281325
3.32965
3.44755
3.592225
3.617225
3.64305
3.90405
4.011575
4.171225
4.183275
4.2497
4.321325
4.343925
4.489025
4.5894
4.67245
4.727175
4.757975
4.871325
4.895725
5.091325
5.14395
5.16705
5.24125
5.282325
5.30625
5.3694
5.394625
5.5211
5.5727
5.881275
5.96145
5.981225
6.08355
6.128775
6.348825
6.3761
6.49345
6.50075
6.610925
6.78155
6.9428
7.300675
7.648675
7.798375
7.992575
8.319875
8.553525
8.602675
8.653775
8.87545
9.18665
9.2787
9.652775
9.863025
9.97485
153
