0.21965
0.402225
0.40875
0.420225
0.475575
0.48345
0.49555
0.50975
0.53975
0.54655
0.549675
0.55855
0.564675
0.572375
0.578375
0.5883
0.5908
0.59135
0.59545
0.605225
0.6168
0.646575
0.650925
0.6697
0.684925
0.69745
0.75025
0.753075
0.75585
0.758775
0.761525
0.7972
0.79815
0.800025
0.800825
0.803225
0.837
0.87785
0.9048
0.905775
0.937225
0.949675
0.9579
0.969575
0.97955
1.002825
1.0039
1.029825
1.035975
1.06415
1.0728
1.1085
1.111875
1.145
1.1668
1.177575
1.185375
1.196975
1.19745
1.240575
1.320375
1.346975
1.374725
1.39275
1.426025
1.491725
1.5261
1.5509
1.55645
1.614825
1.634775
1.64685
1.6546
1.693375
1.695975
1.711475
1.72285
1.786675
1.787575
1.792475
1.866825
1.907925
1.9717
1.987175
2.015
2.043175
2.046325
2.2003
2.468525
2.4782
2.505825
2.60155
2.642575
2.728325
2.81065
2.8468
2.8469
2.89385
2.99195
3.027375
3.0483
3.0704
3.085725
3.1042
3.225475
3.2321
3.364725
3.3669
3.37005
3.377775
3.654775
3.6799
3.7976
3.828025
3.888075
3.915625
3.91965
3.957925
3.98545
4.082075
4.2067
4.301525
4.379775
4.43705
4.47975
4.5143
4.519525
4.54535
4.615075
4.7345
4.86555
4.930675
4.93455
4.97185
5.04015
5.064125
5.0917
5.2331
5.2598
5.414725
5.4324
5.598375
5.73705
5.824825
5.8665
5.8699
5.90585
6.002175
6.050775
6.181225
6.21325
6.2295
6.593425
6.642625
6.70485
7.052125
7.062375
7.1494
7.162725
7.3899
7.39915
7.422575
7.71625
7.812075
7.922475
8.015775
8.12795
8.253475
8.38555
8.516375
8.600275
8.78685
8.8318
8.847725
9.121875
9.2406
9.274725
9.28475
9.435175
9.475525
9.540775
9.54215
9.600575
9.62625
9.70095
9.8142
186
