0.2687
0.4802
0.481175
0.499675
0.522
0.5225
0.52545
0.53915
0.554525
0.607025
0.615775
0.6177
0.6232
0.6301
0.672875
0.673625
0.675475
0.693175
0.69925
0.704625
0.7082
0.71055
0.7107
0.711475
0.7119
0.716575
0.723225
0.7271
0.730125
0.730525
0.73585
0.740125
0.759625
0.819
0.820425
0.8382
0.8393
0.846425
0.848025
0.864225
0.86725
0.90935
0.94255
0.945175
0.95045
1.00605
1.0255
1.0387
1.0662
1.071425
1.102325
1.144375
1.146375
1.15555
1.215125
1.2607
1.2812
1.292325
1.294375
1.3272
1.39455
1.394825
1.456175
1.482775
1.49355
1.4973
1.53375
1.57805
1.6634
1.708275
1.71285
1.74125
1.758325
1.7898
1.8317
1.921025
1.926975
1.95475
2.0607
2.080325
2.08925
2.127375
2.148225
2.171975
2.25805
2.268875
2.38135
2.396025
2.432875
2.444725
2.54425
2.5638
2.594475
2.62845
2.661075
2.664325
2.6896
2.698
2.7536
2.77335
2.8917
3.012825
3.047325
3.079675
3.1592
3.208725
3.2933
3.304325
3.52505
3.57005
3.590275
3.646825
3.650925
3.670175
3.6794
3.7551
3.784525
3.87265
3.8969
4.0235
4.115425
4.1167
4.19305
4.22415
4.2916
4.374075
4.38925
4.41895
4.460325
4.5373
4.635775
4.67865
4.881175
4.92325
4.945375
4.9587
4.99105
5.176275
5.252225
5.383325
5.465425
5.4689
5.55305
5.6767
5.693775
5.7266
5.731775
5.75395
5.841325
5.895825
5.9515
6.051
6.093475
6.167075
6.288175
6.394975
6.653225
6.67225
6.695525
6.86195
6.9469
7.094525
7.22295
7.388075
7.466475
7.467475
7.533075
7.561975
7.875075
8.025325
8.053575
8.183725
8.229575
8.402925
8.415
8.515825
8.620125
8.655975
8.715725
8.808075
8.895975
8.9453
9.295475
9.56615
9.625225
9.6918
9.721325
9.731775
9.798475
9.821125
9.969775
191
