0.0189
0.2588
0.270025
0.435475
0.445925
0.447825
0.468975
0.484775
0.4913
0.508175
0.5104
0.519925
0.552225
0.555075
0.55555
0.5784
0.601375
0.6047
0.605825
0.60745
0.610925
0.61515
0.626025
0.652075
0.6594
0.6823
0.691525
0.731025
0.77905
0.79165
0.818775
0.859
0.864175
0.8651
0.887225
0.8913
0.899875
0.917225
0.923175
0.9402
0.97045
0.981675
0.99225
1.020025
1.031625
1.039425
1.052775
1.069
1.086925
1.133875
1.143525
1.1906
1.20585
1.214725
1.239725
1.241575
1.30765
1.3137
1.321375
1.383175
1.40285
1.4086
1.464525
1.52445
1.572875
1.6068
1.685175
1.71425
1.870175
1.970225
2.05365
2.08445
2.16115
2.2646
2.327875
2.3411
2.3869
2.433275
2.45625
2.478575
2.533675
2.547475
2.580475
2.58925
2.65395
2.661875
2.66865
2.685425
2.694725
2.70635
2.721575
2.722175
2.73895
2.795875
2.8549
2.879675
2.915975
2.9306
2.95345
3.0218
3.05815
3.078575
3.09275
3.12255
3.140275
3.167625
3.2216
3.2447
3.37705
3.43915
3.634275
3.7724
3.774075
3.843075
3.913125
3.9668
3.977325
4.03915
4.084475
4.143475
4.158275
4.1941
4.302975
4.395275
4.4135
4.439825
4.502025
4.5564
4.56915
4.570325
4.63285
4.745325
4.87955
5.05625
5.3525
5.359075
5.39635
5.3977
5.4779
5.604575
5.605525
5.652725
5.8758
5.91725
6.058175
6.130525
6.27255
6.350125
6.361725
6.39475
6.41585
6.551775
6.740825
6.838475
7.0435
7.044275
7.174475
7.1832
7.283575
7.36815
7.401475
7.579525
7.654275
7.95645
8.2083
8.2137
8.3635
8.5156
8.8158
8.901225
8.92305
9.088475
9.202725
9.210175
9.39475
9.63
9.887025
9.898725
178
