0.03805
0.446325
0.459675
0.471625
0.473725
0.484075
0.49735
0.5129
0.545725
0.55865
0.5653
0.5692
0.58285
0.5906
0.63935
0.64435
0.6446
0.64755
0.661625
0.665825
0.698325
0.731625
0.737325
0.73735
0.7703
0.77325
0.799025
0.799725
0.813175
0.834375
0.88095
0.897775
0.901325
0.90625
0.9482
0.953425
0.957675
0.95805
0.96215
0.9724
0.99555
0.999275
1.01695
1.022325
1.022875
1.02555
1.0351
1.0389
1.040875
1.070275
1.130825
1.14045
1.156425
1.196725
1.2164
1.22965
1.258775
1.293475
1.367775
1.3783
1.391125
1.421125
1.44175
1.444
1.474
1.480975
1.515525
1.517825
1.6102
1.651975
1.703575
1.721525
1.823875
1.85165
1.986375
2.026425
2.040025
2.11395
2.202075
2.208825
2.245025
2.24515
2.358725
2.464675
2.49225
2.5173
2.743175
2.819875
2.85685
2.871525
2.876525
3.125975
3.1542
3.252625
3.275375
3.28405
3.3267
3.389775
3.3916
3.40645
3.429425
3.549175
3.55395
3.9204
3.984225
4.01605
4.0462
4.157625
4.2237
4.38925
4.51825
4.633825
4.65865
4.6968
5.1292
5.163925
5.259275
5.29525
5.3527
5.359575
5.372125
5.483025
5.6198
5.654375
6.026625
6.0283
6.038075
6.089025
6.117325
6.219275
6.245
6.3289
6.372375
6.4394
6.463375
6.7262
6.80355
6.949275
7.03735
7.0499
7.056975
7.12795
7.2122
7.32255
7.406475
7.54235
7.6453
7.86685
7.9818
8.0398
8.065825
8.147425
8.175425
8.320475
8.684625
9.0895
9.113225
9.236475
9.422425
9.6411
9.663125
9.7063
9.762325
9.815125
9.941475
9.958375
9.976575
167
