0.186375
0.197175
0.32085
0.401875
0.40495
0.460175
0.4842
0.490325
0.50535
0.528075
0.5311
0.547875
0.550125
0.5541
0.560725
0.56295
0.5831
0.589575
0.604775
0.61595
0.634725
0.636025
0.641225
0.6525
0.67995
0.68565
0.7243
0.729075
0.738975
0.752
0.77845
0.779525
0.781775
0.806525
0.8215
0.8359
0.851525
0.855125
0.870075
0.89855
0.92765
0.9882
1.0021
1.01645
1.0405
1.14295
1.14895
1.21175
1.21635
1.226775
1.2722
1.308225
1.33015
1.4056
1.410175
1.430575
1.4356
1.436025
1.475375
1.524775
1.5642
1.607975
1.6483
1.697825
1.79645
1.832975
1.837575
1.8483
1.950625
2.03295
2.049925
2.311175
2.367925
2.486625
2.55215
2.63005
2.64495
2.64665
2.694375
2.7699
2.796275
2.9456
3.058625
3.1264
3.248475
3.2524
3.388775
3.405775
3.483075
3.704425
3.76695
3.829775
3.89445
3.92605
3.97825
4.03315
4.11245
4.1492
4.160075
4.202825
4.245375
4.25515
4.33665
4.389
4.42415
4.499775
4.658875
4.67185
5.194
5.268225
5.27965
5.3661
5.48845
5.633475
5.855
5.882075
5.9035
5.984425
6.072575
6.2097
6.220075
6.258975
6.3029
6.444775
6.619225
6.702025
6.78335
6.82775
7.0443
7.044475
7.8434
7.9136
8.302725
8.9618
9.001175
9.03845
9.095025
9.150075
9.242375
9.362125
9.796725
9.8143
142
