0.172925
0.462175
0.464325
0.4786
0.479325
0.494575
0.503725
0.53085
0.54115
0.54975
0.55065
0.566575
0.5727
0.59545
0.598725
0.6051
0.61635
0.63945
0.641225
0.645875
0.670875
0.671775
0.67525
0.697625
0.7419
0.760225
0.768375
0.77295
0.791775
0.792725
0.809125
0.810275
0.8112
0.824
0.824225
0.835925
0.866475
0.888475
0.9146
0.926275
0.9891
0.9929
1.002325
1.008025
1.01675
1.016825
1.027475
1.042275
1.11645
1.180175
1.182775
1.18835
1.189575
1.20375
1.2157
1.22495
1.240325
1.2458
1.290075
1.3019
1.31875
1.353625
1.3806
1.3924
1.4412
1.443725
1.464125
1.481575
1.5182
1.5265
1.620125
1.6364
1.674275
1.7359
1.778325
1.788825
1.807675
1.8469
1.857725
1.879825
1.8939
1.932875
2.05585
2.10595
2.12445
2.131575
2.17975
2.2145
2.22235
2.272025
2.2765
2.2831
2.297375
2.418325
2.52775
2.538875
2.55625
2.63875
2.6483
2.863875
2.866425
3.0292
3.2282
3.2927
3.339375
3.389675
3.43115
3.465825
3.578125
3.62335
3.834825
3.8823
3.89545
3.903275
3.916325
3.97175
3.984525
3.98945
4.132125
4.46975
4.503225
4.503625
4.5872
4.75465
4.75875
4.854975
4.87
4.971
5.0541
5.4405
5.4492
5.5533
5.563075
5.592325
5.6919
5.707275
5.759175
5.790775
5.8206
5.8517
6.19945
6.267975
6.332575
6.46405
6.552375
6.570675
6.79425
6.90925
6.915425
7.113425
7.135325
7.151525
7.3236
7.379975
7.440875
7.672825
7.803
7.88365
7.984175
8.470925
8.683425
8.732975
8.79995
8.87255
9.14835
9.348525
9.4714
9.59845
9.894325
169
