0.009025
0.197975
0.204675
0.3568
0.45495
0.4652
0.4654
0.46905
0.482675
0.483325
0.491625
0.501925
0.512675
0.5222
0.544275
0.545475
0.5506
0.557475
0.604375
0.604775
0.61135
0.631475
0.6317
0.634525
0.66325
0.66905
0.724375
0.7295
0.7429
0.7589
0.76505
0.78205
0.81225
0.836275
0.83745
0.858825
0.8713
0.89995
0.905525
0.915075
0.985475
1.04115
1.045275
1.1846
1.198125
1.200025
1.230875
1.26145
1.2811
1.304975
1.3212
1.3243
1.34455
1.391575
1.4038
1.47255
1.5581
1.593725
1.68205
1.69445
1.7678
1.79265
1.8346
1.9208
2.283475
2.395575
2.408175
2.55145
2.57085
2.586975
2.5876
2.6354
2.66855
2.681475
2.6825
2.691675
2.8228
2.85635
2.863
2.96425
2.975625
3.065475
3.12725
3.12775
3.18685
3.19355
3.33775
3.339725
3.513925
3.5509
3.7196
3.790625
3.79145
3.858425
3.928475
3.94825
4.024975
4.11765
4.1201
4.169025
4.26925
4.2775
4.312975
4.5029
4.54995
4.703
4.8511
5.00605
5.089775
5.093975
5.1181
5.13225
5.2219
5.2307
5.2909
5.331075
5.70025
5.707075
5.736975
5.786975
5.9188
6.01375
6.041325
6.509
6.540025
6.580575
6.7414
6.789175
6.832925
7.03685
7.06895
7.265175
7.38355
7.855825
7.859425
7.906425
7.9766
8.197075
8.2971
8.609375
8.69375
8.812175
8.82925
8.87805
8.932425
9.035575
9.205375
9.205875
9.40695
9.609425
9.62665
9.64755
9.73125
9.818
9.856175
155
