0.0202
0.042125
0.26675
0.37825
0.4342
0.445925
0.45935
0.46635
0.49555
0.499325
0.51815
0.523225
0.52885
0.529975
0.536775
0.542075
0.546125
0.5744
0.577325
0.582525
0.5902
0.5916
0.61125
0.6134
0.6239
0.635875
0.7244
0.732
0.73305
0.749875
0.753075
0.783425
0.796575
0.805975
0.84015
0.8426
0.938225
0.9636
0.96375
0.980175
0.984725
0.992075
1.044425
1.067625
1.07095
1.08685
1.087225
1.12245
1.12345
1.170125
1.221825
1.231725
1.266725
1.318125
1.337275
1.38405
1.40805
1.49355
1.50525
1.517525
1.5406
1.633675
1.6609
1.660975
1.669175
1.67375
1.68695
1.755375
1.772225
1.88805
1.905575
1.9404
1.945625
1.991075
2.01055
2.142175
2.15655
2.394225
2.39615
2.4357
2.494225
2.526525
2.654825
2.6929
2.759275
2.91855
3.11755
3.13755
3.26385
3.273275
3.292875
3.340125
3.40035
3.460375
3.606075
3.6945
3.72555
3.8237
3.837175
3.949525
4.025725
4.0569
4.343175
4.343275
4.433775
4.545075
4.658475
4.70515
4.764025
4.779075
4.818125
4.962425
5.00745
5.206125
5.59435
5.620225
5.717275
5.7634
5.8476
5.917425
5.953
6.0937
6.210925
6.2705
6.318
6.47745
6.560775
6.628575
6.637925
6.65945
6.757475
6.780325
7.0269
7.08215
7.3237
7.476225
7.576925
8.047825
8.153025
8.21955
8.2693
8.31025
8.4938
8.49935
8.513925
8.761275
8.7956
8.92875
9.148125
9.5019
9.575525
9.57695
9.645475
9.750925
9.9087
155
