0.199725
0.427075
0.4558
0.472725
0.480875
0.502475
0.509725
0.52585
0.540525
0.543225
0.553425
0.57975
0.58505
0.588275
0.60025
0.618875
0.621625
0.637475
0.6413
0.658725
0.66555
0.665975
0.67105
0.67535
0.68355
0.693925
0.701925
0.7137
0.741975
0.7424
0.74255
0.749175
0.7513
0.761425
0.77285
0.77545
0.78195
0.782575
0.78415
0.81665
0.82855
0.847325
0.862375
0.874375
0.8971
0.9089
0.91025
0.9125
0.919575
0.9614
1.046125
1.0558
1.145825
1.20105
1.202925
1.21425
1.2474
1.2946
1.3113
1.32555
1.356175
1.3587
1.36355
1.37045
1.417125
1.42095
1.43305
1.4354
1.481075
1.5042
1.520125
1.5294
1.54725
1.55035
1.5682
1.635125
1.659125
1.6625
1.6896
1.69335
1.69785
1.7313
1.97485
1.98305
2.027875
2.0609
2.115025
2.117175
2.152425
2.246975
2.253475
2.258775
2.2866
2.293775
2.39995
2.43955
2.45405
2.550125
2.64475
2.721675
2.80925
2.91395
3.175675
3.194575
3.223575
3.32795
3.35405
3.400275
3.41665
3.43925
3.444275
3.494925
3.496175
3.573325
3.65495
3.7065
3.72885
3.7711
3.850725
3.994475
4.15205
4.180475
4.2654
4.42415
4.481125
4.521925
4.52975
4.580575
4.656175
4.661975
4.6668
4.6861
4.7108
4.7145
4.728625
4.8049
4.8122
4.908575
5.116825
5.130775
5.450725
5.52675
5.81615
5.879975
5.92055
6.012475
6.1159
6.1341
6.330825
6.4172
6.4332
6.473025
6.531125
6.6197
6.67275
6.834925
6.847425
6.84995
6.95105
7.036675
7.050575
7.209575
7.214725
7.249925
7.278725
7.2804
7.52865
7.5678
7.672225
7.70685
7.76785
7.786175
8.11825
8.233125
8.331775
8.455075
8.513875
8.8114
8.835
9.1755
9.272825
9.5316
9.536175
9.62715
9.630325
9.702375
186
