0.005975
0.20015
0.46455
0.472825
0.4796
0.4814
0.495825
0.502
0.5067
0.51975
0.53185
0.53615
0.566025
0.568125
0.584825
0.59295
0.61765
0.621825
0.6245
0.630225
0.642425
0.654325
0.656325
0.667275
0.66915
0.697675
0.701975
0.704025
0.70895
0.7127
0.7148
0.722875
0.776075
0.787675
0.790825
0.805275
0.808525
0.851775
0.8545
0.860375
0.861425
0.8748
0.926625
0.97365
1.0014
1.014825
1.031275
1.06245
1.105375
1.119
1.121825
1.12535
1.158225
1.164375
1.1654
1.20635
1.21245
1.248225
1.2488
1.264275
1.296625
1.329175
1.3984
1.464625
1.483825
1.486175
1.528175
1.549825
1.600275
1.606075
1.619525
1.6615
1.66445
1.6947
1.7286
1.78875
1.7995
1.854125
1.865
1.897975
1.90785
2.079725
2.095725
2.113
2.132475
2.151575
2.219875
2.234375
2.2451
2.35805
2.367175
2.42825
2.4284
2.473275
2.5723
2.596675
2.639825
2.786025
2.932
3.045725
3.078325
3.184475
3.200325
3.364475
3.419825
3.62335
3.674675
3.680775
3.771225
3.833175
3.8447
3.880575
3.941475
3.988225
3.9904
4.04245
4.04905
4.118425
4.124275
4.14655
4.282225
4.388225
4.395775
4.44365
4.446475
4.514175
4.5462
4.553625
4.623225
4.648625
4.653975
4.701725
4.803425
4.9227
5.1236
5.4069
5.43065
5.640725
5.6547
5.78125
5.898225
5.954575
6.05565
6.060125
6.0705
6.08925
6.13325
6.134975
6.14515
6.19025
6.247925
6.307125
6.4835
6.513775
6.522675
6.5551
6.671475
6.77175
7.09375
7.3102
7.327375
7.402825
7.446325
7.68145
7.77925
8.065925
8.17385
8.243075
8.499875
8.538375
8.555275
8.598325
8.7506
9.091225
9.221725
9.585625
9.592775
9.7465
9.96755
9.993025
9.999825
181
