0.4813
0.4832
0.503725
0.508825
0.526375
0.537425
0.552
0.55545
0.556325
0.5666
0.574275
0.6243
0.6276
0.649475
0.680575
0.6831
0.704325
0.761075
0.778
0.78205
0.786625
0.793325
0.8148
0.87405
0.906825
0.912925
0.984025
0.990925
1.007375
1.061875
1.070775
1.078325
1.125175
1.20135
1.215075
1.3374
1.34115
1.351125
1.381325
1.414925
1.46205
1.485725
1.4865
1.51915
1.600925
1.65445
1.731775
1.90885
1.9414
1.946375
1.997425
2.04945
2.069375
2.104475
2.225225
2.30355
2.34515
2.430825
2.8411
2.861375
2.936725
3.074825
3.085775
3.10925
3.16235
3.238425
3.377325
3.443575
3.455025
3.45705
3.464575
3.56515
3.56705
3.59355
3.682425
3.7418
3.74185
3.7763
3.83095
3.84965
4.128025
4.1653
4.2624
4.382625
4.388675
4.39805
4.406975
4.719575
4.7546
4.895675
4.97035
5.019625
5.050375
5.09845
5.187075
5.237575
5.238175
5.32475
5.42055
5.435225
5.532
5.57145
5.6472
5.649475
5.850825
5.87645
6.085475
6.125175
6.2435
6.464775
6.617525
7.06305
7.07915
7.116475
7.1603
7.35795
7.387175
7.563375
7.61075
7.695575
7.9392
7.981825
7.99465
8.117675
8.3452
8.383775
8.494725
8.690375
8.743425
8.748875
8.79965
9.105175
9.26955
9.281125
9.285
9.4863
9.488025
9.590725
9.655675
9.835
9.905775
141
