0.108125
0.189675
0.429125
0.473325
0.4856
0.495625
0.499175
0.501575
0.505825
0.52095
0.5507
0.567725
0.57225
0.5878
0.6321
0.635825
0.644425
0.70505
0.709725
0.71905
0.719875
0.7487
0.766375
0.77715
0.7809
0.81115
0.8235
0.828175
0.835925
0.8369
0.850125
0.86815
0.872825
0.89095
0.909525
0.9207
0.9582
1.132075
1.209475
1.24815
1.2596
1.276675
1.32945
1.3355
1.35875
1.426775
1.499075
1.53445
1.540525
1.582625
1.5912
1.607825
1.6907
1.75955
1.783075
1.789425
1.835325
1.8997
1.951975
2.016
2.131925
2.2577
2.336925
2.36335
2.4129
2.489625
2.50185
2.54765
2.54775
2.559525
2.588475
2.684525
2.69945
2.8423
2.9261
2.978625
3.104525
3.121075
3.28595
3.3419
3.35845
3.395375
3.5908
3.6108
3.855525
3.90155
3.949
4.017375
4.06355
4.064975
4.135175
4.185575
4.308375
4.3321
4.3724
4.40935
4.44595
4.5666
4.567075
4.6121
4.6236
4.761175
4.863525
4.968425
4.986175
5.199025
5.24875
5.2756
5.291
5.375875
5.4046
5.415625
5.5194
5.830775
5.8492
5.854225
6.037875
6.06335
6.301675
6.341225
6.395725
6.474675
6.634575
6.795225
6.9002
7.009425
7.341925
7.4221
7.595025
7.691675
7.762625
8.02605
8.032025
8.08235
8.11955
8.139275
8.1861
8.285475
8.310775
8.53745
8.9696
9.002725
9.3333
9.35145
9.63955
9.80345
9.935925
9.966775
148
