0.001825
0.241175
0.2528
0.254475
0.314925
0.370025
0.4305
0.460375
0.461775
0.48675
0.495825
0.496975
0.50355
0.508725
0.51855
0.51935
0.549975
0.55675
0.55755
0.558925
0.56985
0.573375
0.577375
0.5865
0.5951
0.62855
0.6421
0.6539
0.69795
0.715375
0.726225
0.7305
0.73965
0.74885
0.752775
0.76705
0.773225
0.7792
0.78095
0.8029
0.8153
0.816625
0.8947
0.922625
0.9532
0.968975
0.97185
0.976625
0.993475
1.010425
1.01845
1.0211
1.044925
1.08115
1.111175
1.114975
1.1696
1.209575
1.217475
1.27945
1.290875
1.326125
1.3869
1.389225
1.413675
1.4198
1.42525
1.4633
1.48735
1.5324
1.54205
1.551825
1.6348
1.64245
1.7188
1.805075
1.871125
1.9064
1.993725
2.053375
2.05645
2.076025
2.143325
2.16105
2.1923
2.251875
2.256775
2.2648
2.307175
2.43235
2.50795
2.596175
2.720175
2.7359
2.743275
2.81505
2.82395
2.86685
2.95495
2.975425
2.98415
3.045625
3.0597
3.1149
3.16045
3.223825
3.3364
3.341
3.4137
3.43585
3.513275
3.536075
3.5395
3.604075
3.63755
3.830375
3.872875
3.888725
3.9137
3.924775
3.981625
4.121325
4.12455
4.20015
4.22275
4.23985
4.2992
4.332775
4.350175
4.410775
4.5747
4.622
4.634075
4.7216
4.77885
4.8386
5.019675
5.069575
5.518725
5.538625
5.950275
6.000775
6.041
6.273675
6.673375
6.907525
7.12935
7.30995
7.45405
7.51705
7.587225
7.6296
8.06115
8.112475
8.13655
8.38575
8.4411
8.45085
8.463875
8.49375
8.556675
8.70665
8.766575
8.8137
8.907875
8.91665
9.344425
9.98545
168
