0.07035
0.135375
0.26055
0.373675
0.42215
0.4748
0.48505
0.503875
0.50585
0.517525
0.5363
0.546225
0.554325
0.5664
0.574225
0.57875
0.5876
0.58805
0.60095
0.63375
0.669475
0.675125
0.67915
0.681725
0.683075
0.68565
0.690125
0.7022
0.712475
0.71435
0.71945
0.732625
0.7453
0.749125
0.76215
0.769975
0.775775
0.786975
0.7917
0.793175
0.7984
0.835825
0.859275
0.8902
0.893825
0.899425
0.9408
0.954125
0.958125
0.96185
0.974675
1.051925
1.06365
1.137525
1.140625
1.178525
1.2502
1.321625
1.337125
1.339775
1.378825
1.38095
1.392175
1.403225
1.43255
1.44965
1.51555
1.53985
1.569075
1.60535
1.668275
1.698575
1.7803
1.78315
1.816625
1.836175
1.89975
1.902675
1.905125
1.911575
1.9127
1.98375
1.990325
1.991325
2.13055
2.13215
2.148125
2.1694
2.21075
2.245625
2.32615
2.46995
2.5032
2.526475
2.54275
2.6915
2.796575
2.807875
2.8411
2.863075
2.905125
2.943125
2.9678
2.99505
3.064725
3.093125
3.105775
3.248425
3.46865
3.643225
3.65755
3.70355
4.05305
4.116475
4.119625
4.148025
4.155075
4.19045
4.28465
4.43055
4.4873
4.58555
4.71035
4.77865
4.94915
5.0585
5.06475
5.13965
5.4074
5.423
5.621275
5.684575
5.687375
5.712925
5.7442
5.806275
5.830675
5.873525
5.996625
5.99705
6.020525
6.054175
6.083375
6.111825
6.11355
6.1584
6.39995
6.533375
6.603125
6.860675
6.923275
7.056275
7.172475
7.209325
7.20995
7.360825
7.45775
7.47225
7.538375
7.668225
8.016825
8.126
8.3541
8.548
8.62695
8.73555
8.94485
9.431275
9.478575
9.68385
9.8935
9.92215
172
