0.07715
0.33985
0.428925
0.458725
0.469325
0.470725
0.4813
0.48945
0.4944
0.495525
0.4969
0.5112
0.5319
0.542725
0.546275
0.569175
0.57815
0.584075
0.5903
0.607075
0.619675
0.628175
0.637775
0.6483
0.6602
0.66375
0.671475
0.70685
0.710425
0.727875
0.7318
0.7931
0.7976
0.8038
0.80995
0.82395
0.8426
0.854725
0.88435
0.905075
0.907725
0.967575
0.974825
0.976675
0.98165
0.999925
1.001625
1.0171
1.088575
1.0941
1.09625
1.1836
1.26075
1.270075
1.2844
1.2945
1.2963
1.36975
1.3793
1.393075
1.425125
1.4325
1.449975
1.466325
1.497625
1.51005
1.52905
1.5392
1.652875
1.68985
1.75235
1.7778
1.8051
1.86005
1.8613
1.866525
1.8969
1.921225
2.02885
2.121
2.1413
2.1995
2.3042
2.4064
2.42895
2.472125
2.5364
2.780025
2.91225
2.94505
2.990925
3.039125
3.08915
3.113875
3.171625
3.2792
3.28965
3.360975
3.397075
3.462975
3.5545
3.565
3.6921
4.24275
4.31875
4.37685
4.4234
4.4271
4.600575
4.6098
4.797425
4.808575
5.230925
5.268775
5.290225
5.44325
5.475525
5.4998
5.500875
5.577775
5.595225
5.62375
5.7357
5.7782
5.8595
5.867025
5.940775
6.073225
6.15045
6.25665
6.31085
6.605975
6.649125
6.82175
6.854
6.9035
7.01445
7.3603
7.390425
7.769525
7.87905
8.103425
8.18695
8.245725
8.27165
8.3242
8.357975
8.437275
8.6683
8.67215
8.801025
9.075
9.117
9.259
9.418825
9.4947
9.70625
9.86295
9.988925
159
