0.07475
0.311125
0.318375
0.44965
0.4715
0.4868
0.492275
0.494175
0.52705
0.528975
0.529175
0.535025
0.5392
0.5431
0.54365
0.545575
0.55245
0.553875
0.558025
0.5714
0.580975
0.6156
0.6213
0.68265
0.688225
0.688425
0.694475
0.7248
0.7503
0.756725
0.780025
0.788875
0.8589
0.86095
0.870475
0.8836
0.8995
0.928825
0.93725
0.9426
0.94915
1.02325
1.033575
1.04755
1.0546
1.056725
1.09055
1.100025
1.193375
1.203525
1.2271
1.22745
1.2281
1.2491
1.249225
1.253975
1.27345
1.288775
1.3432
1.360675
1.46085
1.480675
1.559875
1.70275
1.74905
1.8038
1.8141
1.82815
1.90575
1.99675
2.00935
2.020575
2.030725
2.102425
2.11755
2.133325
2.14025
2.207075
2.28035
2.290725
2.3223
2.393975
2.4112
2.428875
2.438
2.48945
2.519725
2.538975
2.586325
2.590575
2.686975
2.761375
2.77545
2.865
2.886025
2.888
2.945825
2.970325
2.970625
2.99325
3.0054
3.091
3.11295
3.16395
3.2574
3.32105
3.60335
3.8
4.0203
4.053425
4.087725
4.092025
4.311625
4.364075
4.44135
4.593825
4.73405
4.74305
4.898625
4.97145
4.97165
5.048925
5.165275
5.27615
5.304825
6.24535
6.353675
6.368125
6.415925
6.629875
6.70595
6.712825
6.725675
6.77505
6.8542
7.2615
7.476225
7.48775
7.6473
7.739875
7.744875
7.7695
8.0052
8.0411
8.04115
8.08415
8.4659
8.538125
8.68885
8.775025
8.866
8.93995
8.96305
9.02955
9.2005
9.263175
9.3551
9.638025
9.738925
9.780175
9.8067
9.89275
162
