0.11295
0.2998
0.441925
0.465725
0.479225
0.483875
0.4963
0.496825
0.498225
0.5147
0.523
0.533425
0.537175
0.544175
0.54865
0.553725
0.554275
0.556675
0.5589
0.56815
0.5694
0.570525
0.57215
0.5927
0.59905
0.599825
0.625425
0.634225
0.652675
0.657725
0.671725
0.68395
0.689
0.68925
0.691275
0.702775
0.71335
0.724025
0.727975
0.762275
0.76425
0.7665
0.784675
0.787875
0.7913
0.79895
0.79925
0.847925
0.8552
0.895275
0.898475
0.8998
0.917075
0.936375
0.967425
1.015475
1.024825
1.047925
1.074575
1.166925
1.19045
1.2305
1.2488
1.2492
1.277275
1.284125
1.375075
1.545325
1.551575
1.5642
1.565
1.58725
1.6529
1.746125
1.75315
1.7595
1.89305
1.9953
2.0248
2.2123
2.262225
2.3158
2.560975
2.62805
2.877825
2.901325
2.9637
2.98575
3.0055
3.039575
3.049525
3.06815
3.206425
3.212725
3.26815
3.375075
3.453675
3.51765
3.614875
3.662375
3.7643
3.816425
3.8893
3.890375
3.906875
3.9315
3.957925
3.9657
4.24535
4.27015
4.354675
4.386125
4.46395
4.469075
4.484575
4.5004
4.5096
4.660525
4.7303
4.801275
4.863725
4.890425
5.07575
5.109275
5.11755
5.152875
5.25915
5.262775
5.270925
5.336125
5.3566
5.36195
5.422
5.575325
5.713775
5.808175
5.88225
5.89515
6.22885
6.26585
6.2983
6.450675
6.546125
6.84525
7.057725
7.1035
7.21665
7.3158
7.407825
7.593475
7.79435
8.013925
8.02165
8.281575
8.55245
8.5807
8.619325
8.7335
8.845425
8.8843
8.88495
9.1499
9.18455
9.31445
9.3402
9.347
9.5649
9.698625
9.88335
169
