0.059275
0.06415
0.10405
0.123625
0.3059
0.4767
0.48445
0.4856
0.48875
0.491775
0.52205
0.5414
0.54305
0.54955
0.584025
0.597625
0.6181
0.62375
0.6243
0.62935
0.63405
0.645175
0.655
0.66085
0.665775
0.674675
0.702425
0.77325
0.785225
0.8014
0.8176
0.820175
0.832
0.835
0.8388
0.896175
0.95285
0.96825
0.971675
0.989275
1.0357
1.060825
1.062075
1.06455
1.1364
1.17765
1.2175
1.253675
1.2815
1.311625
1.359775
1.379575
1.41725
1.4834
1.49805
1.609975
1.6726
1.68985
1.71915
1.725275
1.730325
1.7834
1.811125
1.914575
1.9934
2.084675
2.08655
2.11145
2.11315
2.209825
2.308125
2.33795
2.442075
2.48805
2.52475
2.52495
2.554225
2.570375
2.63715
2.68765
2.725825
2.878825
2.9883
2.989225
2.993775
3.015225
3.050775
3.05465
3.222075
3.288225
3.46635
3.589325
3.59445
3.646625
3.82435
3.84365
3.9067
3.93855
3.980725
4.01445
4.104625
4.133825
4.176125
4.259625
4.289875
4.29845
4.3109
4.518775
4.643225
4.782325
4.831925
4.921
4.962275
5.085825
5.107175
5.346775
5.35535
5.4426
5.735375
5.739025
5.781675
5.861275
5.966225
5.9815
5.99145
6.0123
6.167975
6.243575
6.3171
6.4169
6.5242
6.533225
6.5609
6.71085
6.79055
6.7984
6.8092
6.871675
6.88915
7.03555
7.189575
7.274625
8.11245
8.134625
8.275025
8.341425
8.489925
8.52295
8.583425
8.80255
8.833725
8.9068
8.9098
8.99375
9.103725
9.200575
9.3237
9.361
9.443925
9.523925
9.56705
9.786925
9.9083
163
