0.010475
0.023925
0.452825
0.4635
0.4667
0.470975
0.47955
0.4992
0.51255
0.519825
0.542125
0.553025
0.563675
0.576725
0.592725
0.60675
0.6324
0.638225
0.656375
0.673775
0.678975
0.681275
0.687225
0.690475
0.6915
0.709975
0.72335
0.77765
0.77815
0.80555
0.829
0.831575
0.8503
0.8898
0.9309
0.95025
1.074025
1.0782
1.100375
1.10505
1.1416
1.17215
1.18065
1.18585
1.194725
1.2382
1.247675
1.26215
1.262775
1.2812
1.31715
1.34985
1.360075
1.36725
1.394275
1.39765
1.3994
1.402625
1.45505
1.5348
1.5849
1.595575
1.6105
1.668575
1.721975
1.722875
1.859925
1.90495
1.930125
1.986425
2.06465
2.096075
2.2227
2.269625
2.319275
2.33505
2.4335
2.437325
2.516
2.57705
2.579025
2.6201
2.707575
2.730275
2.899825
2.9182
2.9592
2.995075
3.014975
3.06005
3.155
3.21625
3.30915
3.32065
3.374525
3.657625
3.6953
3.72235
3.754425
3.77355
3.78655
3.80875
3.865125
3.993125
4.1982
4.264425
4.37755
4.730875
4.740575
4.75345
4.85215
4.86795
4.87265
4.989975
5.028675
5.189575
5.2791
5.3381
5.44605
5.596975
5.60045
5.615225
5.64365
5.7823
5.807725
5.907125
6.018475
6.064375
6.1366
6.208675
6.2197
6.37905
6.435275
6.594925
6.654175
6.879075
6.983025
7.18365
7.5158
7.62355
7.6734
7.68775
7.780925
7.813125
8.075675
8.528525
8.876925
8.941275
8.941475
8.973475
9.069225
9.06995
9.13465
9.19725
9.478375
9.495575
9.577075
9.673025
9.682925
9.76855
9.920075
161
