0.429675
0.456425
0.4692
0.501675
0.52275
0.5252
0.532575
0.554
0.5559
0.56915
0.57785
0.58065
0.603725
0.6082
0.613375
0.61345
0.6198
0.6772
0.679125
0.680325
0.684725
0.734575
0.735525
0.7378
0.74545
0.7488
0.7523
0.75425
0.757175
0.772175
0.7894
0.7896
0.7953
0.862975
0.870325
0.903075
0.93415
0.944675
0.9477
0.951325
0.984675
0.997725
1.006725
1.00715
1.03595
1.0567
1.2028
1.20495
1.221175
1.254825
1.288175
1.347675
1.371625
1.4015
1.412425
1.4681
1.49135
1.586925
1.683125
1.70415
1.7092
1.787025
1.8077
1.845025
1.88845
1.975075
1.9871
2.002025
2.0275
2.031425
2.055525
2.13895
2.1605
2.170975
2.173475
2.24775
2.403175
2.42075
2.47095
2.4737
2.52165
2.592725
2.650625
2.653175
2.658525
2.66915
2.71165
2.804075
2.810275
2.918975
2.9243
2.954575
2.97525
3.073175
3.083475
3.12765
3.137425
3.1482
3.20135
3.2092
3.210575
3.221575
3.368875
3.491675
3.6219
3.633825
3.736675
3.860725
4.0088
4.020325
4.223225
4.2394
4.484275
4.536275
4.608975
4.6662
4.7492
4.815025
4.914075
5.09895
5.192875
5.30485
5.385275
5.404375
5.41135
5.421225
5.42345
5.496125
5.592675
5.725725
5.8195
5.870175
5.9575
6.0742
6.153175
6.175975
6.3581
6.4144
6.549425
6.70585
6.795875
6.920525
6.95295
7.255875
7.290675
7.342425
7.374975
7.471725
7.521725
7.76535
7.821
7.95915
8.18165
8.290575
8.35695
8.48775
8.539525
8.614675
8.680725
8.696925
8.870625
8.997175
9.257625
9.26425
9.326425
9.49385
9.55265
9.666375
9.675775
9.8072
9.97175
9.99755
172
