0.19475
0.312425
0.4167
0.481875
0.4838
0.486175
0.49925
0.530175
0.53315
0.535025
0.537525
0.573325
0.58745
0.611075
0.626975
0.63495
0.6414
0.663175
0.67315
0.67555
0.68795
0.693475
0.706575
0.70695
0.721925
0.724975
0.73285
0.7398
0.740725
0.748825
0.749475
0.7759
0.77985
0.781625
0.80385
0.807225
0.82675
0.84425
0.850875
0.858775
0.861575
0.86615
0.8715
0.889075
0.922875
0.961325
0.975025
0.975325
1.010175
1.020875
1.0656
1.066825
1.09175
1.121675
1.122075
1.12485
1.129775
1.174975
1.1831
1.19045
1.211625
1.214025
1.22055
1.255025
1.3085
1.314675
1.387775
1.43375
1.4556
1.5046
1.624175
1.6353
1.679225
1.742825
1.834625
1.8375
1.952825
1.96875
1.9861
2.0396
2.039875
2.13185
2.15635
2.196575
2.285325
2.314475
2.386725
2.39155
2.438425
2.5503
2.56585
2.5989
2.753175
2.977225
3.052375
3.195225
3.328075
3.431825
3.70535
3.995125
4.131225
4.1708
4.21555
4.25775
4.281625
4.366025
4.440925
4.467
4.566975
4.58925
4.769775
4.842925
4.853075
4.942375
5.065025
5.111375
5.113625
5.1355
5.139925
5.148075
5.2134
5.261625
5.26685
5.3291
5.386525
5.417175
5.457025
5.52155
5.552525
5.732975
5.886375
5.910675
6.02835
6.2733
6.328125
7.106
7.134525
7.14645
7.3471
7.428025
7.559625
7.60775
7.6379
7.8579
7.922475
8.0043
8.0994
8.1851
8.24795
8.27075
8.311525
8.31655
8.331825
8.37605
8.560475
8.5987
8.746725
8.884375
8.9223
9.534
9.580225
9.90365
162
