0.23105
0.3257
0.404025
0.470075
0.494575
0.5224
0.536475
0.55745
0.5595
0.566375
0.56895
0.574075
0.576275
0.583975
0.59865
0.694
0.703075
0.7085
0.729
0.781275
0.81625
0.817375
0.83155
0.843525
0.884225
0.8953
0.9709
1.0042
1.006
1.02775
1.0415
1.0732
1.0884
1.1142
1.145875
1.287325
1.426125
1.4338
1.472675
1.508075
1.536825
1.59515
1.67905
1.699975
1.7177
1.765075
1.959175
1.964125
1.984725
2.008775
2.025975
2.044
2.09225
2.13535
2.1974
2.2101
2.326225
2.33845
2.36975
2.3835
2.38525
2.517525
2.543225
2.56735
2.57605
2.728025
2.764225
2.800425
2.8099
2.924075
2.9254
2.9718
3.125825
3.2569
3.257725
3.37725
3.4111
3.45955
3.53895
3.575025
3.626925
3.639925
3.768175
3.819225
3.95295
4.138925
4.2858
4.38
4.3856
4.394325
4.42145
4.44215
4.453875
4.4555
4.50465
4.66435
4.7101
4.718125
4.724075
4.8016
4.86255
5.1025
5.4482
5.45055
5.594575
5.69205
5.697325
5.81015
5.8159
5.871325
5.880825
5.917025
5.921925
6.031175
6.092075
6.3844
6.417775
6.492075
6.5161
6.611975
6.6632
6.804075
6.8313
6.892425
7.026625
7.0336
7.091525
7.2849
7.530225
7.676775
7.701175
7.7375
7.737525
7.816475
7.840825
7.845475
7.9218
7.9952
8.3748
8.58235
8.824425
8.990175
9.048075
9.329225
9.543825
9.6044
9.727975
9.78685
9.846425
9.870975
9.99955
151
