0.091
0.18505
0.462325
0.4716
0.47335
0.4986
0.50165
0.52245
0.5328
0.571775
0.580475
0.59695
0.6102
0.622825
0.62545
0.6323
0.647775
0.668375
0.669
0.67125
0.677775
0.721975
0.72605
0.7411
0.741675
0.7421
0.7719
0.776825
0.780625
0.78075
0.781525
0.844075
0.85185
0.85775
0.901075
0.90695
0.91335
0.934825
0.949175
0.9867
0.98775
0.987825
0.992575
1.003625
1.0233
1.024325
1.032475
1.049525
1.0662
1.075125
1.07555
1.131325
1.1562
1.221825
1.2317
1.242475
1.243625
1.25155
1.2662
1.278725
1.28205
1.307875
1.31735
1.31915
1.394275
1.399425
1.41685
1.48305
1.5622
1.609175
1.61795
1.691925
1.72765
1.7371
1.740925
1.760025
1.82605
1.8326
1.85035
1.8962
1.985375
2.06835
2.1261
2.175425
2.17545
2.18885
2.1968
2.20465
2.310925
2.339075
2.3588
2.363475
2.39145
2.5289
2.671
2.73425
2.835875
2.838975
2.919125
2.9247
3.1154
3.12355
3.231275
3.237625
3.252475
3.3771
3.495525
3.56575
3.601875
3.6419
3.689125
3.719375
3.732575
3.92695
4.00555
4.01975
4.035425
4.065975
4.14625
4.19195
4.195425
4.198425
4.257175
4.265025
4.301325
4.4338
4.49105
4.60435
4.645725
4.652925
4.661575
4.67425
4.765725
4.782825
4.999775
5.19795
5.231325
5.281475
5.283725
5.4598
5.588125
5.5929
5.598325
5.60855
5.7611
5.8676
6.1977
6.245975
6.2665
6.278325
6.291025
6.32495
6.64035
6.667075
6.698325
6.728825
6.84225
6.9481
7.004925
7.21025
7.264025
7.281625
7.290075
7.336925
7.42785
7.703975
8.16375
8.212775
8.283325
8.38985
8.532975
8.733575
8.744575
8.796025
8.818625
8.88235
9.018125
9.054675
9.257525
9.420675
9.45915
9.580225
9.792425
183
