0.0946
0.231275
0.43675
0.436875
0.4437
0.4667
0.474375
0.4768
0.483425
0.505625
0.521175
0.5279
0.541725
0.54945
0.561375
0.565075
0.565825
0.590375
0.601175
0.62665
0.629075
0.6401
0.667375
0.677825
0.683
0.71095
0.72435
0.7416
0.76105
0.780625
0.781575
0.78595
0.7896
0.8013
0.83
0.834175
0.857275
0.89865
0.899175
0.916075
0.92635
0.9328
0.942825
0.960125
0.965125
0.969625
0.9761
1.010425
1.03205
1.0575
1.0981
1.111
1.1551
1.1591
1.1796
1.195875
1.2654
1.27265
1.32715
1.327625
1.356925
1.368925
1.481875
1.52585
1.6125
1.6586
1.66195
1.690625
1.7002
1.7651
1.8125
2.07085
2.1499
2.207425
2.2776
2.279675
2.2963
2.31445
2.333625
2.39345
2.44545
2.509775
2.64835
2.6723
2.70115
2.73475
2.97525
3.005975
3.054425
3.060775
3.1009
3.16615
3.1791
3.20565
3.23525
3.3014
3.3262
3.332575
3.36065
3.363875
3.45195
3.465075
3.48675
3.493
3.5362
3.768575
3.88485
3.956125
4.033675
4.1427
4.223675
4.269725
4.509025
4.5325
4.53295
4.606075
4.6231
4.672725
4.686475
4.85865
4.946275
5.202
5.290425
5.423225
5.48495
5.5749
5.63225
5.714525
5.78025
5.881025
5.9131
6.0187
6.042825
6.2018
6.2256
6.246475
6.273975
6.29685
6.425125
6.4502
6.461225
6.4623
6.60385
6.76175
6.8975
6.94055
6.948125
6.993275
7.2399
7.34005
7.5738
7.598825
7.62525
7.7587
7.86165
7.8693
7.872975
7.8945
7.995175
8.087275
8.138475
8.144625
8.180925
8.2947
9.2376
9.303675
9.3519
9.75885
9.835675
169
