0.0598
0.113775
0.354875
0.449025
0.46985
0.4779
0.47975
0.48225
0.4885
0.49745
0.498625
0.50925
0.51565
0.52
0.5243
0.5249
0.537175
0.541925
0.542825
0.5483
0.551825
0.55275
0.564375
0.5698
0.576275
0.5773
0.582125
0.589675
0.595725
0.59835
0.598525
0.609525
0.61715
0.6364
0.6433
0.649775
0.6523
0.7022
0.73745
0.749775
0.78765
0.7975
0.797925
0.8219
0.848
0.861425
0.863525
0.902
0.903425
0.931525
0.940875
0.97015
0.973475
0.9871
1.012825
1.066725
1.098975
1.126125
1.1454
1.1703
1.21465
1.214975
1.241425
1.242425
1.4049
1.453725
1.495575
1.598225
1.6763
1.680925
1.686925
1.69605
1.705625
1.749075
1.8439
1.855525
1.892675
1.969725
1.989725
1.992925
2.000775
2.009475
2.0744
2.084375
2.188075
2.2256
2.228975
2.314
2.327075
2.39305
2.402075
2.524475
2.525775
2.5477
2.5641
2.6582
2.670575
2.8098
2.850825
3.0519
3.359725
3.428475
3.45915
3.465275
3.526125
3.911125
3.9136
4.01275
4.085775
4.164
4.338925
4.401425
4.4015
4.55915
4.602875
4.6039
4.659525
4.720175
4.7523
4.762425
4.974425
4.982625
5.010125
5.131425
5.30615
5.443025
5.675425
5.7442
5.991825
5.999675
6.079825
6.115075
6.140525
6.153925
6.26655
6.47305
6.519875
6.571925
6.589225
6.80845
6.819075
6.94365
7.14865
7.22285
7.27745
7.300075
7.421575
7.5802
7.64665
7.6691
7.68165
7.779225
7.888625
8.074025
8.27965
8.3658
8.52095
8.6995
8.711125
8.772025
8.920625
9.14775
9.1553
9.2308
9.26305
9.37315
9.48995
9.500375
9.81445
9.851
9.90545
171
