0.117675
0.127875
0.262525
0.26675
0.415075
0.428475
0.46765
0.47645
0.4866
0.491575
0.510725
0.5165
0.531225
0.5324
0.535075
0.535775
0.539375
0.556975
0.55785
0.558725
0.558925
0.5859
0.598775
0.6466
0.651075
0.6958
0.71205
0.745075
0.760875
0.77485
0.779675
0.805625
0.807975
0.837625
0.85295
0.888975
0.922375
0.95525
0.96705
0.970225
0.996275
1.0133
1.017275
1.096475
1.106075
1.13315
1.143475
1.164
1.1998
1.2014
1.224175
1.233225
1.260475
1.2831
1.30375
1.3051
1.348925
1.392
1.3956
1.5198
1.5403
1.62485
1.679625
1.8916
1.91265
1.943125
2.0071
2.099675
2.1164
2.23295
2.2349
2.23815
2.2775
2.375375
2.411875
2.4156
2.4817
2.50645
2.56765
2.57605
2.79315
2.99855
3.02935
3.053375
3.213975
3.496925
3.7177
3.7403
3.891575
3.995925
4.067125
4.1727
4.22125
4.227825
4.24525
4.268175
4.327175
4.441575
4.650175
4.74235
4.833125
4.97565
5.0223
5.199075
5.212825
5.2758
5.340875
5.463125
5.754175
5.850975
5.8697
5.906775
5.9664
6.024975
6.051825
6.22465
6.509875
6.758
6.782125
6.85415
7.011125
7.04705
7.119275
7.292025
7.3072
7.37915
7.40455
7.4186
7.54645
7.6093
7.63275
7.6732
7.746325
7.896425
7.95195
8.23885
8.26205
8.3776
8.43425
8.79465
8.8276
8.9271
9.2257
9.33155
9.702525
9.96745
146
