0.166
0.1933
0.30395
0.327125
0.402125
0.431125
0.43495
0.465675
0.4758
0.517
0.5201
0.525075
0.55025
0.57095
0.5718
0.598225
0.5996
0.6043
0.611825
0.645825
0.65835
0.66695
0.668225
0.68435
0.689375
0.691575
0.69965
0.712875
0.7198
0.736025
0.756725
0.7598
0.8039
0.804975
0.853525
0.87715
0.888325
0.895525
0.90205
0.9041
0.909475
0.9163
0.9334
0.94965
0.950075
0.99445
1.0709
1.07485
1.085625
1.088225
1.148875
1.15925
1.1618
1.22245
1.225725
1.246825
1.26815
1.307025
1.315
1.320925
1.322125
1.325325
1.334675
1.35535
1.387925
1.405375
1.4081
1.43225
1.463525
1.553525
1.559675
1.5774
1.6571
1.674525
1.681675
1.79505
1.8705
1.9732
2.018125
2.047125
2.12505
2.244875
2.40255
2.43255
2.555125
2.608475
2.609525
2.660875
2.665375
2.716
2.81325
2.84265
2.844075
2.86205
2.893475
2.94545
2.97705
3.0083
3.042025
3.05465
3.117425
3.139775
3.195475
3.234125
3.2647
3.3773
3.39045
3.41615
3.4244
3.4679
3.5463
3.667475
3.694
3.77015
4.049075
4.09575
4.165575
4.166425
4.17765
4.557475
4.6106
4.662225
4.705425
4.72635
4.86615
4.926175
4.95275
5.007725
5.01415
5.0234
5.0303
5.07605
5.1048
5.138575
5.210725
5.3748
5.48565
5.511875
5.529925
5.619675
5.75745
5.801075
5.927625
5.96835
6.03655
6.1817
6.2759
6.410875
6.57685
6.63045
6.642875
6.778475
6.8205
6.8857
6.89795
7.0429
7.133025
7.13345
7.521225
7.6209
7.9697
8.030025
8.0833
8.6866
8.711075
8.79265
8.8215
8.822925
8.992375
9.015225
9.262625
9.36295
9.40695
9.442525
9.5022
9.587225
9.626525
9.801625
9.892225
9.8977
180
