0.048025
0.06695
0.096775
0.15795
0.4204
0.454625
0.483275
0.493675
0.506425
0.508225
0.51045
0.515725
0.518725
0.51925
0.541525
0.542
0.558125
0.588775
0.59715
0.62185
0.641
0.656325
0.693275
0.70005
0.7295
0.738025
0.7385
0.76
0.766175
0.7743
0.78425
0.8149
0.852325
0.856775
0.8701
0.892025
0.892675
0.914
0.931375
1.0033
1.004025
1.0089
1.020675
1.025775
1.04475
1.0491
1.059875
1.12405
1.150775
1.1666
1.1739
1.20995
1.2696
1.370875
1.383025
1.423425
1.459375
1.492675
1.60175
1.6224
1.70065
1.7594
1.8224
1.87905
2.1374
2.408575
2.4153
2.469525
2.475225
2.604125
2.6074
2.61105
2.622175
2.632925
2.65575
2.7221
2.80315
3.030625
3.083275
3.10135
3.117375
3.233875
3.279075
3.303175
3.3101
3.321775
3.337325
3.5299
3.7139
3.804775
3.84295
3.911
3.977225
4.017675
4.02185
4.065225
4.1334
4.144075
4.16375
4.19775
4.533075
4.6387
4.6911
4.7959
4.878825
5.2727
5.289575
5.350475
5.392175
5.5832
5.6175
5.6984
5.737225
5.7588
5.941725
5.96965
6.1278
6.169375
6.463425
6.571925
6.58425
6.609075
6.609675
6.677175
6.684125
6.724825
6.888375
7.225525
7.4444
7.83315
8.043275
8.2542
8.283925
8.324125
8.40495
8.420375
8.48805
8.564825
8.6143
8.691825
8.79285
8.793275
8.929625
8.94525
8.9743
9.09375
9.3156
9.51675
9.6653
9.66675
9.677525
9.695775
9.720575
9.98185
154
