0.019025
0.081875
0.23085
0.2318
0.2719
0.4593
0.475975
0.478075
0.528275
0.556825
0.558325
0.560075
0.5661
0.56955
0.59155
0.599675
0.607775
0.6211
0.6242
0.625625
0.6312
0.631275
0.6343
0.658175
0.65835
0.669325
0.676125
0.694175
0.69645
0.70305
0.70715
0.71785
0.723975
0.725725
0.731775
0.743475
0.747575
0.777525
0.782925
0.800125
0.815225
0.81875
0.826175
0.8647
0.88
0.894875
0.91425
0.927425
0.94145
0.987375
1.010775
1.07155
1.126775
1.1297
1.1483
1.171475
1.232925
1.23705
1.23715
1.23825
1.279075
1.28975
1.312675
1.3231
1.3334
1.34145
1.347675
1.35755
1.4139
1.517575
1.550475
1.562725
1.60195
1.61145
1.6144
1.654425
1.658625
1.70855
1.722675
1.74295
1.793125
1.88005
1.89555
1.9351
2.009525
2.043
2.08445
2.103325
2.120175
2.175275
2.176475
2.18435
2.308425
2.345175
2.354975
2.602375
2.6493
2.65025
2.688075
2.751525
2.7574
2.762925
2.864975
3.194575
3.198775
3.350325
3.39425
3.401125
3.409975
3.473675
3.5604
3.620525
3.620825
3.72595
3.754975
3.78065
3.808875
3.825925
3.9953
4.0516
4.126725
4.12945
4.229075
4.2899
4.315725
4.3296
4.376675
4.3858
4.525625
4.5993
4.6918
4.74865
4.805125
4.89985
4.91845
5.025225
5.132425
5.170725
5.17165
5.20595
5.208575
5.357325
5.4003
5.729575
5.743375
5.77565
5.824175
5.872325
5.891625
5.953075
6.048925
6.1407
6.19445
6.2165
6.331725
6.40285
6.432425
6.506
6.512375
6.53075
7.24395
7.4406
7.46145
7.5047
7.70365
7.867425
7.899875
7.92865
7.963725
8.108475
8.160825
8.348325
8.6327
8.654725
8.802725
8.857725
8.9825
9.01525
9.1238
9.15705
9.335825
9.6271
9.6736
9.873125
184
