0.1164
0.215175
0.32605
0.330975
0.444725
0.44635
0.44935
0.457825
0.481975
0.48485
0.487375
0.50325
0.5044
0.522275
0.523875
0.534925
0.538325
0.5474
0.5517
0.55385
0.561475
0.561925
0.5652
0.569875
0.5797
0.581075
0.58675
0.598625
0.620375
0.62955
0.645375
0.650225
0.659375
0.6696
0.69995
0.704575
0.70555
0.738025
0.7404
0.741175
0.7544
0.767075
0.78495
0.793125
0.7942
0.814125
0.817025
0.81875
0.866775
0.8836
0.904525
0.908475
0.9159
0.926725
0.966875
0.970875
0.987975
1.0561
1.083425
1.0874
1.0894
1.110225
1.179175
1.203
1.222325
1.229675
1.2471
1.24885
1.256225
1.29775
1.31595
1.32815
1.3411
1.426125
1.49015
1.579075
1.63015
1.661025
1.675025
1.71945
1.83685
1.860325
1.862825
1.90705
1.909425
1.909775
2.067275
2.08255
2.2847
2.347125
2.391125
2.406025
2.442625
2.481625
2.6002
2.60255
2.637875
2.722425
2.828925
2.857
2.899775
2.906725
3.067275
3.07895
3.09255
3.107375
3.188925
3.25185
3.25235
3.288525
3.2886
3.353675
3.432225
3.504075
3.68745
3.730475
3.821175
3.84905
3.962975
3.9787
4.09565
4.114625
4.296625
4.34485
4.373975
4.479825
4.5743
4.641575
4.67045
4.684475
4.81885
4.820025
4.876275
4.89045
5.1215
5.54735
5.733675
5.74775
5.793925
5.8143
5.8302
5.892325
5.989525
6.0437
6.1094
6.51585
6.590275
6.605375
6.744575
6.8538
6.994625
7.001275
7.024
7.05585
7.152
7.7788
7.955175
7.96
8.00485
8.175625
8.628975
8.736375
8.747425
8.807075
8.9606
9.3602
9.428175
9.4654
9.47815
9.5808
9.670775
9.718075
9.935175
9.9623
174
