0.357325
0.386725
0.4202
0.450875
0.45475
0.4792
0.493425
0.520325
0.520625
0.5283
0.5572
0.563825
0.585475
0.59545
0.60025
0.605
0.607975
0.614075
0.61605
0.61795
0.620725
0.6508
0.68095
0.68955
0.700925
0.713
0.7132
0.73165
0.734275
0.755925
0.764975
0.772825
0.78075
0.799225
0.811
0.872775
0.8749
0.889175
0.9354
0.937325
0.9757
0.97735
0.9838
1.01515
1.0229
1.025475
1.037675
1.051075
1.0531
1.0915
1.120275
1.1662
1.167275
1.187875
1.27235
1.321175
1.38695
1.387825
1.4276
1.430775
1.4344
1.4403
1.44215
1.443525
1.448725
1.489075
1.51205
1.515175
1.532
1.574725
1.686125
1.730975
1.74685
1.91165
1.934475
2.0
2.054675
2.078875
2.0948
2.1193
2.120025
2.243725
2.258175
2.3214
2.386175
2.4866
2.584725
2.6063
2.61395
2.61845
2.669975
2.877725
2.93595
2.940825
3.039325
3.09175
3.11615
3.261625
3.369675
3.4623
3.479975
3.504725
3.52435
3.592875
3.60835
3.63155
3.6351
3.737775
3.918625
4.226075
4.3194
4.5608
4.628075
4.6357
4.63705
4.6722
4.690175
4.691625
4.75085
4.77355
4.892475
4.90395
4.975575
5.037375
5.204875
5.23925
5.25675
5.301975
5.572525
5.6311
6.0622
6.1802
6.191825
6.27655
6.541375
6.6311
6.91
7.1118
7.2712
7.271375
7.30405
7.31245
7.4491
7.471175
7.492725
7.513225
7.72395
7.809
7.94645
7.97435
8.26075
8.323825
8.428525
8.463025
8.5108
8.67675
8.708
8.9321
8.964025
9.06725
9.0967
9.172575
9.448075
9.5184
164
