0.03675
0.1023
0.162825
0.390125
0.4558
0.46425
0.4828
0.485825
0.50695
0.514825
0.523425
0.52655
0.532075
0.554775
0.55965
0.612375
0.63445
0.63855
0.64165
0.6559
0.6928
0.6968
0.71045
0.72215
0.81225
0.865225
0.875375
0.88115
0.897025
0.931425
0.9582
0.96485
0.98375
0.995
0.999625
1.010525
1.03855
1.054
1.065975
1.068025
1.072525
1.15015
1.16515
1.166425
1.20555
1.23035
1.240475
1.2416
1.285875
1.302175
1.4235
1.601975
1.6066
1.722975
1.7368
1.827525
1.850975
1.89375
1.9793
2.078575
2.081825
2.202275
2.28885
2.40595
2.40995
2.495525
2.5233
2.523675
2.5586
2.55895
2.560125
2.572475
2.770125
2.8227
2.946725
2.9661
3.031375
3.044025
3.14675
3.159425
3.191
3.324325
3.3967
3.435575
3.51025
3.578625
3.7664
3.907525
3.95175
4.032575
4.04695
4.068025
4.0833
4.194925
4.1962
4.22895
4.2893
4.3721
4.402775
4.41655
4.464325
4.509125
4.584575
4.733325
4.743075
4.923075
5.2137
5.22645
5.406375
5.426475
5.428
6.045575
6.1874
6.28915
6.412325
6.517225
6.54685
6.786175
6.854225
6.892875
6.9293
6.96965
7.02335
7.24915
7.4412
7.514075
7.6144
7.6849
7.8941
8.026175
8.039275
8.148675
8.22685
8.247825
8.3211
8.483975
8.493225
8.503025
8.5129
8.6904
8.7123
8.738375
8.91975
9.03305
9.28715
9.319325
9.347075
9.3527
9.44645
9.53185
9.5424
9.5751
9.65475
9.7077
9.7414
9.774775
9.80285
9.850025
9.873425
159
