0.118725
0.31635
0.352225
0.46465
0.481675
0.486725
0.497325
0.51655
0.5168
0.5219
0.5362
0.5495
0.552425
0.5572
0.593375
0.596825
0.599725
0.60515
0.62345
0.63015
0.6544
0.66005
0.667425
0.67835
0.685875
0.702125
0.809475
0.8113
0.8329
0.8667
0.87535
0.9081
0.9099
0.9176
0.9262
0.953575
0.964975
1.0077
1.01285
1.026725
1.07685
1.083425
1.16575
1.190825
1.236975
1.2463
1.284125
1.305375
1.311025
1.318825
1.331925
1.360175
1.36035
1.3838
1.429775
1.438775
1.475475
1.479475
1.48175
1.486125
1.625275
1.6703
1.673025
1.689525
1.775425
1.906875
1.929475
1.9834
2.0282
2.093325
2.134825
2.1478
2.32975
2.438225
2.4702
2.528325
2.6922
2.719725
2.88675
2.8885
3.002225
3.087675
3.0949
3.112975
3.120575
3.179
3.230375
3.26615
3.282525
3.4122
3.6087
3.726125
3.896225
4.01685
4.04075
4.050725
4.17585
4.1759
4.240125
4.363575
4.366225
4.48425
4.764225
4.871275
4.890675
4.938275
4.93955
5.00685
5.0128
5.07285
5.252475
5.3903
5.4643
5.471375
5.59805
5.818
5.90235
5.932925
6.235975
6.317175
6.38475
6.4557
6.83205
6.84215
7.08055
7.264025
7.2773
7.3638
7.5939
7.640325
7.760075
7.804175
7.95875
7.9764
7.983525
7.99455
8.031475
8.22325
8.478175
8.533625
8.567925
8.761825
8.911325
9.0882
9.208875
9.228975
9.319775
9.422925
9.569325
9.772075
9.790425
9.805975
9.8782
9.945625
154
