0.06645
0.0676
0.070625
0.090225
0.2769
0.310025
0.3414
0.38815
0.422775
0.4263
0.47405
0.481975
0.4883
0.493075
0.4934
0.506
0.51945
0.529525
0.53635
0.54695
0.555225
0.58075
0.58815
0.5903
0.5958
0.60255
0.61615
0.618475
0.61915
0.6368
0.645125
0.6587
0.6628
0.672975
0.68
0.69265
0.696525
0.7249
0.736775
0.7862
0.814475
0.823275
0.82605
0.8424
0.909425
0.91385
0.91415
0.9187
0.9261
0.930825
0.93945
0.963325
0.977525
0.98005
1.00715
1.008225
1.0328
1.033975
1.05315
1.054875
1.0587
1.147225
1.165
1.18305
1.270825
1.271
1.2782
1.29115
1.2937
1.31355
1.327125
1.348625
1.349425
1.38055
1.384325
1.430075
1.450925
1.46485
1.5246
1.548075
1.611025
1.6202
1.663725
1.67855
1.6941
1.743425
1.76175
1.768375
1.772
1.840875
1.8836
1.919025
1.958075
1.964825
1.9745
2.0752
2.11235
2.1185
2.129775
2.2288
2.355325
2.37775
2.462675
2.47865
2.522575
2.578075
2.6136
2.627325
2.653575
2.694425
2.709575
2.90835
2.9156
2.920825
2.922875
2.9881
3.132175
3.2692
3.407725
3.41285
3.429925
3.51175
3.5822
3.5835
3.6082
3.8732
3.97925
4.204225
4.32505
4.356525
4.396425
4.4229
4.5849
4.72855
4.8066
4.853225
4.904025
4.928975
4.94735
5.09125
5.282175
5.5084
5.67645
5.7174
6.0263
6.342975
6.50915
6.533975
6.539675
6.72245
6.8902
7.4918
7.508
7.61535
7.944225
8.935825
8.938225
9.19525
9.967825
159
