0.4633
0.491825
0.499
0.52125
0.528225
0.551025
0.5587
0.559975
0.560325
0.57275
0.58195
0.608825
0.615675
0.65745
0.7105
0.750225
0.75895
0.760225
0.773675
0.780125
0.78095
0.806475
0.8269
0.82835
0.854375
0.87985
0.90675
0.9118
0.926825
0.954675
0.96675
0.981875
0.992725
1.0088
1.0426
1.045725
1.069
1.076275
1.100025
1.134525
1.197625
1.26815
1.436225
1.58575
1.61545
1.62295
1.6394
1.674725
1.689975
1.897825
1.92225
2.068725
2.09735
2.159825
2.242475
2.333725
2.350475
2.5047
2.58105
2.628425
2.6555
2.686325
2.7328
2.86395
2.9425
3.0516
3.27155
3.3848
3.38825
3.52495
3.594975
3.71595
3.744775
3.759575
3.7887
3.794525
3.943125
3.99045
4.042075
4.0605
4.068375
4.2736
4.32305
4.34935
4.35455
4.56805
4.62645
4.6438
5.036275
5.069
5.117175
5.1417
5.16935
5.205375
5.3696
5.39065
5.413725
5.576375
5.599275
6.164425
6.18315
6.3994
6.4068
6.455725
6.541325
6.706775
6.719625
6.7796
7.030925
7.39055
7.4858
7.4904
7.56165
7.60945
7.844425
7.854775
7.892075
8.01325
8.05505
8.064425
8.31435
8.655525
8.76325
8.7807
8.783
9.0075
9.014425
9.050675
9.054975
9.075975
9.126075
9.508975
9.5498
9.64755
9.66895
9.755575
9.960125
9.97145
9.9729
139
