0.025725
0.1203
0.138
0.351375
0.413425
0.450075
0.46425
0.473025
0.479775
0.481525
0.48275
0.49015
0.513525
0.515
0.542225
0.543175
0.546875
0.55505
0.55935
0.573325
0.587225
0.59685
0.60155
0.623225
0.62795
0.6283
0.647775
0.6495
0.673425
0.6736
0.688325
0.68915
0.690525
0.71495
0.756925
0.7801
0.79225
0.810525
0.835575
0.83575
0.8698
0.907425
0.91045
0.916
0.920625
0.928425
0.928775
0.928925
0.986075
0.9901
1.019525
1.05355
1.054875
1.07835
1.10675
1.15105
1.18725
1.196575
1.23505
1.243025
1.265875
1.310675
1.3306
1.36225
1.364075
1.36735
1.420575
1.43785
1.452775
1.495075
1.563825
1.568725
1.58415
1.64555
1.6628
1.6663
1.696175
1.7
1.72475
1.82255
1.919725
1.937225
2.013925
2.038275
2.0449
2.104625
2.1073
2.107625
2.1257
2.14035
2.168475
2.18535
2.293175
2.393525
2.490475
2.516175
2.58485
2.60105
2.6322
2.653725
2.79165
2.87915
2.9006
3.019675
3.120275
3.306425
3.321375
3.3223
3.344925
3.36095
3.377625
3.389475
3.473525
3.538175
3.664875
3.671525
3.827825
3.937625
3.96965
3.973725
3.991125
4.05295
4.064175
4.068625
4.1403
4.2116
4.283025
4.289125
4.46785
4.480825
4.519325
4.53055
4.6105
4.614
4.624525
4.70855
4.747625
4.828075
5.026925
5.064
5.16165
5.172425
5.2403
5.5632
5.658975
5.7104
5.72145
5.880975
5.94555
5.996025
6.010225
6.06155
6.080275
6.157075
6.184175
6.230775
6.2582
6.445025
6.584275
6.609575
6.708425
6.918925
7.06935
7.24735
7.4251
7.507975
7.59915
7.71145
7.96415
8.149775
8.2558
8.277075
8.43505
8.694725
8.8067
8.8975
9.1247
9.171675
9.2764
9.40245
9.429875
9.62445
9.84135
183
