0.054575
0.336875
0.466025
0.480525
0.49075
0.49445
0.4955
0.504625
0.513175
0.5225
0.532425
0.53365
0.555075
0.55615
0.56965
0.589925
0.6194
0.6356
0.64255
0.651525
0.6605
0.668525
0.66875
0.672675
0.690875
0.693425
0.6968
0.697275
0.6995
0.701925
0.7032
0.7096
0.71185
0.7222
0.727425
0.749725
0.777225
0.786875
0.805775
0.824775
0.833025
0.87155
0.877875
0.886975
0.900325
0.90905
0.963225
0.973575
0.975025
0.9826
0.983025
0.99335
1.08275
1.10875
1.127625
1.1771
1.2139
1.2299
1.2549
1.2934
1.3092
1.33535
1.35475
1.363825
1.36585
1.419925
1.434825
1.46535
1.48635
1.521725
1.53035
1.674025
1.73625
1.7613
1.82505
1.86065
1.8877
1.92845
2.203225
2.23885
2.240175
2.2617
2.3457
2.4241
2.434125
2.463175
2.4895
2.505325
2.5309
2.5775
2.655
2.701875
2.771475
2.81625
2.8172
2.90925
2.96565
2.991175
3.086125
3.091125
3.11685
3.124425
3.157975
3.25775
3.322275
3.3307
3.3569
3.4999
3.5699
3.576225
3.604325
3.785575
3.916825
3.953875
4.097475
4.1155
4.182075
4.382675
4.515425
4.524325
4.83575
4.853475
5.361525
5.435375
5.4698
5.855575
6.029
6.07025
6.096675
6.11845
6.1187
6.207225
6.3882
6.4768
6.4985
6.528425
6.89425
6.9682
7.2029
7.3724
7.4699
7.489175
7.6569
7.710325
7.750925
7.8689
7.9818
7.9982
8.015425
8.3263
8.434675
8.47255
8.474675
8.736725
8.813775
8.891625
8.9211
9.003075
9.1205
9.168375
9.242875
9.307825
9.312925
9.36355
9.677275
9.86195
166
