0.078225
0.42475
0.4428
0.453675
0.4605
0.466575
0.4707
0.49125
0.493
0.509275
0.5193
0.522225
0.55305
0.5591
0.56285
0.5791
0.58485
0.58965
0.6296
0.636
0.647025
0.654175
0.67295
0.67645
0.6865
0.73305
0.735475
0.7657
0.77925
0.7919
0.828225
0.871375
0.876075
0.902
0.937075
0.969375
0.990275
0.992125
1.05725
1.086075
1.09535
1.119975
1.124275
1.210325
1.25205
1.26595
1.30715
1.347925
1.35905
1.3841
1.43505
1.4649
1.497925
1.654825
1.67905
1.703
1.74195
1.7821
1.810875
2.1903
2.363575
2.4625
2.491875
2.55305
2.590225
2.628925
2.714525
2.7702
2.86955
2.9497
2.962975
2.966575
3.03515
3.2093
3.220375
3.228775
3.239825
3.25005
3.325575
3.404425
3.56565
3.586175
3.7583
3.775125
3.82005
3.861475
3.981975
4.186825
4.3399
4.35765
4.532175
4.59695
4.65845
4.724175
4.724625
4.7761
4.79045
4.871325
4.918325
5.0281
5.15435
5.17845
5.223025
5.2524
5.385425
5.451425
5.613975
5.617575
5.8079
5.87785
5.9224
6.02625
6.0304
6.15915
6.335775
6.392575
6.478075
6.699775
6.7042
6.731975
6.73285
6.8238
6.8615
7.02445
7.618625
7.7472
7.78295
7.9612
8.13715
8.231375
8.310775
8.51195
8.544075
8.555725
8.70935
8.740575
9.063225
9.10035
9.116025
9.266625
9.340125
9.37175
9.39745
9.5467
9.63795
9.660375
146
