0.051475
0.056525
0.121375
0.14815
0.369675
0.382875
0.419875
0.504475
0.5155
0.553675
0.572925
0.573675
0.5756
0.5801
0.581375
0.585975
0.59055
0.59515
0.61925
0.6589
0.70305
0.7039
0.706125
0.71005
0.7114
0.714975
0.715175
0.7268
0.7827
0.794025
0.8121
0.8201
0.8646
0.870375
0.894175
0.949825
0.96515
0.9823
0.9876
0.9986
1.001025
1.015825
1.041975
1.04695
1.065275
1.070275
1.076975
1.10385
1.156775
1.2327
1.2928
1.302175
1.307225
1.3435
1.34355
1.377875
1.45375
1.48045
1.61765
1.6292
1.6676
1.7667
1.77155
1.79275
1.89775
1.93435
1.961725
1.9801
1.980875
1.982725
2.016125
2.158325
2.173025
2.20965
2.21775
2.321675
2.357925
2.431
2.49015
2.593325
2.691425
2.691925
2.793275
2.80925
2.821825
2.9255
2.94245
2.961025
2.997575
2.99885
3.007325
3.10265
3.121
3.124625
3.290375
3.307
3.3406
3.357
3.4296
3.553575
3.555275
3.6227
3.713325
3.7596
3.781125
3.91
3.9319
3.94085
4.0082
4.110575
4.19805
4.201025
4.299775
4.32515
4.4124
4.42835
4.490575
4.513975
4.544625
4.5829
4.660075
4.7556
4.78885
4.908375
4.937825
5.069925
5.156575
5.27485
5.763675
5.798575
6.0458
6.222225
6.247425
6.3568
6.390075
6.50945
6.543625
6.588225
6.635675
6.6797
6.7629
6.82235
6.8769
6.890975
7.34665
7.75805
7.83865
7.9703
7.971875
8.065225
8.355375
8.413675
8.47265
8.5552
8.981725
9.080125
9.29725
9.35365
9.393325
9.45535
9.652325
9.6977
9.9543
9.990025
164
