0.12755
0.25955
0.2925
0.418625
0.429725
0.451625
0.475975
0.481675
0.526875
0.52815
0.5498
0.550825
0.555775
0.56375
0.57055
0.577525
0.592725
0.62715
0.6273
0.657125
0.66205
0.66425
0.665925
0.6703
0.69395
0.696825
0.719875
0.7373
0.742625
0.769075
0.77875
0.780775
0.79005
0.806
0.88505
0.931525
0.9758
0.986275
0.99295
1.0046
1.02885
1.045325
1.0591
1.06845
1.07295
1.074775
1.10485
1.151275
1.1546
1.2172
1.218425
1.28365
1.295
1.408725
1.4343
1.434975
1.46855
1.472825
1.477825
1.48455
1.545125
1.558075
1.562325
1.77375
1.807625
1.882875
1.982025
2.0345
2.06755
2.088575
2.13105
2.141575
2.181075
2.22685
2.327325
2.344725
2.389725
2.482475
2.516225
2.5916
2.6862
2.695825
2.898525
3.029225
3.05905
3.245475
3.295025
3.4743
3.483825
3.61805
3.8061
3.93335
3.973225
4.034975
4.04345
4.100275
4.16855
4.29845
4.377875
4.584475
4.62565
4.631475
4.64605
4.863325
4.869875
5.292475
5.487725
5.5701
5.70875
5.719925
5.84925
5.8632
5.892075
5.9475
6.006
6.028775
6.11895
6.128425
6.21585
6.38125
6.729325
6.758975
6.857475
6.94885
6.9763
6.999575
7.12175
7.13315
7.200175
7.367325
7.4191
7.43395
7.704
7.7821
7.8143
7.95165
8.079825
8.2877
8.6114
8.640225
8.728975
8.7754
9.07435
9.095625
9.0961
9.3376
9.512875
9.537075
9.660875
9.81435
9.82085
9.834675
9.876675
153
