0.111975
0.262125
0.34605
0.443925
0.514675
0.5201
0.5212
0.524875
0.5478
0.553925
0.55805
0.5609
0.623575
0.6478
0.658025
0.660175
0.6943
0.69655
0.70135
0.719675
0.724825
0.74165
0.742075
0.758775
0.759025
0.759575
0.8034
0.855575
0.871325
0.873875
0.891875
0.916625
0.949075
0.9561
0.9843
0.9875
0.98945
1.0176
1.020925
1.06215
1.069725
1.12115
1.189575
1.193025
1.22495
1.2433
1.313825
1.3511
1.35535
1.3953
1.413375
1.48285
1.511075
1.574725
1.596
1.651025
1.7046
1.7257
1.731925
1.767475
1.8239
1.82605
1.84915
1.879225
1.88105
1.905375
2.1592
2.2076
2.251325
2.27765
2.366975
2.4567
2.459825
2.483525
2.4929
2.5052
2.51555
2.597075
2.613375
2.6717
2.719425
2.755625
2.78105
2.812125
2.843425
2.849
2.9179
2.936125
2.974375
3.063825
3.124375
3.312925
3.3216
3.4178
3.4576
3.470625
3.52645
3.57265
3.634775
3.72735
3.82835
3.830325
3.921875
3.950325
3.956
4.040875
4.06345
4.075425
4.099
4.1698
4.26175
4.2661
4.301275
4.379575
4.426825
4.58675
4.623775
4.70025
4.81555
4.84345
4.849725
5.065575
5.0659
5.091775
5.0956
5.1377
5.3158
5.3224
5.353525
5.39595
5.416425
5.51495
5.579
5.57905
5.84925
5.9284
5.952675
6.40935
6.48235
6.693175
6.794
6.79545
7.43185
7.522
7.6492
7.798125
7.826725
7.9379
7.942275
7.94755
7.949825
8.17335
8.2217
8.31285
8.5292
8.6323
8.774375
8.782675
8.84915
9.05695
9.2078
9.358325
9.479225
9.517475
9.78435
9.88195
166
