0.030825
0.37725
0.41365
0.4267
0.433475
0.4591
0.49815
0.50635
0.514625
0.5222
0.5268
0.5395
0.5445
0.548725
0.554475
0.57405
0.576375
0.58405
0.59315
0.596325
0.626525
0.63095
0.640375
0.6824
0.698125
0.71425
0.717125
0.732625
0.7331
0.733675
0.7359
0.74325
0.77175
0.775825
0.776775
0.7862
0.798275
0.801525
0.8274
0.913525
0.949
0.9557
0.991575
1.036125
1.0539
1.0571
1.06475
1.103675
1.193925
1.234875
1.23525
1.247575
1.25225
1.283925
1.293575
1.3063
1.328325
1.33485
1.375925
1.398675
1.407075
1.449
1.44945
1.50595
1.51815
1.59875
1.618275
1.81
1.8235
1.87225
1.9707
2.086
2.096925
2.19505
2.2982
2.300275
2.316975
2.35605
2.440925
2.55695
2.60015
2.635325
2.6911
2.7995
2.85135
2.8672
2.88035
2.888575
2.942125
2.9634
2.973625
3.0596
3.076125
3.112375
3.174925
3.17885
3.2919
3.3006
3.301725
3.311375
3.349775
3.404725
3.4614
3.475825
3.541575
3.6834
3.689325
3.705625
3.7173
3.802075
3.8333
3.90465
3.929125
3.98985
4.00675
4.012475
4.056075
4.139925
4.291125
4.5674
4.62625
4.665325
4.7451
4.854825
4.937275
5.192675
5.217975
5.251675
5.262975
5.5788
5.761375
5.8185
5.88615
5.904
6.037375
6.383575
6.392025
6.3947
6.582975
6.6461
6.862425
6.951975
7.003525
7.170475
7.2552
7.3584
7.3832
7.5973
7.616875
7.701225
7.8138
7.9729
8.0961
8.17095
8.3276
8.414725
8.67165
9.013125
9.23365
9.367925
9.4493
9.9633
162
