0.0238
0.082575
0.228825
0.262425
0.444575
0.445675
0.447525
0.471825
0.488525
0.496325
0.500025
0.505825
0.54525
0.55955
0.566375
0.5688
0.577375
0.646575
0.6533
0.6666
0.671475
0.70545
0.713525
0.719075
0.72835
0.755225
0.758975
0.7781
0.79585
0.803175
0.821925
0.836975
0.8532
0.868425
0.88545
0.891075
0.8972
0.904275
0.90705
0.90995
0.919075
0.982975
0.999275
1.01145
1.01155
1.012625
1.03535
1.051375
1.07625
1.090425
1.12155
1.16975
1.185475
1.2559
1.2673
1.270075
1.348
1.349575
1.35175
1.3878
1.388425
1.4024
1.4399
1.4618
1.471
1.499825
1.51645
1.5688
1.641625
1.6963
1.799425
1.801275
1.973825
2.0273
2.0414
2.213425
2.253775
2.262425
2.34805
2.619675
2.694025
2.737625
2.793975
2.813925
2.8175
2.915
2.944475
3.13
3.28665
3.49985
3.609525
3.67225
3.746275
3.847175
4.0728
4.175775
4.289975
4.315075
4.409225
4.419575
4.50835
4.52755
4.540425
4.968575
5.010925
5.0403
5.059275
5.081675
5.15595
5.20355
5.297325
5.4076
5.44545
5.48535
5.65895
5.679025
5.69715
5.872275
5.940775
5.996625
6.120075
6.120625
6.1537
6.32875
6.3644
6.384075
6.60025
6.669675
6.677325
6.71555
6.770975
6.85465
6.86175
7.259725
7.322675
7.4935
7.53155
7.609275
7.63475
7.6362
7.65145
8.1883
8.41865
8.547
8.630475
9.083275
9.088625
9.1486
9.78605
9.9209
150
