0.147775
0.2168
0.4469
0.468325
0.497925
0.52295
0.526575
0.5347
0.535225
0.54645
0.5507
0.57695
0.5802
0.59085
0.594
0.59425
0.609525
0.613525
0.613875
0.623375
0.63905
0.66615
0.67805
0.681525
0.685175
0.692175
0.719625
0.7392
0.742675
0.752275
0.7759
0.790725
0.799475
0.800575
0.81655
0.82975
0.840475
0.840975
0.84725
0.85345
0.858875
0.87125
0.880875
0.882975
0.886325
0.88745
0.905775
0.93325
0.944525
0.9501
0.98205
0.99155
0.997675
1.00755
1.05175
1.0564
1.07475
1.08725
1.09
1.1042
1.15435
1.165125
1.26075
1.26455
1.274725
1.27675
1.375375
1.4571
1.47015
1.481825
1.496625
1.633525
1.679675
1.68415
1.703575
1.7112
1.953975
2.12635
2.16095
2.1709
2.191225
2.290975
2.3496
2.415675
2.539725
2.61905
2.6343
2.67495
2.692
2.735175
2.7778
2.780675
2.84305
2.85455
2.862625
2.87385
2.9165
2.978675
2.985475
3.000375
3.0491
3.06685
3.1032
3.18575
3.21845
3.373625
3.386275
3.4606
3.493375
3.504075
3.54515
3.880975
4.08535
4.117
4.16305
4.193175
4.3282
4.4135
4.446625
4.466175
4.472875
4.6448
4.798325
4.8841
4.913125
4.944825
4.9832
5.145475
5.402225
5.45805
5.70735
6.01515
6.122225
6.206425
6.21085
6.21225
6.512225
6.63465
6.64815
6.673625
6.815925
6.85645
7.211225
7.44695
7.518175
7.52755
7.546925
7.55055
7.5767
7.671625
7.79275
7.9435
7.983575
8.030225
8.1141
8.120625
8.15535
8.173975
8.2691
8.41365
8.618375
8.665925
8.803675
9.006325
9.075975
9.328825
9.48665
9.5885
9.788
9.90435
170
