0.100275
0.4368
0.439875
0.450575
0.470425
0.490675
0.503825
0.54495
0.553175
0.5649
0.566925
0.568125
0.583375
0.589625
0.594375
0.620075
0.6213
0.629675
0.630775
0.649525
0.673525
0.690125
0.703275
0.72575
0.72805
0.7459
0.752175
0.753425
0.7748
0.783075
0.793125
0.81315
0.825425
0.83705
0.863525
0.873875
0.8897
0.894225
0.9133
0.9312
0.9321
0.94305
0.958625
0.9609
1.033825
1.05395
1.078575
1.111075
1.179675
1.20695
1.22895
1.27
1.284475
1.305175
1.346375
1.36565
1.3746
1.409625
1.410375
1.438725
1.453425
1.491825
1.5329
1.583275
1.60505
1.636825
1.654325
1.66795
1.686925
1.727675
1.73295
1.776575
1.860475
1.875375
1.891475
1.89715
1.907
1.908725
1.9908
2.039225
2.09555
2.1575
2.19485
2.226775
2.241875
2.4172
2.435475
2.478425
2.548825
2.685275
2.7386
2.792275
2.812675
2.83085
2.880875
2.8869
2.95745
2.96935
3.011725
3.1671
3.1962
3.197175
3.32755
3.37875
3.5434
3.588025
3.699375
3.7281
3.764875
3.824575
3.834325
4.04345
4.103475
4.2146
4.264225
4.2693
4.3051
4.338825
4.359275
4.399725
4.410625
4.534625
4.5773
4.711125
4.774225
4.923075
4.926425
4.9411
4.9561
4.957425
5.420975
5.5865
5.62305
5.648525
5.651975
5.67535
5.763325
5.76465
5.822225
5.832475
5.930975
6.141775
6.359
6.3788
6.6971
6.731975
6.839725
6.88705
7.054125
7.276775
7.35145
7.4114
7.459025
7.635725
7.781425
8.138325
8.19825
8.4032
8.502775
8.594225
8.71445
8.899575
8.987675
9.09635
9.18895
9.29415
9.341825
9.5053
9.5072
9.53025
9.727775
9.8593
9.947075
9.973925
174
