0.189175
0.474525
0.47835
0.48595
0.499525
0.5023
0.515075
0.515675
0.531925
0.566125
0.56895
0.5876
0.603475
0.60535
0.6069
0.611675
0.628775
0.636925
0.6589
0.687825
0.7055
0.717275
0.732
0.74765
0.747825
0.75145
0.7794
0.779975
0.800525
0.86035
0.8755
0.88285
0.8969
0.898925
0.9722
0.97635
0.9781
1.040975
1.0637
1.0688
1.076625
1.07905
1.22
1.236325
1.267175
1.28355
1.32845
1.3288
1.329725
1.3379
1.364125
1.38765
1.460475
1.551675
1.5741
1.846425
1.852975
1.98435
2.026975
2.048525
2.147475
2.178575
2.229525
2.259975
2.260625
2.2869
2.377025
2.57245
2.655675
2.66545
2.688575
2.763975
2.844825
2.846
2.86735
2.883875
2.916175
2.961325
2.984775
3.007325
3.062075
3.137875
3.24575
3.297525
3.406125
3.48365
3.489975
3.5262
3.629325
3.668125
3.675475
3.71915
3.8973
3.99495
4.0106
4.041975
4.125175
4.148825
4.2744
4.350625
4.36865
4.408625
4.41845
4.488975
4.522825
4.573275
4.69265
4.8252
4.956475
5.060025
5.07775
5.0907
5.12145
5.18055
5.187775
5.21785
5.2297
5.450125
5.556675
5.587925
5.7299
5.80535
5.854225
6.057475
6.0648
6.156775
6.251525
6.390725
6.40795
6.483
6.555875
6.595675
6.6503
6.77515
6.884675
7.121825
7.34605
7.41025
7.745225
7.92815
8.016725
8.115275
8.124175
8.2252
8.341975
8.3653
8.3693
8.5209
8.6415
8.65655
8.67075
8.755825
8.81185
9.24725
9.4197
9.87575
9.894425
9.949375
9.951275
159
