0.087325
0.1068
0.113075
0.435775
0.444475
0.505525
0.5111
0.518625
0.525075
0.551375
0.5548
0.555975
0.592625
0.61315
0.6201
0.636325
0.643575
0.64915
0.6495
0.68245
0.6866
0.6935
0.693575
0.704175
0.753325
0.754875
0.760175
0.76305
0.76375
0.772325
0.804225
0.812425
0.84395
0.862075
0.89265
0.9189
0.92595
0.937775
0.939975
0.976
0.9879
1.0567
1.09805
1.112375
1.1366
1.15885
1.18455
1.185025
1.196575
1.19695
1.2317
1.325075
1.3378
1.3478
1.3589
1.377375
1.449425
1.491375
1.663375
1.7089
1.709875
1.742025
1.749475
1.78655
1.8061
1.81005
1.8225
1.85005
1.906175
1.91375
1.95535
1.994375
2.002025
2.062625
2.065875
2.133125
2.1744
2.19575
2.198
2.293375
2.342875
2.417275
2.58395
2.594075
2.60755
2.651025
2.7747
2.80035
2.802375
3.00415
3.065275
3.13165
3.201525
3.4249
3.516325
3.608825
3.75215
3.796875
3.93275
4.01025
4.01295
4.0463
4.13405
4.364575
4.41475
4.42175
4.43145
4.443125
4.57085
4.613125
4.818625
4.93935
4.941025
4.960075
4.974975
5.083775
5.247
5.35495
5.4522
5.798775
5.867725
5.87505
6.119975
6.199725
6.299675
6.406525
6.491175
6.516125
6.6292
6.7557
6.868575
6.882775
6.908775
6.923425
7.0829
7.111825
7.3535
7.40575
7.414125
7.42565
7.493375
7.545425
7.6252
7.8423
7.927875
8.002875
8.132575
8.365
8.394375
8.5922
8.74
8.774725
9.019175
9.111975
9.164325
9.329925
9.4482
9.509
9.5598
9.817275
9.921675
9.9754
162
