0.13845
0.3799
0.4116
0.42115
0.430425
0.443975
0.460325
0.46565
0.48375
0.4853
0.485575
0.49335
0.496975
0.5118
0.518275
0.52805
0.538075
0.564525
0.565775
0.5667
0.59885
0.630225
0.64375
0.648175
0.649025
0.692475
0.713575
0.732875
0.74315
0.74745
0.777175
0.792675
0.845875
0.903375
0.925625
0.929825
0.990575
1.033025
1.1217
1.123025
1.1715
1.27225
1.275875
1.321775
1.3279
1.35475
1.40245
1.433475
1.436775
1.447875
1.479075
1.48615
1.592175
1.61
1.699675
1.71665
1.719375
1.76185
1.8338
1.8375
1.89385
2.080375
2.269
2.324725
2.334775
2.390375
2.496575
2.661775
2.679725
2.9544
2.957175
2.967625
3.041175
3.122275
3.137475
3.156675
3.18175
3.246825
3.3116
3.316075
3.4885
3.5969
3.665975
3.734175
3.777775
3.79415
3.84595
3.90225
3.90685
3.945325
4.019075
4.0883
4.120575
4.120825
4.1243
4.21145
4.21695
4.32325
4.346775
4.350525
4.484725
4.5635
4.56645
4.681625
4.7281
4.7984
4.8927
4.91265
5.082525
5.1479
5.161275
5.29375
5.36275
5.628775
5.662375
5.6768
5.9081
5.9206
6.00505
6.319475
6.336925
6.4027
6.485675
6.564625
6.72795
6.813525
6.978725
7.035175
7.091975
7.274475
7.378025
7.544075
7.783725
8.0262
8.0459
8.089825
8.09505
8.110975
8.6703
9.08585
9.1051
9.22485
9.46495
9.7884
144
