0.084625
0.214425
0.2712
0.4554
0.45565
0.468175
0.473525
0.5166
0.5261
0.536925
0.538475
0.546525
0.546825
0.5518
0.5523
0.5529
0.57535
0.60885
0.617175
0.620925
0.62645
0.62945
0.640325
0.664275
0.680225
0.691275
0.693375
0.7343
0.754475
0.7593
0.7643
0.77495
0.79135
0.8176
0.823425
0.8593
0.919425
1.0356
1.04465
1.049275
1.0797
1.106725
1.109175
1.113625
1.1448
1.167275
1.17005
1.2028
1.280075
1.284625
1.3016
1.309175
1.334925
1.36035
1.394925
1.459475
1.474025
1.511175
1.551075
1.5814
1.6748
1.7164
1.769075
1.77545
1.870025
1.89635
1.907075
1.93565
2.00185
2.03105
2.04605
2.175575
2.209275
2.297825
2.32105
2.43005
2.55515
2.648175
2.732925
2.7629
2.87745
3.06045
3.205875
3.357775
3.363775
3.42705
3.44855
3.453425
3.4882
3.575
3.5872
3.6023
3.621375
3.6567
3.709625
3.78535
3.876275
3.997825
4.10275
4.130375
4.27865
4.338225
4.34665
4.73715
5.020075
5.0561
5.199825
5.27625
5.602125
5.682375
5.69775
5.9031
6.00565
6.0424
6.0646
6.144125
6.24555
6.270375
6.42335
6.512525
6.625025
6.64305
6.702175
6.84505
6.9862
7.22425
7.22485
7.241975
7.479025
7.685675
7.734625
7.802
7.9046
7.929125
8.142125
8.24665
8.510825
8.645475
8.7113
8.733975
9.14605
9.173875
9.563675
9.626175
9.660325
9.7332
146
