0.0334
0.32775
0.413225
0.45565
0.4896
0.51105
0.513825
0.53155
0.532125
0.542
0.580275
0.58535
0.58945
0.60025
0.602
0.6099
0.61935
0.621875
0.6333
0.63755
0.641975
0.64405
0.65765
0.667575
0.67915
0.68785
0.706225
0.75195
0.7898
0.7932
0.794625
0.808875
0.819375
0.834275
0.85865
0.898775
0.916625
0.935675
0.943025
0.950775
0.97855
0.9997
1.035525
1.0463
1.12425
1.126225
1.12755
1.136775
1.1475
1.1637
1.185425
1.1885
1.23745
1.3093
1.328775
1.345175
1.35755
1.36395
1.50455
1.523725
1.548725
1.632975
1.678575
1.705725
1.750125
1.79345
1.80045
1.945225
1.945575
1.973325
1.982475
1.983075
2.145625
2.152175
2.4021
2.4057
2.50185
2.5416
2.577775
2.595375
2.6311
2.665325
2.7157
2.71675
2.72455
2.7454
2.80695
2.90095
2.92565
3.0525
3.069825
3.1347
3.157975
3.164875
3.2836
3.3141
3.32295
3.384925
3.4236
3.4786
3.482625
3.503825
3.7493
3.7522
4.337775
4.383575
4.467425
4.498025
4.707925
4.830675
4.890575
4.940675
4.977175
4.999825
5.000875
5.154025
5.15945
5.325075
5.36995
5.37255
5.764475
5.771275
5.79215
5.8042
5.808775
6.012275
6.06155
6.0974
6.21005
6.546175
6.6016
6.697125
6.9946
7.079075
7.10165
7.109325
7.173775
7.22845
7.329975
7.331
7.39845
7.415275
7.548525
7.558275
7.88045
8.00865
8.2409
8.28865
8.4004
8.451175
8.865625
8.957425
8.969775
9.015425
9.063125
9.136825
9.14425
9.5012
9.64535
9.66235
9.6809
9.7571
9.848225
9.918075
164
