0.447275
0.4582
0.47055
0.475725
0.47615
0.478575
0.49695
0.49805
0.53195
0.54905
0.5494
0.55195
0.571625
0.578925
0.588875
0.618675
0.61975
0.629875
0.633875
0.63585
0.650475
0.664825
0.668325
0.671375
0.6893
0.6968
0.70885
0.746425
0.74845
0.75645
0.76325
0.766375
0.7799
0.796325
0.796575
0.797425
0.808475
0.822575
0.83125
0.851675
0.85425
0.860975
0.86385
0.865425
0.882975
0.8849
0.906375
0.929125
0.958825
0.9789
0.9821
0.9919
1.000425
1.03295
1.034775
1.08275
1.102
1.108875
1.122975
1.1646
1.1765
1.18195
1.206375
1.22655
1.244875
1.322125
1.335225
1.34165
1.342475
1.346525
1.354575
1.36065
1.370125
1.424575
1.4253
1.448425
1.456
1.4858
1.52765
1.553275
1.59175
1.64955
1.691525
1.711125
1.722125
1.7344
1.748025
1.77215
1.799475
1.8402
1.850775
1.85415
1.9714
1.9973
2.0089
2.018325
2.020925
2.162975
2.25235
2.2905
2.321175
2.346175
2.40145
2.4721
2.50115
2.512475
2.516275
2.5316
2.5367
2.56885
2.60605
2.621825
2.624375
2.681
2.70425
2.76805
3.10065
3.1564
3.203525
3.4358
3.552925
3.632175
3.67535
3.890625
3.9056
4.021725
4.027725
4.16
4.4074
4.47275
4.531075
4.5711
4.582825
4.588525
4.7097
4.72035
4.841125
4.846975
4.8709
4.9188
5.2266
5.272375
5.27375
5.306775
5.43495
5.44475
5.502475
5.5739
5.774575
5.810175
5.822
5.846325
6.069925
6.250425
6.407975
6.43165
6.4707
6.565525
6.9354
7.1086
7.13415
7.217975
7.2505
7.4311
7.476925
7.497525
7.5114
7.7646
7.824975
8.21985
8.241825
8.335175
8.455725
8.459575
8.52725
8.640925
8.66145
8.775575
8.869475
9.09805
9.11485
9.341575
9.44535
9.576475
9.631025
9.8243
9.9075
9.93605
188
