0.28335
0.32795
0.420575
0.483025
0.48505
0.490475
0.4954
0.51065
0.520125
0.526625
0.532025
0.534825
0.5391
0.585175
0.5914
0.5946
0.60865
0.6196
0.6325
0.63855
0.6405
0.65895
0.68075
0.70305
0.728825
0.7753
0.777675
0.7839
0.797725
0.8054
0.8113
0.813725
0.813825
0.860275
0.86585
0.86985
0.889625
0.891725
0.895225
0.900425
0.9303
0.985975
0.995225
0.996
0.998125
1.01495
1.028725
1.0302
1.139325
1.149725
1.1645
1.181375
1.18185
1.1884
1.253725
1.2675
1.28715
1.288475
1.28935
1.333975
1.383275
1.388875
1.4021
1.452375
1.501075
1.542475
1.563775
1.644275
1.725275
1.77
1.7874
1.8074
1.826875
1.910925
1.926125
1.930825
1.94355
1.9702
1.974525
2.008025
2.034775
2.045
2.0542
2.0685
2.144275
2.16625
2.16805
2.17895
2.22975
2.374125
2.415975
2.48335
2.51785
2.606575
2.750025
2.78355
2.8921
2.987825
3.010025
3.0215
3.182825
3.239375
3.272125
3.2967
3.4214
3.43665
3.5032
3.520575
3.569625
3.5795
3.630025
3.658225
3.670125
3.67135
3.8055
3.9143
3.9554
3.994425
4.0679
4.172975
4.190475
4.24735
4.282525
4.28355
4.415875
4.4228
4.501125
4.566575
4.57525
4.704675
4.779775
4.8411
4.84695
4.943275
5.229075
5.2729
5.35845
5.387925
5.543875
5.5753
5.601725
5.604525
5.6256
5.7032
5.70555
5.768825
5.82745
5.931
5.944575
6.0198
6.148425
6.3865
6.451175
6.651125
6.9772
7.12155
7.212125
7.53005
7.7375
7.90925
8.000425
8.068875
8.094675
8.3389
8.66825
8.707325
9.1151
9.302425
9.3607
9.51265
9.659525
9.696825
172
