0.2006
0.320675
0.424925
0.444275
0.5002
0.50555
0.508525
0.522
0.548075
0.553
0.587025
0.594325
0.62415
0.655225
0.665875
0.6753
0.675875
0.679025
0.701875
0.71775
0.723975
0.731225
0.733275
0.7336
0.738375
0.747925
0.751675
0.769725
0.775325
0.786775
0.8134
0.8477
0.860325
0.875525
0.88685
0.900875
0.9129
0.918825
0.929525
0.940375
0.946825
0.97035
0.99725
1.058725
1.0633
1.071575
1.071825
1.171575
1.174175
1.1844
1.21935
1.300625
1.31835
1.411025
1.537375
1.628825
1.6354
1.640575
1.642775
1.675875
1.71425
1.71505
1.71595
1.75935
1.927125
2.016825
2.0943
2.117775
2.138825
2.141375
2.203025
2.314375
2.3483
2.3575
2.623825
2.639125
2.755525
2.766225
2.827875
2.8536
2.875975
2.963225
3.0231
3.2409
3.2928
3.58985
3.620675
3.647225
3.668675
3.91525
3.945775
3.96915
4.023775
4.024
4.033425
4.099375
4.179875
4.200525
4.229125
4.23505
4.25305
4.30805
4.317775
4.363
4.424175
4.4687
4.499225
4.663525
4.717475
4.7406
4.776125
4.8048
4.8263
4.867125
4.9005
5.013925
5.077675
5.192475
5.215375
5.25955
5.285825
5.29465
5.54255
5.550875
5.7631
5.819275
5.915625
6.07505
6.3141
6.61955
6.79565
6.8087
6.87705
6.919175
7.06505
7.076075
7.33505
7.359325
7.480575
7.5169
7.5397
7.6088
7.65675
7.865625
7.88505
7.98985
8.07535
8.28565
8.295
8.295575
8.4862
8.5401
8.551075
8.844325
9.149625
9.3079
9.4959
9.610675
9.698075
9.75025
9.776375
9.876
162
