0.47805
0.4892
0.515875
0.52465
0.5277
0.531725
0.5408
0.551575
0.56045
0.57465
0.582075
0.5909
0.593225
0.6066
0.61785
0.641925
0.646075
0.658525
0.6677
0.698525
0.73965
0.763575
0.805175
0.826025
0.833675
0.844075
0.84475
0.84525
0.850425
0.8517
0.877325
0.8775
0.885075
0.8864
0.891425
0.93545
0.9376
0.955025
0.973775
0.9821
0.9971
1.002175
1.01205
1.0388
1.07785
1.094725
1.106375
1.11665
1.126225
1.153675
1.1908
1.223125
1.224875
1.23075
1.2704
1.324825
1.3563
1.3652
1.456775
1.485575
1.5395
1.573225
1.619575
1.68985
1.709125
1.724225
1.754875
1.823225
1.8334
1.84425
1.872825
1.952875
2.002875
2.072775
2.10385
2.142675
2.17555
2.286275
2.3134
2.3283
2.410875
2.59715
2.816275
2.872075
3.01625
3.040075
3.164625
3.1682
3.349125
3.39775
3.664925
3.824225
3.841325
3.898525
4.163025
4.194
4.450775
4.80655
4.875575
4.87705
4.93685
4.9621
5.039975
5.120575
5.299225
5.4413
5.50805
5.570025
5.6376
5.88515
6.04595
6.111375
6.1332
6.173225
6.304725
6.364525
6.3852
6.4476
6.5622
6.6792
6.756625
6.831975
6.853325
6.923125
7.23315
7.284975
7.415825
7.5477
7.8268
7.85885
7.9981
8.027675
8.0853
8.1209
8.182925
8.2767
8.29655
8.370375
8.6364
8.694225
8.83095
8.873575
9.029775
9.150325
9.19835
9.213375
9.26485
9.3259
9.3374
9.60265
9.7971
9.98085
152
