0.098
0.1382
0.396925
0.4089
0.433475
0.4813
0.49495
0.510675
0.514425
0.51495
0.553475
0.554525
0.561325
0.564425
0.567675
0.572275
0.574725
0.591
0.598675
0.607075
0.609625
0.646175
0.654075
0.6745
0.69405
0.697025
0.698475
0.7077
0.7082
0.70995
0.71225
0.718275
0.7277
0.744225
0.7449
0.74525
0.74935
0.75985
0.78245
0.787525
0.8165
0.8221
0.848125
0.85355
0.8613
0.873825
0.876575
0.879225
0.9225
0.934025
0.96305
0.98625
1.007625
1.020125
1.062025
1.110525
1.11175
1.1121
1.171625
1.1962
1.225775
1.25335
1.33715
1.352275
1.3781
1.403825
1.42055
1.484375
1.59895
1.635725
1.798175
1.8646
1.8921
1.898025
2.002775
2.129125
2.13605
2.148075
2.200375
2.2008
2.230525
2.249175
2.287925
2.2937
2.302925
2.350725
2.478525
2.4986
2.507075
2.563425
2.58685
2.6104
2.78905
2.815525
2.8604
2.96795
3.015825
3.0481
3.0851
3.136925
3.1646
3.2245
3.37685
3.3913
3.517825
3.56935
3.6402
3.651025
3.8334
3.971375
4.028275
4.072575
4.129375
4.132975
4.24025
4.259975
4.3881
4.439375
4.5958
4.597875
4.608975
4.6175
4.667825
4.743375
5.163125
5.310375
5.4541
5.5371
5.544775
5.5855
5.736075
5.76025
5.7961
5.813725
5.8636
6.1302
6.15185
6.251425
6.36865
6.689875
6.70685
6.793175
7.0243
7.101975
7.233375
7.286475
7.469825
7.57425
7.602575
7.654075
7.665875
7.77975
7.826425
7.926525
7.959525
8.06615
8.09175
8.14935
8.257975
8.309575
8.351075
8.518725
8.6087
8.695875
8.7578
9.345575
9.593025
9.849975
9.87805
169
