0.471525
0.498975
0.501975
0.506275
0.509625
0.510625
0.523325
0.52475
0.53655
0.54105
0.541725
0.5442
0.54835
0.5568
0.557325
0.5729
0.576575
0.581125
0.5942
0.613225
0.621275
0.6276
0.637025
0.6708
0.6796
0.6827
0.68935
0.6921
0.69825
0.736125
0.737875
0.7403
0.74915
0.75895
0.7644
0.7844
0.790975
0.791975
0.8382
0.8487
0.8612
0.8652
0.88415
0.8857
0.915875
0.919225
0.930625
0.935825
0.949825
0.9998
1.004225
1.03895
1.04575
1.047975
1.076825
1.0873
1.09975
1.11025
1.125125
1.159975
1.162425
1.184775
1.19415
1.194975
1.296775
1.34365
1.3452
1.37245
1.376725
1.395925
1.40505
1.432875
1.489625
1.591175
1.611175
1.648675
1.673525
1.69545
1.71855
1.79325
1.82275
1.8527
1.8713
2.0296
2.055375
2.057625
2.089475
2.177875
2.193175
2.195225
2.27385
2.279875
2.32795
2.3823
2.4983
2.714425
2.767475
2.8745
2.879525
2.887525
2.97355
3.017375
3.034725
3.048825
3.058525
3.1792
3.19725
3.22275
3.25555
3.642125
3.665625
3.95055
3.95785
4.142975
4.146425
4.148675
4.3438
4.363475
4.372425
4.502525
4.621025
4.738525
4.89845
4.921225
4.9219
5.014425
5.11385
5.244925
5.280425
5.331575
5.50655
5.591125
5.8364
5.84
5.9652
6.040075
6.091425
6.13895
6.2361
6.577025
6.634575
6.725275
6.864175
6.9622
6.982125
7.008175
7.071425
7.222825
7.244925
7.274125
7.499525
7.633825
7.681975
7.844925
7.896975
8.05935
8.16865
8.229275
8.357475
8.43305
8.4386
8.570375
8.79715
8.948025
9.0382
9.18915
9.54665
9.5506
9.604125
9.850175
170
