0.043275
0.049975
0.099375
0.0999
0.14945
0.3455
0.406675
0.4257
0.478725
0.52065
0.529525
0.554725
0.5555
0.5561
0.56105
0.569175
0.580775
0.58225
0.585275
0.588625
0.59
0.594475
0.6032
0.620925
0.6293
0.641
0.641775
0.656525
0.658725
0.669375
0.6744
0.676525
0.684125
0.684525
0.7043
0.714575
0.7247
0.731475
0.735275
0.7781
0.803325
0.817475
0.8257
0.859725
0.900225
1.050075
1.092275
1.096875
1.1055
1.1083
1.1117
1.1237
1.2062
1.23865
1.352625
1.36965
1.408125
1.418275
1.446375
1.4476
1.47675
1.516375
1.577
1.586375
1.76855
1.83415
1.837975
2.0027
2.064875
2.454075
2.502475
2.511225
2.683175
2.69935
2.76055
2.7631
2.8048
2.81435
2.8233
2.826425
2.93
2.94235
2.9862
3.01945
3.0575
3.082125
3.129
3.1558
3.162975
3.17695
3.230875
3.2864
3.359925
3.39175
3.44955
3.45465
3.593625
3.632275
3.648875
3.673725
3.800775
3.948975
4.0751
4.161175
4.2441
4.3434
4.456175
4.579625
4.6197
4.703225
4.743525
4.788175
4.789225
4.795825
4.806225
5.0017
5.033275
5.091675
5.457075
5.479475
5.64575
5.8538
5.858925
5.913225
5.9866
6.035325
6.056225
6.193425
6.199175
6.21695
6.32765
6.428475
6.445925
6.571
6.6635
6.66505
6.67035
6.735275
6.756275
6.76175
6.85585
6.93425
6.990975
7.6831
7.690275
7.72575
7.745875
7.8425
7.907
7.9417
8.039475
8.086925
8.091625
8.09535
8.2133
8.324325
8.465675
8.705875
8.8107
8.83505
8.91725
9.04905
9.13465
9.239925
9.358275
9.36605
9.40675
9.4979
9.645025
9.7455
170
