0.155825
0.22175
0.2601
0.2684
0.324375
0.426725
0.467025
0.4912
0.498425
0.50175
0.5084
0.508475
0.513875
0.5165
0.523875
0.5358
0.544625
0.5879
0.6183
0.6215
0.6236
0.625875
0.629775
0.65155
0.6636
0.6672
0.69755
0.713025
0.717325
0.7238
0.725225
0.73015
0.76005
0.767775
0.76785
0.790425
0.79355
0.7954
0.81175
0.83785
0.837875
0.84275
0.848
0.850275
0.879425
0.8921
0.89505
0.906075
0.90645
0.90935
0.940125
0.9835
0.9923
1.028525
1.041
1.056025
1.070075
1.085875
1.151925
1.15845
1.183425
1.19
1.221425
1.257775
1.261
1.318325
1.327925
1.412575
1.427725
1.4381
1.438825
1.478275
1.53075
1.5565
1.612625
1.61865
1.646225
1.7248
1.72815
1.7549
1.828625
1.85145
1.88345
1.952
2.0173
2.0399
2.067675
2.165875
2.296125
2.31355
2.325575
2.414625
2.432
2.601725
2.75015
2.7915
2.796625
2.800025
2.876225
2.8995
3.063925
3.07915
3.1441
3.153325
3.24135
3.327875
3.332675
3.46915
3.49075
3.720275
3.745275
3.7724
3.89945
4.053375
4.065025
4.165625
4.4486
4.485125
4.518725
4.65765
4.699625
4.711675
4.8003
4.812375
5.0985
5.12005
5.2166
5.2638
5.394375
5.550925
5.555225
5.55715
5.61475
5.6974
5.850925
5.851025
5.8669
5.96155
5.98885
6.088025
6.1328
6.155575
6.300225
6.349125
6.536825
6.556775
6.7421
6.8034
6.829975
6.84245
6.896675
6.951725
6.9857
7.100475
7.110125
7.212725
7.4733
7.5436
7.6035
7.68675
7.917
8.156875
8.2781
8.39155
8.91265
9.188075
9.353725
9.514925
9.54485
9.718275
9.8843
9.902875
172
