0.004675
0.06475
0.113625
0.390025
0.410625
0.44055
0.4633
0.46835
0.487825
0.4945
0.503225
0.508625
0.5185
0.525475
0.5449
0.5501
0.555675
0.557175
0.55915
0.5698
0.591575
0.591625
0.598525
0.6012
0.6066
0.6158
0.672675
0.701475
0.735425
0.745675
0.772325
0.784925
0.788025
0.801625
0.81035
0.820825
0.8415
0.84515
0.857625
0.86825
0.893
0.92685
0.94185
0.958425
0.99085
1.002525
1.010475
1.028725
1.0395
1.112375
1.116925
1.119725
1.143175
1.14485
1.181475
1.1917
1.192775
1.1945
1.2194
1.225275
1.23005
1.254475
1.304325
1.316675
1.351125
1.416225
1.42325
1.461675
1.515675
1.56905
1.570475
1.635675
1.63885
1.662675
1.706475
1.770125
1.78415
1.883325
1.885925
1.9093
1.9447
2.053975
2.056875
2.069
2.0812
2.086075
2.17135
2.1765
2.1898
2.302025
2.336
2.342975
2.355275
2.4211
2.4733
2.563275
2.5961
2.611225
2.67965
2.846975
2.92055
2.95035
3.028225
3.07825
3.174725
3.183475
3.321575
3.334825
3.339025
3.40395
3.41145
3.461025
3.666075
3.8125
3.8981
3.9484
4.013825
4.220475
4.25365
4.290675
4.31125
4.340225
4.4767
4.678475
4.708325
4.75465
4.793275
4.83
4.88345
4.89955
5.0079
5.026325
5.0789
5.347475
5.42895
5.44615
5.673375
5.729325
5.75015
5.8805
5.9324
6.257
6.25885
6.310125
6.375825
6.920025
7.2202
7.251975
7.31325
7.4733
7.587425
7.59415
7.6156
7.701575
7.710475
7.7251
7.7547
7.86375
8.1888
8.342325
8.391575
8.49365
8.618225
8.62815
8.63565
8.74935
9.191075
9.412675
9.443375
9.566925
9.65745
9.708475
9.802525
9.90175
174
