0.06475
0.098225
0.249925
0.3325
0.452075
0.461925
0.464
0.4664
0.475025
0.4849
0.509875
0.515475
0.5158
0.51705
0.523575
0.52715
0.56325
0.58405
0.620525
0.627525
0.629925
0.636275
0.651075
0.666525
0.67365
0.678275
0.6961
0.7139
0.727475
0.731975
0.732675
0.73715
0.7508
0.756975
0.771375
0.797425
0.831275
0.84485
0.845875
0.87365
0.90295
0.963575
0.9755
0.983
0.983225
1.014875
1.023975
1.067075
1.1246
1.2087
1.2161
1.23635
1.23655
1.29525
1.3336
1.346225
1.424225
1.518475
1.576975
1.599175
1.60295
1.672925
1.700225
1.70435
1.75715
1.770975
1.778625
1.7788
1.800475
1.8191
2.038125
2.038525
2.047875
2.055225
2.11895
2.142525
2.166275
2.22145
2.236825
2.30555
2.319025
2.398375
2.549025
2.561675
2.56655
2.635525
2.638475
2.685925
2.80845
2.8214
2.833825
2.9281
3.10185
3.208125
3.300175
3.33035
3.343625
3.523275
3.53895
3.5628
3.6072
3.64085
3.70655
4.1039
4.1273
4.194
4.267275
4.600575
4.915575
4.9382
4.9607
5.020775
5.024675
5.0272
5.062375
5.12525
5.12705
5.232775
5.247325
5.2933
5.3145
5.33565
5.551325
5.6943
5.867675
5.946375
6.068775
6.17655
6.179475
6.320225
6.684425
6.702275
6.981925
7.001425
7.276575
7.3284
7.349075
7.528475
7.616075
7.619625
7.663225
7.687525
7.732275
8.15925
8.179025
8.432775
8.4465
8.586275
8.70105
8.7567
8.77505
8.808475
8.888425
8.9419
8.9663
9.02425
9.034325
9.2194
9.491325
9.77275
9.833675
161
