0.1602
0.213075
0.4472
0.4629
0.4805
0.491725
0.535725
0.56865
0.56895
0.586725
0.588225
0.591125
0.605025
0.610775
0.6342
0.649425
0.673275
0.717875
0.736225
0.741325
0.745775
0.7632
0.7635
0.7744
0.804575
0.807025
0.821125
0.823375
0.840975
0.87105
0.881125
0.8984
0.911275
0.964625
0.9647
0.96685
0.974525
0.986475
0.9885
0.99245
1.0115
1.02515
1.0289
1.033175
1.03645
1.05375
1.0573
1.122675
1.1264
1.183625
1.1838
1.19705
1.212725
1.21475
1.2301
1.25765
1.278875
1.4633
1.492175
1.565275
1.6029
1.644925
1.9391
1.96615
1.978825
2.033725
2.077075
2.101225
2.1324
2.1582
2.166775
2.202575
2.264125
2.27365
2.308925
2.38925
2.428425
2.4307
2.43795
2.44585
2.451425
2.48345
2.6199
2.686925
2.70235
2.787875
3.04805
3.07095
3.154675
3.314625
3.3281
3.4411
3.6744
3.712425
3.751125
3.8835
3.92035
3.943225
3.965325
3.98985
4.0752
4.102
4.125275
4.273625
4.40685
4.4091
4.555525
4.628675
4.657625
4.690225
4.870775
4.921275
5.165375
5.1899
5.2285
5.300975
5.3192
5.352425
5.35975
5.39385
5.429725
5.5638
5.67215
5.6997
5.89795
6.1619
6.209975
6.22715
6.242475
6.28325
6.53905
6.75875
6.801925
6.97155
7.0427
7.196525
7.2181
7.418875
7.50935
7.711
7.84885
8.037675
8.077125
8.195375
8.247725
8.2751
8.27965
8.35275
8.46255
8.6926
8.719725
8.783325
8.835125
8.997225
9.53715
9.73915
9.9352
9.94245
9.96795
159
