0.2504
0.376475
0.395225
0.415025
0.4383
0.49795
0.498875
0.50485
0.5163
0.528275
0.529275
0.5332
0.5354
0.54415
0.5443
0.54725
0.547475
0.5514
0.568375
0.597725
0.602375
0.6097
0.619075
0.6333
0.64005
0.6865
0.7052
0.708475
0.71865
0.7359
0.7372
0.753575
0.792725
0.8066
0.82215
0.8269
0.8293
0.837625
0.84715
0.8482
0.861575
0.894925
0.897375
0.932025
0.9344
0.93595
0.946075
0.9563
0.9589
0.979575
1.038575
1.097025
1.151975
1.176175
1.18605
1.25085
1.26085
1.290275
1.379575
1.429975
1.48685
1.5008
1.52975
1.53695
1.64655
1.68505
1.71385
1.776125
1.8384
1.8515
1.8691
1.89105
1.992575
2.002225
2.0531
2.086425
2.08935
2.1401
2.1581
2.179275
2.19305
2.279075
2.346425
2.698225
2.84505
2.974475
2.974575
3.0084
3.055975
3.09555
3.146775
3.239725
3.2405
3.2827
3.3987
3.4448
3.5696
3.673425
3.799975
3.87075
3.987825
4.09655
4.205975
4.306025
4.4567
4.5734
4.603125
4.661625
4.723025
4.774075
4.82935
4.92445
4.927575
5.234275
5.400875
5.6793
5.795725
5.8226
5.8372
5.8377
5.862
5.942525
6.290875
6.37005
6.475425
6.602025
6.622925
6.826175
7.053675
7.22725
7.243875
7.421275
7.427375
7.4626
7.545175
7.62335
7.746425
7.769275
7.94435
7.98335
8.16775
8.303575
8.564325
8.693325
8.72435
8.832975
8.971
9.06045
9.09565
149
