0.20815
0.225575
0.34145
0.433075
0.4348
0.480675
0.486575
0.4913
0.496
0.52985
0.535025
0.535825
0.554025
0.56655
0.5691
0.569425
0.589675
0.59305
0.59785
0.60015
0.61675
0.628025
0.638
0.6439
0.64655
0.658525
0.716725
0.72335
0.73725
0.7402
0.755025
0.76145
0.76235
0.8302
0.834125
0.839775
0.85075
0.8667
0.878475
0.90275
0.9334
0.94955
0.97815
1.02715
1.030875
1.035975
1.03785
1.050775
1.059575
1.07425
1.090475
1.107425
1.130625
1.15865
1.250325
1.282
1.34175
1.3653
1.37175
1.482275
1.510475
1.52445
1.57045
1.57255
1.6154
1.6425
1.7766
1.8435
1.88725
1.89275
1.916425
1.971825
2.0254
2.0298
2.057125
2.0583
2.082425
2.09775
2.172375
2.183
2.2185
2.273975
2.419575
2.49475
2.608925
2.7962
2.8568
2.8802
2.956575
2.98885
3.1175
3.12375
3.129675
3.1307
3.19075
3.193575
3.2908
3.30355
3.304575
3.416625
3.424375
3.43155
3.43405
3.516575
3.542425
3.638075
3.675475
3.68185
3.738125
3.76815
3.7948
3.80705
3.9601
4.068225
4.088525
4.13845
4.205325
4.408675
4.42675
4.483175
4.53235
4.590375
4.59495
4.6228
4.728625
4.9181
5.047625
5.07225
5.0874
5.50505
5.559975
5.629325
5.701225
5.7818
5.891675
5.986975
6.026575
6.058175
6.201725
6.342525
6.38125
6.497075
6.8854
7.07495
7.095025
7.374225
7.4012
7.4014
7.4728
7.544375
7.5669
7.65465
7.8803
7.93225
8.001825
8.090225
8.095225
8.483425
8.531725
8.608975
8.611
8.6135
8.660425
8.767725
9.119075
9.26315
9.310575
9.466475
9.649875
9.949225
170
