0.35045
0.43345
0.46055
0.47895
0.4949
0.49515
0.5115
0.51405
0.516325
0.522375
0.5343
0.546375
0.553025
0.55925
0.56465
0.565175
0.58335
0.600325
0.606325
0.644275
0.64805
0.65605
0.66535
0.66875
0.710725
0.725075
0.737675
0.75695
0.75985
0.764075
0.7806
0.79735
0.804975
0.8137
0.815525
0.857625
0.858925
0.880475
0.8841
0.88505
0.8912
0.950725
0.975825
0.98905
1.003425
1.0296
1.071075
1.0997
1.15595
1.16065
1.23775
1.249875
1.26695
1.276325
1.298275
1.3362
1.339475
1.3966
1.459475
1.468225
1.472875
1.506025
1.506225
1.611625
1.752075
1.758225
1.7591
1.7944
1.826425
1.952425
1.994325
2.0199
2.054625
2.05795
2.211875
2.2233
2.3692
2.37985
2.434
2.529925
2.8081
2.8521
2.910225
2.936425
3.174975
3.19565
3.2511
3.390175
3.41345
3.42945
3.5145
3.541425
3.70045
3.78195
3.8229
3.83115
3.985475
4.000575
4.0491
4.1458
4.250375
4.454925
4.533575
4.63295
4.729675
4.794775
4.8271
4.864825
4.878
4.98545
5.196525
5.21525
5.299
5.605875
5.732475
5.741775
5.764525
5.911025
5.951925
5.95875
6.033925
6.039575
6.1988
6.412
6.51135
6.59875
6.662975
6.714825
6.789275
7.049875
7.382825
7.43185
7.495825
7.5949
7.654675
7.65685
7.677025
7.74965
7.817375
7.83055
7.8665
7.896625
8.00165
8.060675
8.1229
8.227325
8.71135
8.71795
8.887025
8.8916
8.925075
9.294425
9.344425
9.489075
9.57
9.7255
9.7444
9.87545
9.91
159
