0.088625
0.21965
0.4262
0.470225
0.518525
0.521375
0.5239
0.5292
0.537975
0.541775
0.545725
0.548475
0.566125
0.56975
0.5776
0.598825
0.60285
0.605125
0.618625
0.622775
0.644275
0.6443
0.646325
0.704075
0.719725
0.729425
0.739125
0.758725
0.760775
0.783575
0.8133
0.856175
0.90205
0.9078
0.941325
0.9423
0.981225
0.994925
1.0148
1.03115
1.058225
1.08415
1.1059
1.199425
1.2122
1.245725
1.26565
1.280775
1.332975
1.396
1.473325
1.5259
1.556275
1.56485
1.58505
1.609575
1.63495
1.650975
1.772025
1.7863
1.78975
1.844775
1.8497
1.934075
1.953225
1.96055
1.984875
2.077925
2.1083
2.139525
2.190575
2.1914
2.21245
2.22255
2.226425
2.338075
2.346175
2.355375
2.430575
2.54785
2.60025
2.602375
2.61925
2.627375
2.64605
2.67535
2.6799
2.744225
2.815675
2.8372
2.838475
2.897225
2.939825
2.976875
2.985425
3.0201
3.103375
3.11405
3.2566
3.36735
3.48985
3.553525
3.5601
3.67225
3.736625
3.858425
3.862875
3.9441
4.017125
4.0792
4.213225
4.2437
4.24935
4.257725
4.28895
4.36925
4.441625
4.5027
4.5576
4.584375
4.59935
4.60025
4.601375
4.738
4.7383
4.782375
4.877025
4.89065
4.98895
5.093075
5.140975
5.17455
5.5349
5.622575
5.6534
5.731425
6.002775
6.262175
6.27415
6.2889
6.390275
6.407
6.45485
6.489775
6.537
6.5756
6.652
6.666125
6.8322
6.996625
7.040775
7.181175
7.272825
7.399775
7.413125
7.54235
7.558625
7.629825
7.846325
8.002825
8.10865
8.32955
8.477975
8.552225
8.8612
8.877125
9.0081
9.017525
9.114775
9.2144
9.255025
9.30765
9.345925
9.366575
9.488975
9.633975
9.999725
177
