0.164575
0.168975
0.294175
0.332575
0.401175
0.424575
0.46205
0.499125
0.508875
0.5257
0.52935
0.549825
0.55775
0.563175
0.565025
0.56835
0.574625
0.580225
0.5819
0.583475
0.60165
0.606725
0.615
0.62275
0.634775
0.635525
0.63945
0.640525
0.6486
0.65645
0.6699
0.677875
0.68435
0.70475
0.712225
0.744525
0.7635
0.79665
0.820825
0.825825
0.8352
0.8464
0.858325
0.861825
0.8941
0.9286
0.9368
0.97065
0.994025
0.9947
1.0291
1.06735
1.133825
1.153525
1.26575
1.2779
1.286775
1.291575
1.374325
1.4072
1.421725
1.45815
1.495625
1.54905
1.5496
1.565425
1.570725
1.64315
1.669225
1.7538
1.78255
1.821875
1.8234
1.828975
1.845225
1.885075
1.8869
2.0207
2.040475
2.074375
2.10815
2.11265
2.11775
2.118725
2.19495
2.265275
2.3092
2.381975
2.5175
2.726375
2.802
2.803475
2.869625
2.875425
2.93145
2.94185
2.9729
3.0478
3.11075
3.2398
3.30855
3.353125
3.38205
3.39635
3.57105
3.70175
3.7551
3.83355
4.034425
4.2205
4.355825
4.4888
4.6825
4.685075
4.780875
4.92935
4.986675
4.994425
5.049
5.0625
5.135975
5.14695
5.257575
5.284075
5.3296
5.346325
5.4044
6.033975
6.097175
6.1438
6.3219
6.593
6.870225
6.9971
7.090425
7.33805
7.414
7.48755
7.725525
7.753525
7.7882
7.986
8.030125
8.1959
8.2044
8.268175
8.341325
8.5053
8.6176
8.746775
8.9925
9.01855
9.08775
9.097225
9.1331
9.37025
9.523425
9.588475
9.6505
9.663225
160
