0.188725
0.44235
0.45155
0.45905
0.488325
0.4987
0.50635
0.511275
0.5311
0.53615
0.54195
0.54355
0.571975
0.581525
0.5934
0.59435
0.6069
0.61525
0.621075
0.62765
0.6405
0.6465
0.648975
0.6505
0.66415
0.667425
0.669825
0.66985
0.67105
0.674925
0.677825
0.73635
0.7432
0.7631
0.778075
0.8174
0.817525
0.8243
0.8297
0.831425
0.84775
0.84895
0.852275
0.8589
0.86875
0.8759
0.919825
0.920125
0.948075
0.97665
1.077475
1.110725
1.1294
1.145225
1.174975
1.2258
1.2961
1.308175
1.319825
1.336225
1.362125
1.3998
1.43875
1.4759
1.487025
1.516025
1.57735
1.601625
1.7428
1.805875
1.815775
1.8695
1.88615
1.912825
1.944075
1.95455
1.962225
2.01545
2.03285
2.04325
2.1177
2.158525
2.178125
2.229275
2.3021
2.392825
2.58175
2.6091
2.7145
2.834175
2.9021
2.952075
2.993175
3.007225
3.05185
3.093125
3.19745
3.20065
3.268225
3.37295
3.393225
3.4573
3.490175
3.59375
3.710125
3.748375
3.757725
3.845725
3.95045
3.9542
3.97435
4.053925
4.1293
4.1667
4.204775
4.2162
4.3922
4.39425
4.4732
4.491525
4.605425
4.637675
4.777075
4.806875
4.81545
5.098675
5.110075
5.1212
5.209425
5.559375
5.60915
5.638
5.92985
6.25355
6.30835
6.329825
6.650825
6.748675
7.2135
7.28965
7.32
7.413625
7.56
7.59315
7.6398
7.678825
7.71615
7.82635
8.173575
8.405225
8.4138
8.57065
8.9791
8.99085
9.06545
9.07365
9.113225
9.178425
9.466775
9.622225
160
