0.06705
0.2583
0.296775
0.3489
0.4389
0.4745
0.4842
0.53175
0.53545
0.537225
0.565
0.5672
0.596225
0.6035
0.617075
0.619225
0.621675
0.6243
0.635875
0.6533
0.662025
0.697725
0.7001
0.70425
0.7146
0.714675
0.725875
0.76205
0.778475
0.7802
0.81075
0.813025
0.820875
0.84955
0.86505
0.874975
0.88
0.884125
0.917825
0.9206
0.938825
0.963675
0.971925
0.978375
0.99225
1.014125
1.028925
1.0379
1.038975
1.111825
1.1392
1.201375
1.22265
1.276225
1.3068
1.36815
1.3722
1.43405
1.485175
1.551075
1.65155
1.74275
1.877775
1.890025
1.900175
1.9304
1.93275
1.94675
2.11115
2.147825
2.2156
2.2925
2.33795
2.338175
2.37545
2.403275
2.4537
2.523225
2.567375
2.6106
2.6611
2.691825
2.73045
2.761175
2.769
2.809
2.94375
3.04735
3.062275
3.0635
3.118225
3.235475
3.292575
3.325625
3.59915
3.646
3.771175
3.8442
3.87295
4.10825
4.1885
4.19905
4.27015
4.339925
4.354525
4.38595
4.59735
4.60025
4.613225
4.7339
4.7467
4.92145
4.938925
5.041
5.0647
5.172425
5.1862
5.33735
5.3547
5.48535
5.557675
5.5997
5.673275
5.710675
5.75805
5.82955
5.906075
5.910975
5.93845
6.013225
6.1684
6.171025
6.3056
6.353675
6.413725
6.53695
6.7676
6.938575
6.94295
7.2151
7.344475
7.700975
8.010325
8.1255
8.241125
8.33105
8.3423
8.469575
8.744675
9.263525
9.291325
9.3819
9.557625
9.84395
9.897875
9.9307
156
