0.138825
0.1682
0.306975
0.45965
0.471125
0.4963
0.497925
0.5207
0.520925
0.5427
0.54905
0.553675
0.558075
0.56255
0.5678
0.572225
0.582225
0.591275
0.5978
0.626075
0.63175
0.6464
0.647875
0.66615
0.694475
0.704225
0.708425
0.70865
0.75565
0.757625
0.761825
0.79715
0.8002
0.808
0.838425
0.850975
0.853325
0.86295
0.8785
0.8914
0.9306
0.935
0.960525
0.9608
0.96755
1.0187
1.028675
1.087925
1.210675
1.21185
1.216475
1.2478
1.26815
1.333875
1.336575
1.34525
1.348625
1.4155
1.473825
1.50065
1.529225
1.57545
1.5792
1.615875
1.6265
1.658225
1.667175
1.67375
1.741225
1.915725
1.94185
2.054275
2.054375
2.0754
2.0933
2.215875
2.24655
2.26465
2.3328
2.39475
2.4856
2.49625
2.551775
2.6147
2.739525
2.853275
2.96395
3.1217
3.26875
3.3833
3.559325
3.561725
3.613775
4.0291
4.06925
4.07915
4.14595
4.35815
4.375075
4.417825
4.4982
4.519225
4.713825
5.488625
5.505825
5.619825
5.6706
5.725275
5.727775
5.811
5.8151
5.889225
5.939675
5.96375
6.092875
6.285275
6.52605
6.63825
6.640075
7.144225
7.178575
7.2424
7.285475
7.43705
7.548175
7.5997
7.714
7.72525
7.74005
7.758025
7.95065
8.276725
8.4143
8.549525
8.5946
8.630175
8.643375
8.800875
8.86425
9.1104
9.186825
9.20945
9.43165
9.59865
9.69115
145
