0.001875
0.05675
0.114925
0.43435
0.45455
0.45695
0.45955
0.4784
0.489825
0.491525
0.503025
0.523125
0.544975
0.55625
0.565375
0.5707
0.5824
0.587875
0.611225
0.613525
0.63425
0.6357
0.642975
0.65315
0.65535
0.675125
0.679475
0.704025
0.717125
0.7436
0.760625
0.792775
0.8395
0.856125
0.890525
0.929075
0.935875
0.940475
0.94365
0.962575
1.034425
1.06655
1.066825
1.076175
1.077025
1.1529
1.15575
1.160775
1.169925
1.1851
1.259275
1.3079
1.331125
1.3468
1.3938
1.424875
1.484325
1.495475
1.504275
1.536575
1.5471
1.5789
1.580275
1.584125
1.584425
1.779625
1.78275
1.814075
1.843525
1.888725
2.033425
2.09955
2.36855
2.425025
2.43645
2.441275
2.4896
2.495675
2.502275
2.570675
2.746975
2.843375
2.887
2.93825
2.9384
2.950325
3.0435
3.157625
3.29065
3.372675
3.390275
3.514225
3.520325
3.5393
3.56365
3.7139
3.769125
3.870975
3.959875
4.05595
4.056275
4.316325
4.662275
4.67225
4.7095
4.739725
4.80545
4.93095
5.0824
5.09865
5.18795
5.235225
5.274825
5.303
5.37125
5.7848
5.865575
5.920625
5.97485
6.020125
6.565025
6.579
6.656375
6.686675
6.78165
6.9421
7.074575
7.27055
7.382025
7.42785
7.440675
7.783575
7.839825
7.9057
8.069625
8.444
8.4946
8.6344
8.68995
8.69755
8.8153
8.91185
9.1335
9.3006
9.382575
9.5328
9.550875
9.754325
9.8639
9.916825
150
