0.135775
0.44055
0.45115
0.48225
0.50975
0.514425
0.51775
0.540875
0.55975
0.566575
0.5781
0.579325
0.582625
0.596775
0.602675
0.640625
0.648225
0.651275
0.656825
0.688275
0.690775
0.706975
0.761575
0.788225
0.7926
0.80885
0.8343
0.8522
0.85545
0.861425
0.868525
0.8826
0.8974
0.900025
0.935275
0.94775
0.9564
0.986025
0.995975
0.997675
1.118125
1.118175
1.171675
1.178225
1.23305
1.279425
1.3699
1.4252
1.42625
1.46375
1.48625
1.48875
1.503
1.582775
1.593825
1.596475
1.665
1.6957
1.69805
1.711425
1.857925
1.913475
1.9356
2.0007
2.029275
2.162675
2.178575
2.217275
2.290575
2.38125
2.492675
2.5138
2.5627
2.769175
2.7718
2.78305
2.79205
2.819175
2.88855
2.9471
3.002775
3.288325
3.3246
3.68245
3.749175
3.817125
3.854825
3.915125
3.984525
4.155975
4.177
4.2455
4.2589
4.3177
4.359725
4.507125
4.636175
4.6885
4.785175
4.812275
4.828975
4.9126
4.9204
5.4122
5.426975
5.484825
5.590475
5.806425
5.8931
6.2816
6.344775
6.411825
6.465175
6.571825
6.664125
6.72505
6.772375
6.8191
6.873075
6.87565
6.911625
6.995575
7.130925
7.2863
7.311425
7.4792
7.612225
7.63565
8.044125
8.156675
8.180325
8.32335
8.352875
8.6135
8.7158
8.78745
8.816675
8.83595
9.07305
9.1004
9.13435
9.21765
9.358775
9.455425
9.5172
9.917725
146
