0.0623
0.1044
0.213725
0.221425
0.28915
0.414425
0.42655
0.437275
0.4795
0.4819
0.51085
0.518575
0.52405
0.530025
0.531525
0.532075
0.544425
0.550875
0.559275
0.59025
0.59225
0.601525
0.64385
0.67775
0.680225
0.70435
0.713475
0.7152
0.716125
0.7256
0.72765
0.74915
0.7496
0.7889
0.83755
0.839475
0.85675
0.86415
0.867825
0.8694
0.8959
0.899675
0.920275
0.93205
0.9339
0.967975
0.969975
0.985375
1.05345
1.06955
1.09445
1.157975
1.164025
1.16495
1.20015
1.200575
1.2086
1.209325
1.230125
1.234725
1.2451
1.2634
1.2738
1.330375
1.37
1.384
1.40385
1.41065
1.429975
1.47395
1.58575
1.586975
1.6818
1.717375
1.718575
1.83375
1.974475
1.9829
2.0117
2.16
2.27195
2.312725
2.448175
2.549175
2.6591
2.7756
2.80905
2.948275
2.967825
3.081775
3.186725
3.196025
3.2146
3.322925
3.4057
3.407075
3.48655
3.492925
3.510625
3.56035
3.591175
3.698625
3.94905
3.99015
4.0583
4.076625
4.12065
4.1431
4.416375
4.421275
4.455875
4.47975
4.481775
4.49715
4.500375
4.550325
4.568775
4.71505
4.858975
4.919275
4.993125
5.0158
5.0453
5.099325
5.18685
5.220525
5.234825
5.268575
5.443425
5.50265
5.6263
5.6481
5.8363
6.1701
6.18195
6.3013
6.3091
6.3664
6.38535
6.4064
6.62
6.756375
6.9242
6.937425
7.274175
7.607375
7.6852
7.7053
7.7107
7.796575
7.94745
8.2961
8.54045
8.637675
9.200825
9.23955
9.6534
9.711225
9.72605
9.72745
9.79975
9.909625
9.93285
163
