0.019725
0.16085
0.240575
0.43455
0.470025
0.474375
0.47545
0.511625
0.54105
0.543675
0.547225
0.552325
0.5681
0.58315
0.587875
0.604875
0.629375
0.6377
0.63935
0.647675
0.677025
0.68115
0.69705
0.700825
0.702525
0.70425
0.716975
0.73595
0.768625
0.794575
0.796525
0.79715
0.80235
0.8054
0.81855
0.8322
0.9172
0.947925
0.9971
1.000625
1.014525
1.024425
1.03355
1.049275
1.088675
1.102075
1.110475
1.121675
1.17595
1.201625
1.2253
1.230125
1.25395
1.350225
1.405975
1.4857
1.518825
1.568275
1.69755
1.7765
2.0005
2.07045
2.099275
2.17765
2.1782
2.1787
2.235675
2.33465
2.452475
2.539125
2.552075
2.570325
2.584125
2.60265
2.681025
2.711175
2.74325
2.772175
2.846475
2.913525
2.95
2.95885
2.98755
3.0081
3.025925
3.118525
3.1432
3.16615
3.264075
3.361175
3.462525
3.5382
3.561725
3.59465
3.61245
3.6937
3.956
4.0801
4.210775
4.2886
4.299775
4.447875
4.4585
4.691575
4.873775
4.9153
4.915775
4.9243
4.972
5.054125
5.244625
5.26945
5.442
5.520325
5.6889
5.772725
5.873
5.994675
6.0279
6.2082
6.2426
6.43595
6.775375
6.8418
6.941175
7.11575
7.405
7.445375
7.4722
7.592075
7.75295
7.92815
7.961375
7.973325
8.14855
8.285725
8.28865
8.419925
8.67995
8.74635
9.0389
9.14385
9.2034
9.230225
9.569625
9.69895
9.763725
9.9525
148
