0.27015
0.441725
0.47105
0.488325
0.492
0.500325
0.50865
0.51395
0.5155
0.5169
0.527575
0.5469
0.548925
0.5564
0.5798
0.598
0.6125
0.614975
0.62145
0.627
0.6598
0.66145
0.666125
0.677775
0.693125
0.711375
0.72775
0.745925
0.769325
0.7812
0.784175
0.787525
0.789275
0.821125
0.8226
0.8272
0.835275
0.851275
0.85405
0.858325
0.8668
0.869175
0.904575
0.924275
0.93655
0.94355
0.9449
0.979625
0.99035
0.9959
1.02715
1.042925
1.118525
1.143175
1.158475
1.311175
1.3372
1.3517
1.35575
1.472125
1.4771
1.483775
1.495
1.516825
1.55345
1.562775
1.590425
1.73975
1.783425
1.802425
1.87005
2.084975
2.092125
2.108825
2.205025
2.23965
2.259325
2.316775
2.347425
2.365625
2.420425
2.488525
2.66125
2.66325
2.727175
2.74705
2.821325
2.8319
2.861825
3.002225
3.0068
3.03955
3.049875
3.0553
3.191225
3.1991
3.339575
3.507075
3.54955
3.68315
3.704025
3.736425
3.75555
3.8563
3.895525
3.9312
4.0853
4.64635
4.717575
4.8222
5.1308
5.1799
5.1833
5.2459
5.27635
5.50555
5.664275
5.79685
6.2376
6.36385
6.5842
6.609975
6.691075
6.87575
6.887675
6.909775
7.04505
7.203625
7.23895
7.2398
7.35125
7.602025
7.63695
7.68425
7.892375
8.051125
8.274525
8.355475
8.513175
8.790275
8.847325
8.856975
8.967525
9.094825
9.138175
9.1549
9.632775
9.774675
9.936825
149
