0.1487
0.189925
0.305925
0.31825
0.467675
0.5019
0.5068
0.51425
0.515675
0.52915
0.5336
0.56225
0.564725
0.5681
0.569075
0.57055
0.5787
0.59225
0.596025
0.62475
0.631425
0.632
0.632425
0.6331
0.63625
0.657325
0.65985
0.667375
0.676125
0.701175
0.707125
0.70905
0.73855
0.73925
0.752625
0.7582
0.7902
0.833525
0.84965
0.88165
0.885275
0.936925
0.957925
1.0191
1.0276
1.03055
1.054625
1.120975
1.135875
1.1567
1.179825
1.195075
1.215725
1.26475
1.30205
1.3086
1.33385
1.33595
1.380625
1.40885
1.409
1.4117
1.4502
1.46515
1.60215
1.642975
1.7094
1.744175
1.821725
1.8585
1.989
2.0304
2.096125
2.1757
2.17755
2.438
2.4752
2.497925
2.50365
2.56085
2.59045
2.66055
2.670625
2.68685
2.7545
2.985225
3.0343
3.139
3.1956
3.1999
3.23735
3.2573
3.46435
3.5118
3.58335
3.590025
3.608825
3.8314
3.8883
3.8884
3.948175
3.96115
4.100575
4.1172
4.11845
4.2027
4.620525
4.621075
4.685
4.685375
4.6928
4.738925
4.79665
5.103725
5.141975
5.188875
5.269775
5.5027
5.5482
5.595975
5.867475
6.1664
6.3294
6.333875
6.391625
6.523825
6.8262
6.88475
6.89225
6.910325
7.234775
7.4218
7.467725
7.711075
7.71905
7.735775
8.113675
8.1642
8.3132
8.398925
9.07575
9.151375
9.170725
9.36555
9.3757
9.482575
9.61045
9.746225
9.8962
9.90505
9.91965
151
