0.044175
0.051575
0.16565
0.251275
0.467325
0.4851
0.48725
0.49445
0.4961
0.5032
0.505975
0.51015
0.5275
0.53085
0.5369
0.546175
0.55265
0.557975
0.56325
0.58085
0.587325
0.589125
0.59395
0.602475
0.618
0.626125
0.64625
0.661125
0.66305
0.6673
0.6783
0.689475
0.714575
0.714925
0.71885
0.723575
0.726675
0.754275
0.7621
0.769375
0.78045
0.7837
0.814325
0.825675
0.82665
0.832525
0.8723
0.8806
0.885675
0.891875
0.8931
0.895175
0.91675
0.918225
0.951625
0.973525
1.01615
1.063825
1.1212
1.132275
1.16365
1.19345
1.20035
1.25775
1.2812
1.28475
1.29595
1.2969
1.3042
1.324575
1.34
1.4348
1.440425
1.524125
1.580725
1.710425
1.719425
1.8178
1.8224
1.83725
1.9282
1.969725
1.97845
2.02615
2.100675
2.145725
2.151175
2.217675
2.26695
2.286975
2.3055
2.333475
2.4737
2.4843
2.554025
2.5626
2.6722
2.6931
2.897025
2.95445
2.977775
3.06055
3.072175
3.074
3.264675
3.617375
3.62155
3.690625
3.699425
3.909975
3.9351
4.0532
4.069125
4.135025
4.3229
4.324175
4.3609
4.458825
4.50885
4.72475
4.926075
5.0195
5.262575
5.263375
5.4148
5.705525
5.732375
5.8211
5.858975
6.211925
6.367625
6.38315
6.4897
6.4904
6.50165
6.575125
6.651425
6.825475
7.01
7.01715
7.04855
7.09735
7.219225
7.27695
7.43935
7.4483
7.70545
7.776975
7.864075
8.0389
8.101625
8.2046
8.219125
8.219925
8.292175
8.46
8.593125
8.617225
8.735775
8.844625
8.9444
9.09005
9.111975
9.25825
9.512025
9.5821
9.7375
9.85365
168
