0.049075
0.06445
0.1054
0.24425
0.269175
0.41485
0.4679
0.505475
0.525725
0.5369
0.5482
0.554075
0.5662
0.575125
0.5843
0.5897
0.5957
0.602825
0.605475
0.6097
0.611725
0.619825
0.631475
0.635275
0.638275
0.645425
0.677775
0.69235
0.695475
0.696625
0.71595
0.72755
0.730675
0.7328
0.7429
0.7438
0.773875
0.7883
0.806225
0.843925
0.89925
0.90185
0.90455
0.920225
0.9233
0.929875
0.946225
0.96105
0.9745
1.034075
1.036475
1.057125
1.064475
1.07005
1.072875
1.12955
1.1349
1.13785
1.137975
1.161
1.1696
1.180175
1.2138
1.293525
1.36015
1.36295
1.395875
1.4465
1.4602
1.4732
1.487075
1.524425
1.537275
1.544675
1.605325
1.67125
1.765125
1.7672
1.8232
1.90675
1.9491
1.9676
1.97805
2.0255
2.0312
2.099075
2.14685
2.24165
2.2835
2.41145
2.4159
2.507825
2.5196
2.586425
2.609425
2.653025
2.7188
2.72925
2.769875
2.805125
2.81695
2.89715
2.915175
3.006925
3.02715
3.07735
3.145175
3.3134
3.3707
3.3894
3.471375
3.502575
3.540125
3.677975
3.870675
4.0488
4.076475
4.26135
4.282025
4.389425
4.3916
4.538225
4.620475
4.762475
4.834275
4.87685
4.957
5.055075
5.346275
5.37265
5.407175
5.51555
5.595825
5.601375
5.620975
5.79305
5.925625
5.92745
5.9521
6.2136
6.281575
6.5022
6.509425
6.698675
6.793475
6.8236
6.877975
6.8872
6.899275
7.218625
7.233825
7.41415
7.519675
7.655625
7.65765
7.8296
8.121575
8.2431
8.312975
8.395175
8.41605
8.488475
8.673075
8.7396
8.790925
8.93135
9.029225
9.0651
9.133175
9.304225
9.34615
9.38975
9.46065
9.55965
9.584725
9.6808
9.7983
177
