0.03325
0.13315
0.480125
0.49565
0.501175
0.502775
0.5063
0.508725
0.5103
0.516225
0.540425
0.54045
0.54845
0.55555
0.561
0.56155
0.5733
0.588125
0.58895
0.5911
0.598
0.6191
0.631425
0.68225
0.6869
0.710525
0.77095
0.77345
0.79775
0.856675
0.857575
0.869875
0.890575
0.89185
0.920725
0.9589
0.9677
1.046975
1.151
1.15215
1.16195
1.175925
1.20145
1.213575
1.2413
1.2629
1.304925
1.32165
1.349025
1.3858
1.46035
1.508275
1.661
1.714175
1.769125
1.823675
1.8443
1.859125
1.86435
1.8866
1.912125
1.94725
2.040775
2.04435
2.048775
2.144125
2.27115
2.3014
2.348925
2.4698
2.563075
2.67035
2.802875
2.81675
2.8749
2.91445
2.917175
2.9178
3.073925
3.0986
3.13005
3.188025
3.2662
3.30305
3.3255
3.34775
3.4199
3.5082
3.51295
3.52275
3.601025
3.6048
3.611225
3.722825
3.740075
3.74305
3.799575
3.82855
3.832275
4.090575
4.091875
4.180125
4.23295
4.277025
4.27985
4.3034
4.388725
4.404925
4.466375
4.470575
4.606575
4.75775
4.77035
4.816125
4.862225
4.8683
4.8914
4.90335
4.91785
4.97595
5.04195
5.059675
5.1569
5.188075
5.194275
5.3604
5.40035
5.409725
5.4183
5.48805
5.59095
5.614475
5.627875
5.64925
5.674375
5.6835
5.978325
6.16525
6.209925
6.214325
6.314825
6.398775
6.5063
6.6563
6.813375
6.816375
6.83365
7.07785
7.200175
7.325675
7.333225
7.454875
7.64845
7.845775
7.846125
7.869575
7.933425
7.957875
7.9739
7.98465
7.997375
8.50495
8.545825
8.654225
8.7645
8.8347
9.145725
9.166775
9.252725
9.344825
9.4419
9.489625
9.63955
9.72025
9.76425
9.820375
176
