0.403225
0.433075
0.4606
0.470175
0.47125
0.473
0.482575
0.498875
0.502475
0.504875
0.525
0.52915
0.533525
0.56575
0.61295
0.624475
0.6341
0.654625
0.6574
0.67195
0.6736
0.68035
0.6834
0.69135
0.749125
0.7928
0.835525
0.83935
0.848125
0.867575
0.870375
0.875725
0.907825
0.917975
1.033125
1.050475
1.073525
1.08635
1.097
1.16905
1.17195
1.178225
1.18105
1.1914
1.197225
1.236325
1.33315
1.348375
1.351325
1.40675
1.460775
1.48345
1.539475
1.543
1.573475
1.7598
1.84845
1.91215
1.94915
1.985025
2.011175
2.03675
2.0886
2.2242
2.30095
2.378025
2.552425
2.57335
2.60005
2.645475
2.67935
2.743725
2.774575
2.828025
2.8722
2.875875
2.896675
2.95015
3.269475
3.29595
3.31535
3.372025
3.526175
3.668425
3.678625
3.710375
3.75445
3.88075
4.00725
4.174025
4.45595
4.635275
4.658625
4.6647
5.136975
5.1831
5.265775
5.287025
5.41075
5.53845
5.63375
5.702075
5.781675
5.88035
5.945575
5.9515
6.058525
6.0938
6.1774
6.232725
6.3287
6.3622
6.703325
6.8106
6.859825
7.23415
7.5394
7.722325
7.764325
7.86905
8.0819
8.101525
8.201425
8.318725
8.361825
8.547425
8.956875
9.041275
9.130125
9.1714
9.2665
9.31655
9.56665
9.733475
9.8027
9.87605
9.951325
9.99745
138
