0.11315
0.243075
0.2888
0.463925
0.488375
0.504875
0.521575
0.53715
0.583825
0.586975
0.590675
0.603125
0.62205
0.657575
0.6705
0.69415
0.69975
0.7013
0.70485
0.71185
0.7218
0.7529
0.754575
0.780275
0.789625
0.79755
0.804975
0.813425
0.816525
0.8589
0.8783
0.899675
0.909575
0.961175
0.985275
1.02975
1.05975
1.06265
1.06545
1.1166
1.138325
1.237475
1.447075
1.472575
1.6271
1.669925
1.706725
1.883675
2.039525
2.1003
2.118425
2.1396
2.2437
2.28505
2.382075
2.38385
2.407425
2.42265
2.484025
2.58115
2.628375
2.679725
2.688825
2.923325
3.146975
3.272925
3.320225
3.411275
3.450075
3.454425
3.478275
3.549475
3.56555
3.5699
3.617375
3.758625
3.904075
3.9421
3.96025
3.963875
4.0121
4.039675
4.053275
4.24765
4.289975
4.292625
4.2927
4.332475
4.34535
4.353875
4.3916
4.428525
4.447825
4.564075
4.5832
4.7863
4.977725
4.98175
5.0432
5.0963
5.12905
5.281475
5.32265
5.6007
5.6392
5.74965
6.0628
6.1102
6.304
6.4555
6.7461
6.787475
6.84945
6.88365
6.88905
6.9724
6.986225
7.156925
7.296175
7.3271
7.39475
7.395025
7.408025
7.447275
7.631875
7.7122
8.2463
8.25485
8.3647
8.49875
8.567325
8.604175
8.621
8.82625
8.842325
8.94725
8.9815
9.027925
9.04965
9.146775
9.153825
9.262025
9.42645
9.52525
9.630875
9.636225
9.682125
9.690625
9.7264
9.83385
9.936075
151
