0.068425
0.214825
0.2351
0.27695
0.44215
0.5265
0.53635
0.5442
0.54765
0.55115
0.561775
0.5897
0.6273
0.632725
0.636575
0.648325
0.651675
0.654725
0.67145
0.6916
0.6963
0.719725
0.7247
0.7291
0.739075
0.750925
0.7679
0.779625
0.78195
0.78625
0.786875
0.792075
0.79305
0.797175
0.8036
0.806725
0.8203
0.855975
0.856025
0.886075
0.923025
1.00745
1.06115
1.079325
1.119925
1.159925
1.2283
1.25055
1.25875
1.260275
1.26875
1.292425
1.293
1.302075
1.327675
1.374525
1.3942
1.41905
1.6061
1.6162
1.695975
1.74795
1.784875
1.82385
1.937575
2.048675
2.066425
2.1006
2.246575
2.2941
2.4095
2.557075
2.5643
2.6029
2.732975
2.771375
2.849475
2.8676
2.8846
3.017775
3.1022
3.10345
3.19575
3.2126
3.239125
3.2854
3.3568
3.471525
3.5357
3.704575
3.73055
3.769375
3.7778
3.8249
3.892525
4.1472
4.22245
4.378475
4.38785
4.491725
4.6219
4.645375
4.73265
4.827675
4.874675
4.930125
5.0442
5.173725
5.319475
5.525325
5.581925
5.6298
5.688325
5.920075
5.9939
6.46835
6.56155
6.713725
6.746
7.038725
7.074475
7.2292
7.259075
7.442075
7.496875
7.546775
7.55065
7.5926
7.6329
7.70655
7.7467
7.758925
8.0098
8.611625
8.7758
9.06765
9.3999
9.478175
9.63795
9.643375
9.6522
9.7448
9.753825
9.876825
9.916525
9.9458
9.99405
147
