0.296525
0.37825
0.42135
0.49485
0.5013
0.527125
0.550825
0.591775
0.59995
0.607075
0.61465
0.6216
0.64715
0.64855
0.676575
0.699925
0.705125
0.742875
0.74675
0.7564
0.82115
0.824525
0.83075
0.8458
0.848025
0.855525
0.864125
0.88805
0.8895
0.891025
0.947975
0.956475
0.966825
0.971975
0.982
1.01725
1.0815
1.088825
1.104175
1.138
1.148375
1.187575
1.19925
1.2039
1.2804
1.35955
1.3875
1.4366
1.4686
1.50685
1.608275
1.63695
1.687875
1.867725
1.895125
1.9165
1.92475
2.21005
2.376725
2.453375
2.46385
2.5227
2.58005
2.716475
2.87625
2.878975
2.9556
2.965325
2.98765
3.044175
3.1394
3.215375
3.28315
3.297925
3.36035
3.41065
3.42615
3.505625
3.558225
3.590425
3.62755
3.6544
3.6781
3.701675
3.704675
3.810225
3.81415
3.8651
3.93875
3.9793
4.12185
4.200725
4.2144
4.239125
4.2993
4.310575
4.4174
4.432875
4.577575
4.808725
4.8239
4.829575
4.83215
5.343275
5.3726
5.40855
5.54705
5.5683
5.619325
5.90345
5.9288
6.00645
6.079675
6.185975
6.545975
6.625175
6.6651
6.7684
6.85495
6.884925
7.088575
7.21825
7.292075
7.353425
7.520325
7.67395
7.905925
8.016925
8.017525
8.05895
8.1252
8.306225
8.5044
8.887
9.124825
9.175825
9.56035
9.75135
9.90735
139
