0.0075
0.11395
0.17065
0.368325
0.459025
0.468525
0.48005
0.497775
0.498025
0.49995
0.509725
0.515575
0.5203
0.521025
0.52845
0.53325
0.535925
0.5531
0.578475
0.59265
0.6246
0.642275
0.646575
0.64715
0.6484
0.68495
0.6865
0.694525
0.708125
0.73055
0.7353
0.738225
0.75445
0.757275
0.77015
0.78425
0.792075
0.812825
0.8253
0.83925
0.851525
0.863075
0.870075
0.88815
0.90865
0.91605
0.979625
0.985725
0.996375
1.0275
1.02895
1.03515
1.035475
1.097925
1.1415
1.16865
1.20755
1.273075
1.331825
1.38775
1.391325
1.412025
1.4431
1.476075
1.516725
1.55575
1.5688
1.586125
1.6468
1.6769
1.7051
1.75845
1.804175
1.83065
1.897375
1.92355
1.94415
1.96315
1.9767
2.054625
2.069625
2.075875
2.0893
2.14285
2.18545
2.193475
2.389225
2.39045
2.563875
2.6993
2.71375
2.7183
2.7826
2.867125
2.881925
2.9119
3.0679
3.170875
3.2494
3.356625
3.529775
3.5745
3.575075
3.616325
3.722975
3.8005
3.864325
3.88545
3.9399
4.46555
4.4758
4.50965
4.54355
4.613875
4.62665
4.74125
4.827425
4.95915
5.025375
5.131475
5.223575
5.281175
5.3301
5.6396
5.671575
5.78435
5.806875
5.930475
5.9861
6.0388
6.25495
6.333625
6.445775
6.624725
6.693575
6.98295
7.072425
7.07615
7.1328
7.3319
7.338425
7.698525
7.80165
7.857425
8.0339
8.164925
8.186375
8.4699
8.849575
8.868525
8.911275
9.00485
9.07625
9.142075
9.2498
9.3717
9.43375
9.53155
9.713425
9.726675
9.74445
9.83345
9.981475
163
