0.011525
0.1266
0.175375
0.18635
0.308875
0.409875
0.458975
0.468575
0.4792
0.518875
0.520625
0.52515
0.528
0.531025
0.53805
0.5447
0.5483
0.5528
0.58525
0.609675
0.6103
0.617125
0.62005
0.628875
0.634875
0.640225
0.642175
0.660125
0.661925
0.66915
0.71345
0.720075
0.7286
0.742325
0.74635
0.757125
0.774475
0.780025
0.785625
0.79855
0.809675
0.815375
0.8404
0.85995
0.890275
0.89305
0.899475
0.91615
0.92605
0.9295
0.964425
0.999775
1.016
1.022425
1.04275
1.052325
1.056525
1.05915
1.05995
1.081925
1.100575
1.1239
1.1363
1.145225
1.148625
1.20125
1.218075
1.22225
1.2437
1.259625
1.28175
1.352025
1.443725
1.45245
1.548525
1.571475
1.58605
1.695925
1.7361
1.84245
1.883925
1.9139
1.9301
1.949375
1.965625
2.03745
2.072075
2.125375
2.130475
2.150575
2.31645
2.3176
2.5105
2.66345
2.67715
2.693675
2.79705
2.80355
2.80715
2.86975
2.936325
2.9769
3.03395
3.071125
3.098175
3.20905
3.33875
3.43445
3.462175
3.51725
3.5258
3.551
3.69555
3.7729
3.802625
3.81095
3.8222
3.879
3.8883
3.939075
4.2721
4.310675
4.363125
4.3663
4.55575
4.6606
5.041025
5.047975
5.0549
5.085025
5.16905
5.2381
5.259475
5.33245
5.44185
5.466725
5.470675
5.742025
5.8059
5.83725
5.9089
5.993125
6.041775
6.078075
6.2184
6.22585
6.2728
6.29135
6.30185
6.46595
6.6322
6.6445
6.872825
6.90835
6.997625
7.217975
7.254775
7.319525
7.571525
7.59405
7.722625
7.736925
8.21325
8.234025
8.296675
8.3076
8.3187
8.644125
8.6499
8.9553
9.01965
9.177675
9.186775
9.29895
9.33595
9.768375
9.7996
9.84315
9.848875
179
