0.08915
0.23995
0.246425
0.2552
0.30435
0.335525
0.415
0.43005
0.50685
0.513125
0.524575
0.5353
0.541125
0.5418
0.542875
0.5475
0.55015
0.552175
0.585675
0.595375
0.610725
0.622875
0.633925
0.646925
0.64975
0.653375
0.658225
0.660475
0.668175
0.673125
0.675
0.6833
0.6843
0.690025
0.710725
0.712075
0.753175
0.753475
0.7574
0.7598
0.7629
0.782875
0.844375
0.852475
0.855125
0.85905
0.869175
0.875025
0.88305
0.88485
0.9174
0.943075
0.967625
0.97195
1.00885
1.017375
1.023075
1.024025
1.053825
1.076175
1.0768
1.08935
1.13055
1.186375
1.201775
1.292825
1.312775
1.3178
1.415625
1.4494
1.46105
1.491125
1.50695
1.530125
1.595875
1.608325
1.669375
1.681475
1.688725
1.917375
1.967525
2.003875
2.07455
2.1127
2.203475
2.253725
2.28035
2.394825
2.396275
2.585475
2.6257
2.781525
2.797325
2.834
2.897575
2.94925
3.1419
3.20565
3.23325
3.2477
3.348025
3.40045
3.46145
3.607775
3.67485
3.868075
3.8793
3.988325
4.0116
4.089425
4.12305
4.196025
4.208
4.270825
4.281125
4.4004
4.418
4.420425
4.50975
4.617725
4.8528
4.94385
5.0056
5.097775
5.11325
5.115925
5.2534
5.34515
5.3727
5.39945
5.76875
5.801275
5.872525
5.876525
5.946625
5.978425
6.240175
6.266925
6.324075
6.5219
6.53805
6.5687
6.62945
6.816825
6.91405
6.93785
6.953275
7.0202
7.11315
7.2755
7.415625
7.4706
7.48055
7.515675
7.5419
7.563125
7.58025
7.6402
7.94675
8.063125
8.0734
8.1009
8.17585
8.379125
8.397975
8.424925
8.4618
8.5609
8.6197
8.64855
8.9608
9.224225
9.255275
9.358425
9.552275
9.564425
9.67875
9.7856
178
