0.031325
0.070625
0.219725
0.231425
0.286675
0.4148
0.474475
0.485875
0.52795
0.52895
0.539325
0.54355
0.5485
0.55085
0.552725
0.577075
0.596925
0.60135
0.618575
0.6209
0.656525
0.6578
0.690675
0.6949
0.70375
0.717825
0.7187
0.723975
0.74365
0.75785
0.763075
0.781525
0.78665
0.794775
0.85045
0.940975
0.966975
0.96975
1.00355
1.022625
1.0976
1.116975
1.14625
1.163025
1.215325
1.229475
1.23555
1.242625
1.2489
1.254525
1.34145
1.3471
1.349525
1.4332
1.449075
1.451675
1.49535
1.545575
1.652225
1.682275
1.79265
1.808725
1.8249
1.861275
1.883775
1.941675
2.042375
2.05565
2.079525
2.113125
2.1561
2.19335
2.19405
2.277075
2.329775
2.344
2.434825
2.45395
2.5757
2.61205
2.612375
2.63815
2.73
2.939925
3.0595
3.173775
3.180375
3.35785
3.41825
3.476675
3.63755
3.666325
3.69445
3.70645
3.863925
3.867825
3.879325
3.964475
4.018625
4.048325
4.159075
4.17245
4.2116
4.2772
4.31425
4.474525
4.50515
4.564175
4.77875
4.815975
4.874075
5.094075
5.125025
5.487
5.5451
5.6201
5.648425
5.892525
5.971375
5.97655
6.2557
6.261425
6.51235
6.569575
6.5739
6.594
6.666075
6.722825
6.725975
6.8477
6.90725
7.048425
7.05715
7.2932
7.36265
7.616525
7.63355
7.7246
7.904775
7.964825
7.965175
8.0147
8.125125
8.17505
8.266525
8.29805
8.30495
8.349675
8.495425
8.50425
8.54595
8.585875
8.603425
8.81285
9.022025
9.043125
9.3748
9.44405
9.839925
159
