0.106675
0.296925
0.476625
0.48795
0.489175
0.50305
0.514425
0.561
0.5834
0.59335
0.630525
0.63775
0.643475
0.6507
0.6609
0.68
0.68085
0.686125
0.686775
0.6877
0.6886
0.690275
0.716275
0.758875
0.776625
0.77945
0.786525
0.7897
0.795825
0.818875
0.8389
0.840175
0.85255
0.882275
0.889625
0.891725
0.89285
0.935525
0.9786
1.023475
1.025925
1.032025
1.053375
1.11915
1.14635
1.1633
1.172475
1.177075
1.182775
1.19435
1.203
1.2187
1.220925
1.239575
1.249125
1.26515
1.273075
1.30115
1.3261
1.415925
1.4715
1.572175
1.618025
1.694425
1.709775
1.779275
1.799525
1.823
1.833225
1.872975
1.925075
2.0007
2.042125
2.1109
2.1356
2.14865
2.207575
2.269
2.4301
2.430675
2.5273
2.568925
2.628075
2.65075
2.720225
2.77845
2.8179
2.831825
2.874725
2.94485
2.971175
3.079775
3.179875
3.317725
3.34515
3.370125
3.578025
3.6395
3.658875
3.68225
3.71825
3.736475
3.934925
3.970925
3.9938
3.998
4.028525
4.0406
4.31205
4.3153
4.370225
4.523525
4.598075
4.778875
4.796375
5.163025
5.217925
5.4618
5.511725
5.584425
5.7677
5.8062
5.847375
5.929325
5.96485
5.966775
6.127275
6.219025
6.434325
6.677825
6.771025
6.829375
6.8436
7.043925
7.13115
7.20415
7.2073
7.23995
7.39965
7.4723
7.709275
7.77825
7.858425
7.983825
8.12695
8.187775
8.25155
8.406925
8.52875
8.589275
8.63375
8.721175
8.7969
9.3575
9.412175
9.455275
9.602925
9.7874
158
