0.00935
0.301425
0.369875
0.410575
0.4417
0.44525
0.456425
0.458
0.46655
0.4885
0.490725
0.507675
0.515775
0.522125
0.523225
0.5297
0.5306
0.567325
0.5807
0.6183
0.621525
0.627275
0.630775
0.643525
0.680825
0.6873
0.69375
0.71975
0.7253
0.7654
0.77125
0.784325
0.808725
0.83475
0.8349
0.85725
0.901475
0.932525
0.965275
0.969625
0.9727
1.0224
1.0318
1.08685
1.113775
1.13685
1.14925
1.162625
1.167575
1.177925
1.2815
1.305725
1.364375
1.4103
1.438275
1.441625
1.47905
1.568175
1.60615
1.6397
1.662075
1.665775
1.685175
1.7306
1.752825
1.90855
1.90895
2.061025
2.077875
2.096325
2.124375
2.156475
2.234875
2.460175
2.4976
2.61895
2.7788
2.85085
3.020025
3.026775
3.1768
3.24835
3.372925
3.404325
3.414225
3.53085
3.787575
3.910025
3.914775
3.944475
3.958125
3.971225
3.990975
4.102125
4.121775
4.49935
4.5392
4.540375
4.5521
4.55705
4.57075
4.59185
4.8405
4.8984
4.9051
5.101925
5.446825
5.53735
5.543075
5.558475
5.726225
5.73785
5.7626
5.769825
5.77655
5.780625
5.98065
6.01825
6.0774
6.104075
6.11895
6.91015
6.94825
7.1044
7.2049
7.406525
7.406625
7.48675
7.504775
7.623525
7.744575
7.974425
8.183775
8.33265
8.420625
8.47125
8.581075
8.9003
8.9357
9.130775
9.143375
9.193175
9.52795
9.618675
9.7068
9.715675
9.719
9.87345
9.921875
149
