0.05515
0.14835
0.25855
0.4306
0.46735
0.470775
0.4841
0.4964
0.5171
0.5217
0.544625
0.561725
0.5717
0.579025
0.5958
0.604525
0.61615
0.6284
0.635275
0.64745
0.64875
0.686525
0.702775
0.703975
0.705075
0.725725
0.742775
0.743325
0.76695
0.774625
0.870875
0.878675
0.8952
0.913275
0.9188
0.934725
0.94865
1.00045
1.023825
1.040425
1.070325
1.082075
1.083025
1.0991
1.122475
1.160075
1.201825
1.203275
1.214725
1.220875
1.230225
1.2416
1.25885
1.263725
1.307125
1.32615
1.335125
1.3405
1.38785
1.4327
1.46885
1.559875
1.565775
1.6756
1.6859
1.712025
1.716225
1.745
1.86405
1.894525
1.91265
1.97085
1.971625
1.983175
2.008175
2.014775
2.06775
2.128
2.148525
2.17645
2.27745
2.345875
2.35185
2.391375
2.402025
2.47795
2.503675
2.6619
2.805575
2.886125
3.028
3.0976
3.11825
3.280075
3.378175
3.417075
3.593825
3.6471
3.6857
3.75135
4.045775
4.059725
4.060625
4.066525
4.0985
4.2213
4.338275
4.41725
4.437475
4.56465
4.567625
4.6933
4.81495
4.948925
5.00665
5.121
5.1239
5.183025
5.196425
5.474325
5.66895
5.6739
5.710475
5.8342
5.93085
5.97635
6.100275
6.101025
6.11295
6.189775
6.332825
6.443975
6.5701
6.588425
6.787575
6.81275
7.00825
7.0641
7.167375
7.6182
7.707675
7.774175
7.8896
7.985
8.00145
8.101575
8.129525
8.348925
8.4893
8.52985
8.541925
8.7567
8.8194
9.013175
9.1781
9.2748
9.48815
9.7526
9.8074
9.8268
9.93795
161
