0.083225
0.418475
0.44615
0.480775
0.4848
0.496975
0.5222
0.535725
0.539675
0.5399
0.551
0.57295
0.573525
0.594975
0.61915
0.623975
0.637825
0.637875
0.6461
0.67145
0.69925
0.699275
0.709625
0.7202
0.720275
0.73235
0.74635
0.75425
0.761225
0.762875
0.7684
0.773225
0.782675
0.812275
0.813925
0.814575
0.819775
0.839925
0.93465
0.964925
1.024225
1.043125
1.04725
1.090075
1.12555
1.144075
1.15185
1.15485
1.1831
1.19825
1.214275
1.223475
1.271725
1.30215
1.303125
1.394325
1.4181
1.419225
1.425625
1.435475
1.46705
1.487425
1.517425
1.566075
1.58455
1.65655
1.660575
1.8601
2.1264
2.21605
2.234725
2.273475
2.3327
2.354625
2.37675
2.40315
2.427275
2.43355
2.478875
2.48815
2.511175
2.5523
2.6126
2.6402
2.677375
2.68615
2.75365
2.753875
2.76995
2.78275
2.78755
2.914725
2.996875
3.03855
3.069825
3.08245
3.121775
3.14625
3.24015
3.24215
3.26055
3.275675
3.363125
3.375525
3.387725
3.4459
3.6671
3.714075
3.870925
3.93255
3.9676
4.03495
4.096025
4.114475
4.11785
4.14205
4.36245
4.437
4.47005
4.541475
4.860425
4.911525
4.931275
5.0206
5.134625
5.17045
5.201425
5.2171
5.223675
5.274125
5.5145
5.72715
5.871625
5.98235
6.294625
6.327
6.367025
6.486125
6.557275
6.62365
6.6294
6.868725
6.876025
6.923025
7.073075
7.129625
7.301625
7.34755
7.695225
7.8329
7.884025
7.94385
7.950675
8.1199
8.147675
8.194975
8.23635
8.5017
8.596875
8.614575
8.69065
8.8486
9.0048
9.1374
9.25295
9.27415
9.344375
9.3961
9.43715
9.4917
9.527025
9.5298
9.5802
9.598625
9.6047
9.866975
176
