0.02745
0.226925
0.409325
0.436825
0.4681
0.4765
0.4766
0.480975
0.490175
0.506
0.510125
0.513875
0.517025
0.52505
0.528625
0.53745
0.538525
0.5455
0.549875
0.559325
0.559425
0.562025
0.5657
0.58065
0.5939
0.594025
0.59585
0.60155
0.60675
0.61405
0.618625
0.64985
0.712
0.7151
0.72975
0.729925
0.7565
0.776525
0.783825
0.795
0.796975
0.802075
0.809225
0.82395
0.8248
0.825
0.855775
0.875775
0.8827
0.8942
0.911625
0.91275
0.933
0.956225
1.0266
1.0392
1.103025
1.1066
1.182225
1.186175
1.1928
1.210175
1.253175
1.278475
1.2927
1.394
1.398625
1.44465
1.476325
1.57315
1.58085
1.68505
1.717375
1.775625
1.977175
2.00445
2.064
2.1715
2.226025
2.237525
2.261675
2.44765
2.527775
2.61305
2.666125
2.6791
2.706225
2.80855
2.810475
2.82985
2.839225
2.98725
3.020275
3.215475
3.282475
3.3371
3.40855
3.531275
3.53435
3.631125
3.707075
3.770075
3.812325
3.8447
3.93075
4.005375
4.042925
4.151825
4.4419
4.52665
4.564275
4.59545
4.8015
4.8354
4.8376
4.83975
5.127475
5.223725
5.5782
5.633775
5.866775
5.919625
5.961175
6.090725
6.14145
6.18895
6.208975
6.309
6.33445
6.407225
6.516625
6.5752
6.653275
6.759025
7.0449
7.20085
7.266225
7.3071
7.488275
7.711375
7.893125
8.428425
8.4398
8.48805
8.53245
8.602525
8.6597
8.751225
8.782975
8.862075
9.354275
9.535675
9.748325
9.80665
9.938775
9.976925
156
