0.1314
0.322675
0.4301
0.436375
0.44935
0.466275
0.48085
0.49
0.490175
0.4961
0.496375
0.50905
0.5253
0.54725
0.5681
0.57105
0.57325
0.6095
0.613
0.618425
0.618575
0.648925
0.652325
0.654475
0.66075
0.6616
0.673625
0.679025
0.720925
0.72295
0.72415
0.7347
0.763825
0.76585
0.8079
0.817875
0.829275
0.858975
0.9077
0.94915
0.952575
0.977325
0.983225
1.018275
1.02465
1.0643
1.079825
1.0941
1.1642
1.1911
1.206175
1.207175
1.216125
1.22715
1.228575
1.2429
1.2552
1.2642
1.284875
1.287525
1.3392
1.35615
1.410625
1.41325
1.449425
1.620075
1.624275
1.6254
1.65255
1.669725
1.720375
1.822725
1.84185
1.887725
1.9652
2.04205
2.1075
2.142
2.247375
2.2523
2.31225
2.346825
2.3992
2.4964
2.5609
2.613925
2.618525
2.76285
2.786075
2.85325
3.08245
3.226725
3.229925
3.425975
3.42835
3.4482
3.456075
3.494025
3.533225
3.5533
3.6428
3.726
3.728775
3.762625
3.779275
3.86575
4.03915
4.05615
4.060725
4.075925
4.1091
4.16545
4.2535
4.274025
4.281325
4.3685
4.38635
4.400775
4.431175
4.63015
4.694225
4.753325
4.7766
4.8828
4.91445
4.922
5.098575
5.206
5.436375
5.509375
5.80695
5.813925
5.8279
5.89215
5.9256
6.00785
6.059
6.116825
6.1233
6.138075
6.430825
6.593175
6.6632
6.892375
6.995525
7.3967
7.481075
7.505275
7.551575
7.773925
7.98375
8.086125
8.2438
8.490725
8.618025
8.8414
9.1103
9.292275
9.335275
9.43055
160
