0.195575
0.2993
0.327775
0.370875
0.3863
0.44155
0.447325
0.459925
0.47945
0.4872
0.51375
0.516725
0.535925
0.54465
0.56045
0.5629
0.56985
0.57485
0.58775
0.59475
0.60305
0.60515
0.619975
0.62015
0.626075
0.6597
0.662725
0.68395
0.684
0.69415
0.69545
0.717025
0.717375
0.721925
0.737075
0.7407
0.7745
0.7975
0.8026
0.814075
0.8159
0.8183
0.841825
0.842
0.85875
0.860075
0.866825
0.869725
0.91255
0.920925
0.92715
0.92835
0.964375
0.976925
1.004575
1.0231
1.037475
1.040625
1.053775
1.066775
1.0813
1.08145
1.093375
1.128675
1.153775
1.215675
1.275775
1.276025
1.281975
1.339575
1.39065
1.40045
1.40955
1.46795
1.471625
1.5027
1.50345
1.510075
1.59965
1.606
1.60695
1.622325
1.6691
1.711575
1.720525
1.740025
1.75085
1.8225
1.915125
1.918175
1.999525
2.009875
2.02775
2.11965
2.3479
2.455125
2.4834
2.48825
2.6503
2.70055
2.705475
2.726325
2.73825
2.747775
2.7999
2.909
3.002525
3.14075
3.176775
3.231625
3.299375
3.356475
3.4754
3.62085
3.67345
3.67645
3.724425
3.74075
3.933975
3.9391
3.959125
4.007675
4.214875
4.323875
4.492
4.583625
4.620575
4.7373
4.766775
4.781
4.788325
4.861025
4.8795
4.9719
5.0366
5.047275
5.280825
5.289125
5.3288
5.341125
5.3453
5.4349
5.44425
5.459125
5.686425
5.718975
5.8728
5.9167
5.983375
5.989825
6.18625
6.223275
6.255975
6.48365
6.53385
6.659025
6.68535
6.70875
6.77125
6.96065
7.11395
7.221775
7.253825
7.26005
7.51765
7.59595
7.67715
7.82505
7.95345
8.029725
8.153425
8.166675
8.251225
8.286275
8.5787
8.583025
8.731425
8.85345
9.14695
9.2786
9.5916
9.617175
9.829
9.9459
184
