0.32755
0.403425
0.411525
0.46485
0.465725
0.468325
0.4725
0.47595
0.479325
0.50675
0.511725
0.53485
0.56035
0.572275
0.575725
0.60785
0.614125
0.621975
0.6229
0.70725
0.711375
0.717725
0.727725
0.73345
0.735525
0.75635
0.756775
0.772025
0.778925
0.785625
0.78805
0.821875
0.83945
0.840225
0.849525
0.8722
0.891225
0.905775
0.922825
0.9431
0.972775
0.974
0.978575
0.987175
0.9881
1.04625
1.06095
1.0782
1.128825
1.140025
1.18065
1.22495
1.234075
1.25675
1.27995
1.3135
1.38395
1.42345
1.427475
1.439
1.549675
1.6163
1.6164
1.63505
1.70455
1.73195
1.763
1.7872
1.805525
1.853725
1.85455
1.89325
2.0249
2.05125
2.0607
2.08715
2.0915
2.3246
2.36345
2.37615
2.438825
2.464575
2.487275
2.5381
2.642575
2.72235
2.728175
2.7618
2.8355
2.868875
2.9046
3.00385
3.019175
3.06315
3.092975
3.166325
3.17275
3.29975
3.31585
3.337
3.361025
3.4419
3.44845
3.5396
3.549725
3.56535
3.74185
3.7902
3.79705
3.810575
3.830925
3.884375
3.88595
3.9851
4.00265
4.064
4.080825
4.132275
4.141775
4.210175
4.294725
4.4089
4.495425
4.58815
4.594525
4.604225
4.6458
4.652375
4.717275
4.74125
4.75195
4.799225
4.802725
4.8741
4.970175
5.186675
5.1961
5.20485
5.23575
5.30055
5.52075
5.709225
5.71405
5.7293
5.7797
5.837225
5.8575
6.021825
6.03515
6.060425
6.0804
6.11375
6.1517
6.195775
6.220075
6.256325
6.301575
6.330625
6.360975
6.4703
6.50835
6.55455
6.5565
6.612175
6.638625
7.625675
7.674575
7.7093
7.72415
7.877025
8.214975
8.22485
8.241525
8.44965
8.544
8.75935
8.8469
8.97965
9.020725
9.077275
9.105225
9.16815
9.246875
9.402025
9.894825
9.913875
9.982225
187
