0.225175
0.283325
0.39125
0.42455
0.439025
0.443675
0.48055
0.48865
0.51005
0.5196
0.53445
0.541425
0.5641
0.576175
0.614075
0.6168
0.626475
0.6338
0.63855
0.65255
0.6648
0.6711
0.6882
0.724475
0.74125
0.7424
0.744
0.754175
0.76575
0.767775
0.769675
0.773875
0.775475
0.783125
0.81765
0.82875
0.849925
0.856875
0.917675
0.918925
0.919875
0.9456
0.960925
0.97305
0.986825
1.0078
1.08265
1.1301
1.152875
1.204125
1.2393
1.317725
1.3605
1.3812
1.45565
1.513475
1.574
1.581925
1.66895
1.770225
1.83895
1.9878
2.002675
2.0217
2.101975
2.131675
2.148225
2.164725
2.17965
2.33605
2.3892
2.395075
2.452275
2.50675
2.523225
2.536275
2.541425
2.59325
2.7178
2.753925
2.8055
2.88615
2.925725
2.92615
2.9456
3.040675
3.072725
3.13065
3.165425
3.325475
3.341075
3.347875
3.57795
3.82
3.851975
4.00615
4.08095
4.12505
4.1909
4.199975
4.250475
4.387525
4.53125
4.616625
4.624675
4.6287
4.71405
4.743125
4.761025
4.8966
4.918225
5.086125
5.15005
5.225925
5.256875
5.371725
5.380475
5.6163
5.66815
5.749725
5.7732
5.854525
5.906025
5.9386
5.960525
6.0396
6.116375
6.15465
6.1994
6.301325
6.424425
6.50995
6.5625
6.72185
6.7835
6.934725
6.9386
6.981575
7.5184
7.569525
7.6519
7.827525
7.975275
8.054
8.0739
8.14965
8.183825
8.35825
8.53445
8.536775
8.657975
8.839575
8.971125
9.2156
9.563975
9.685625
9.842625
9.869775
9.90795
159
