0.0709
0.38055
0.486875
0.4893
0.5029
0.51435
0.514975
0.515025
0.519375
0.54005
0.5671
0.584
0.612125
0.62
0.6231
0.6253
0.63415
0.64005
0.661075
0.664125
0.66585
0.6743
0.6821
0.6866
0.689725
0.690375
0.699325
0.71045
0.71325
0.7269
0.727575
0.730075
0.7348
0.73505
0.760175
0.7799
0.7846
0.806325
0.8095
0.85955
0.8775
0.915225
0.9314
0.932575
1.00485
1.009
1.02875
1.074525
1.091875
1.221425
1.31695
1.32605
1.348525
1.410075
1.422075
1.467775
1.482425
1.511625
1.51425
1.5586
1.88875
1.97085
2.053975
2.071325
2.0919
2.131375
2.15095
2.185825
2.1993
2.222425
2.327475
2.35075
2.525875
2.537975
2.6414
2.65375
2.795425
2.87145
2.90265
3.015625
3.033675
3.069825
3.07775
3.23805
3.275275
3.27695
3.374175
3.4285
3.432975
3.5201
3.53325
3.713825
3.8877
4.0389
4.063175
4.1727
4.27715
4.296275
4.370675
4.5825
4.597825
4.708675
4.76495
4.878625
4.897275
4.89845
5.075175
5.170025
5.208675
5.36925
5.42545
5.49815
5.50615
5.6161
5.7861
5.82545
5.9136
5.935225
5.95605
6.150875
6.162425
6.289075
6.4747
6.4763
6.488725
6.516075
6.825125
6.84085
7.0637
7.070975
7.186225
7.474525
7.522575
7.615875
7.98715
8.143625
8.3142
8.381775
8.5557
8.822525
8.876225
8.97295
9.0242
9.04665
9.11895
9.1204
9.25805
9.342125
9.38585
9.3889
9.534725
9.5506
9.571325
9.581925
9.737275
155
