0.1194
0.26365
0.36555
0.46445
0.469325
0.4779
0.49965
0.51935
0.538175
0.572025
0.5835
0.60265
0.636775
0.664325
0.668975
0.69125
0.691275
0.69455
0.71415
0.75035
0.75145
0.7758
0.7973
0.7981
0.81635
0.8456
0.889525
0.9038
0.908775
0.916325
0.9614
0.96195
0.99885
1.015775
1.06775
1.105625
1.1422
1.20275
1.243875
1.258675
1.281625
1.311875
1.31425
1.321625
1.33425
1.37025
1.395825
1.4152
1.45745
1.4793
1.5087
1.63015
1.6481
1.64885
1.681025
1.68525
1.793375
1.87985
1.895975
1.927475
1.9469
2.008425
2.0566
2.060825
2.1022
2.207275
2.26105
2.3195
2.3424
2.4205
2.43345
2.540125
2.585675
2.711275
2.7735
2.776425
2.91665
2.92865
2.99515
3.04065
3.101725
3.1486
3.15245
3.232625
3.247125
3.256625
3.323125
3.324975
3.395775
3.524375
3.611925
3.6447
3.6723
3.71035
3.796425
3.858075
3.9632
3.996125
4.102425
4.1962
4.208475
4.238625
4.302425
4.40075
4.708675
4.77555
4.786775
4.897375
4.911175
4.9356
5.050525
5.162675
5.286575
5.38435
5.385625
5.46715
5.49975
5.507975
5.52345
5.52585
5.892475
5.991525
6.078825
6.1417
6.282275
6.37575
6.581575
6.607275
7.11655
7.12455
7.13395
7.530475
7.70115
7.709725
7.723125
7.770925
7.8866
7.93175
8.428925
8.58565
8.89585
8.9316
9.0121
9.057125
9.2872
9.6286
9.628975
9.705775
9.85975
9.89425
9.970925
151
