0.08245
0.12845
0.258325
0.4226
0.429975
0.43605
0.479225
0.524975
0.5412
0.55115
0.5689
0.581525
0.59115
0.596025
0.59905
0.60605
0.6093
0.6204
0.6411
0.657775
0.659875
0.680925
0.72095
0.7253
0.7345
0.734625
0.797075
0.79875
0.80295
0.81105
0.8257
0.876625
0.890525
0.89175
0.89495
0.896575
0.901375
0.9105
0.921325
0.93965
0.94405
0.960425
0.9687
0.9764
1.010325
1.021875
1.038075
1.084825
1.09165
1.10165
1.1024
1.10735
1.135025
1.1494
1.149775
1.162925
1.197275
1.20465
1.21045
1.224725
1.27155
1.300225
1.326225
1.32785
1.332275
1.35945
1.4033
1.40925
1.42405
1.431325
1.547375
1.5634
1.580975
1.58555
1.7735
1.83725
1.85925
1.925975
1.94505
1.9493
2.0079
2.059425
2.1311
2.216575
2.241825
2.34355
2.50055
2.515125
2.523425
2.7447
2.7628
2.813375
2.84185
2.87265
2.9239
3.09465
3.153125
3.186025
3.49335
3.599725
3.6383
3.70995
3.753675
3.783
3.80345
4.038075
4.085925
4.126125
4.1586
4.31685
4.5675
4.7386
4.7442
4.8449
5.126825
5.179275
5.32925
5.4401
5.4428
5.4815
5.5073
5.5132
5.53815
5.915425
6.124925
6.56545
6.642575
6.70395
6.749525
6.783325
6.79795
6.825725
6.846875
6.985775
7.1634
7.19555
7.243575
7.3759
7.45445
7.481675
7.491725
7.6579
7.7961
7.899
8.017275
8.10205
8.1167
8.234275
8.317175
8.36425
8.419525
8.4427
8.622225
8.71275
8.721175
8.804275
8.96005
9.167925
9.3218
9.447075
9.57595
161
