0.4411
0.4558
0.472125
0.483
0.4989
0.5093
0.5169
0.5213
0.52155
0.524025
0.53935
0.545675
0.54575
0.54835
0.548975
0.556675
0.5638
0.59335
0.614675
0.6422
0.64555
0.6706
0.67065
0.681425
0.708025
0.708425
0.71025
0.7154
0.71655
0.7189
0.7648
0.7777
0.781325
0.785325
0.799675
0.8175
0.81945
0.83155
0.8424
0.8915
0.900025
0.938475
0.938975
0.941225
0.95585
0.96835
0.97075
0.9732
1.01385
1.04295
1.061025
1.0634
1.0826
1.084525
1.12455
1.1308
1.149375
1.15875
1.218775
1.240175
1.2606
1.2637
1.29635
1.334975
1.341025
1.350825
1.3702
1.40855
1.43935
1.449275
1.4668
1.57185
1.605625
1.6935
1.7212
1.73095
1.74095
1.74155
1.80075
1.8038
1.818075
1.9138
1.931775
1.939325
1.9676
1.984075
2.01345
2.061675
2.065825
2.068875
2.08645
2.15405
2.17795
2.23305
2.297075
2.302325
2.307075
2.32005
2.44935
2.4587
2.54915
2.58915
2.642825
2.66065
2.7336
2.773375
2.8078
2.968175
2.982575
3.019175
3.019625
3.051375
3.256625
3.278175
3.31345
3.321
3.396425
3.444975
3.490075
3.67885
3.73305
3.735875
3.739925
3.983325
4.349075
4.359775
4.375325
4.465275
4.4781
4.49265
4.582625
4.61465
4.6501
4.66555
4.909425
4.957275
5.0707
5.139425
5.147875
5.199775
5.264725
5.30275
5.3161
5.49225
5.5285
5.7035
5.75955
5.87345
5.980575
6.207075
6.323375
6.400425
6.41935
6.549975
6.684925
6.749125
6.798375
6.799475
6.8711
7.13635
7.142125
7.273025
7.34655
7.5431
7.695675
7.698725
7.728075
7.82335
7.84455
7.888325
8.0025
8.10585
8.261675
8.2765
8.367975
8.41875
8.46705
8.800575
9.0007
9.06515
9.39735
9.44105
9.632
9.7762
9.941325
185
