0.274475
0.3154
0.406525
0.425675
0.43065
0.466475
0.482475
0.5068
0.545575
0.556025
0.558425
0.558475
0.5605
0.5927
0.597125
0.604475
0.618175
0.6453
0.66555
0.665625
0.667375
0.683075
0.686
0.6993
0.700525
0.7181
0.7183
0.725675
0.72795
0.736225
0.74495
0.75665
0.765475
0.80075
0.820575
0.820925
0.825975
0.838375
0.8607
0.885175
0.90115
0.9016
0.93945
1.0384
1.061575
1.079925
1.0886
1.117825
1.12155
1.166125
1.214025
1.24315
1.2636
1.3415
1.391625
1.39515
1.3998
1.432175
1.45625
1.4578
1.460275
1.465
1.608725
1.64255
1.6852
1.71765
1.73655
1.780475
1.78105
1.7814
1.86635
1.90895
2.00295
2.067
2.098975
2.223275
2.28565
2.288275
2.372425
2.4026
2.46875
2.4837
2.550675
2.624525
2.628725
2.641925
2.711575
2.880525
2.9529
3.0505
3.0619
3.252425
3.291475
3.354375
3.35505
3.379475
3.4356
3.55
3.574775
3.609825
3.674475
3.7402
3.752325
3.91605
3.9436
3.95275
4.045775
4.147875
4.1629
4.2051
4.225425
4.230525
4.233025
4.24455
4.25275
4.45925
4.498625
4.524625
4.533875
4.558225
4.597925
4.71245
4.7852
4.84
4.84205
4.952075
4.988475
5.03235
5.0377
5.0581
5.0989
5.108825
5.180125
5.447425
5.523425
5.539175
5.6625
5.786775
5.80695
6.1663
6.2348
6.3086
6.42545
6.518675
6.61205
6.6153
6.62905
6.862775
6.87905
6.918825
7.056
7.058625
7.084275
7.11335
7.14705
7.2453
7.600525
7.68105
8.049575
8.063325
8.129875
8.304825
8.372875
8.37575
8.5488
8.646825
8.6548
8.804725
8.847625
8.892975
9.050025
9.08825
9.120675
9.2259
9.415725
9.549
9.550325
9.560425
9.694225
9.7299
9.78985
9.9134
182
