0.10995
0.1843
0.23525
0.305325
0.381875
0.38455
0.422575
0.440875
0.448375
0.476375
0.478175
0.495875
0.500225
0.50605
0.511025
0.51265
0.5174
0.530375
0.56775
0.59895
0.609925
0.61215
0.64805
0.651725
0.6649
0.67155
0.68155
0.6881
0.692925
0.6939
0.713825
0.748025
0.766475
0.7691
0.76945
0.7726
0.78335
0.823175
0.828825
0.840525
0.8442
0.88275
0.889475
0.9324
0.951275
0.970925
1.024225
1.029825
1.039
1.0722
1.08
1.08315
1.100175
1.1724
1.237975
1.258325
1.269875
1.32505
1.342525
1.369425
1.41555
1.43175
1.488325
1.50245
1.692025
1.789775
1.86675
1.870875
1.918825
1.942325
1.982125
2.008225
2.1291
2.1404
2.237025
2.239675
2.3124
2.4391
2.4409
2.51985
2.67945
2.726725
2.75325
2.799575
2.811425
2.8516
2.868275
2.948725
2.949925
2.978975
3.00885
3.020025
3.08055
3.217525
3.24065
3.477425
3.537325
3.60155
3.6277
3.68235
3.727
3.785175
3.818625
3.9131
3.927275
3.929
4.089225
4.120725
4.25315
4.2703
4.409175
4.519075
4.582775
4.58865
4.590725
4.745125
4.781525
4.8216
5.472825
5.499275
5.630925
5.73245
5.855925
5.970475
6.093675
6.2533
6.399775
6.442625
6.5301
6.5804
6.652225
7.143275
7.197375
7.232125
7.270075
7.27835
7.3558
7.77955
7.9956
8.002975
8.031125
8.050575
8.2683
8.52305
8.9079
8.936475
8.966025
9.021775
9.0224
9.078025
9.1341
9.2206
9.379725
9.491575
9.56105
9.7131
9.84105
9.848875
158
