0.040625
0.06245
0.088075
0.2228
0.33635
0.462575
0.482
0.4968
0.498075
0.49995
0.501975
0.503725
0.507175
0.5082
0.512325
0.539675
0.5462
0.5469
0.5498
0.5526
0.55395
0.554
0.5773
0.579325
0.58005
0.590425
0.59805
0.605025
0.615475
0.62285
0.652075
0.66435
0.677175
0.697825
0.717775
0.7241
0.729825
0.746125
0.756225
0.77385
0.781125
0.79245
0.82115
0.823975
0.861875
0.86435
0.864925
0.869825
0.880975
0.89375
0.89595
0.922525
0.968725
0.989825
1.002425
1.014575
1.0312
1.036325
1.04675
1.0876
1.1374
1.1756
1.20055
1.20205
1.21685
1.226625
1.2891
1.294575
1.30065
1.300825
1.378925
1.400525
1.433525
1.45085
1.4765
1.532025
1.574875
1.60915
1.642725
1.697525
1.7107
1.735875
1.783275
1.812075
1.836925
1.8779
2.010775
2.026175
2.084675
2.092575
2.129575
2.2239
2.2296
2.25515
2.273
2.277725
2.29
2.301025
2.332575
2.352825
2.376425
2.4992
2.518875
2.6178
2.642125
2.704875
2.70595
2.71125
2.790925
2.821725
2.910775
2.918675
2.939275
2.96215
2.99405
3.05375
3.07305
3.1027
3.179525
3.218625
3.3479
3.44125
3.4827
3.56505
3.57285
3.743625
3.966775
4.012425
4.030925
4.053875
4.18415
4.248725
4.3898
4.6154
4.62835
4.680375
4.7676
4.788775
4.897575
4.936625
5.035875
5.4993
5.617375
5.647625
5.67125
5.67685
5.7257
5.73085
5.7521
5.819625
5.9188
6.0607
6.12495
6.128575
6.199025
6.3083
6.55765
6.590375
6.631375
6.7992
6.8931
6.9539
6.9842
6.992525
7.01565
7.1364
7.452625
7.54175
7.598175
7.7316
7.99235
7.993725
8.17455
8.217675
8.2995
8.305875
8.37825
8.41305
8.4821
8.76895
8.77775
8.900775
8.90785
8.917225
8.96265
9.2657
9.271875
9.468775
9.85695
189
