0.064725
0.066675
0.3835
0.484225
0.4851
0.489025
0.49355
0.495875
0.5035
0.5076
0.5091
0.513325
0.51675
0.524925
0.53205
0.54105
0.5533
0.563125
0.58055
0.58675
0.5929
0.608475
0.631575
0.6501
0.712675
0.7154
0.72155
0.7223
0.72355
0.730475
0.7581
0.7615
0.785425
0.801525
0.8155
0.8196
0.83515
0.8532
0.857575
0.92235
0.926025
0.94335
0.95
0.964875
0.96535
0.96895
0.969875
0.98425
1.05285
1.053225
1.0702
1.072025
1.077325
1.152075
1.1541
1.18965
1.199
1.271175
1.30365
1.304875
1.3067
1.318125
1.349325
1.3495
1.3788
1.3839
1.47475
1.520925
1.532075
1.53425
1.562025
1.567775
1.6843
1.728125
1.774975
1.802375
1.8059
1.841375
2.145525
2.158675
2.27895
2.278975
2.307775
2.325225
2.3327
2.349875
2.375125
2.426025
2.430775
2.457425
2.568525
2.6453
2.700175
2.767675
2.774525
2.78125
2.7821
2.8518
2.940075
3.013875
3.095375
3.175975
3.40525
3.488675
3.49445
3.60925
3.733525
3.74315
3.781525
3.795625
3.80965
3.876075
3.892325
3.915425
3.99875
4.034875
4.053275
4.1234
4.1955
4.204125
4.277225
4.306125
4.327775
4.40395
4.437175
4.5904
4.6734
4.770375
4.99075
4.999475
5.06965
5.20675
5.209925
5.308825
5.33085
5.355375
5.36655
5.37325
5.44145
5.5515
5.576575
5.628175
5.657925
5.66385
5.6872
5.766
5.8169
6.02685
6.067925
6.1028
6.103025
6.196275
6.402
6.435175
6.497275
6.646075
7.057725
7.063925
7.088725
7.366425
7.44425
7.4793
7.561875
7.6262
7.7145
7.793025
8.164225
8.23845
8.256525
8.305975
8.5999
8.737125
8.7415
8.892025
8.900275
8.910975
8.96885
9.0675
9.13535
9.562675
9.609375
9.71455
9.75815
9.804275
9.9658
9.969525
186
