0.141175
0.413275
0.43775
0.470975
0.472025
0.4762
0.48935
0.51555
0.520125
0.523225
0.533625
0.5441
0.55685
0.561075
0.5677
0.571925
0.5778
0.602025
0.6032
0.6186
0.6206
0.631125
0.631625
0.633975
0.6344
0.641025
0.6413
0.64315
0.64685
0.6528
0.655275
0.662275
0.6896
0.6974
0.698425
0.70295
0.703025
0.7105
0.7119
0.72505
0.7993
0.8054
0.827175
0.843325
0.845
0.87295
0.8878
0.90025
0.9115
0.925025
0.926725
0.954725
0.963325
0.9642
0.98185
1.0166
1.108075
1.1607
1.227075
1.2645
1.27595
1.292925
1.294275
1.373125
1.4319
1.448025
1.464
1.4655
1.493575
1.58885
1.6045
1.675975
1.679475
1.837525
1.859375
1.86225
1.883525
1.930325
1.937925
1.970375
2.026575
2.041075
2.1307
2.1478
2.15865
2.172525
2.177075
2.1815
2.18395
2.21115
2.2285
2.2484
2.26705
2.26755
2.30015
2.3478
2.3601
2.374825
2.406125
2.434675
2.47375
2.5486
2.727125
2.8442
3.165625
3.166775
3.213675
3.21985
3.225275
3.25095
3.285225
3.327675
3.36215
3.41165
3.5177
3.74125
3.751775
3.763925
3.829875
4.031425
4.0643
4.3148
4.452175
4.55635
4.644475
4.81265
4.848875
4.93095
5.01225
5.016775
5.2464
5.3176
5.32145
5.661375
5.697
6.10075
6.132825
6.146175
6.16475
6.48775
6.50955
6.60095
6.724675
6.7517
6.882425
6.988075
7.215325
7.32765
7.355775
7.42985
7.451575
7.4678
7.6078
7.664175
7.76875
7.82325
8.084225
8.173075
8.176075
8.27705
8.2848
8.641375
8.88575
8.9037
9.036125
9.0692
9.09665
9.234425
9.38375
9.4883
9.6332
9.77375
9.782625
9.832375
9.88345
175
