0.150125
0.410125
0.4219
0.440575
0.46805
0.475675
0.47615
0.4902
0.492525
0.50205
0.5093
0.5138
0.518225
0.5183
0.5245
0.55375
0.5673
0.576975
0.583275
0.611775
0.61185
0.61515
0.63905
0.642275
0.64335
0.65245
0.65985
0.694575
0.695825
0.70855
0.719425
0.733475
0.7378
0.743325
0.750675
0.7587
0.81415
0.820225
0.86185
0.88035
0.8898
0.890325
0.9001
0.906775
0.90685
0.910575
0.9701
0.9848
1.027375
1.063775
1.07915
1.11055
1.112425
1.178
1.196875
1.23285
1.25455
1.29975
1.3105
1.34395
1.382125
1.416375
1.4997
1.53985
1.611175
1.9176
2.162675
2.178425
2.23005
2.2728
2.287525
2.3409
2.475225
2.479175
2.6082
2.8888
2.9064
2.927375
2.935225
3.1544
3.309075
3.332175
3.42635
3.4627
3.4887
3.53555
3.54145
3.6116
3.91015
3.94475
3.9881
4.090775
4.197875
4.2189
4.23425
4.3726
4.443925
4.4511
4.453525
4.4548
4.64815
4.7096
4.738775
4.8201
4.841225
4.961475
5.0244
5.0541
5.3996
5.500525
5.504825
5.524175
5.7381
5.7408
5.785975
5.978175
5.993125
6.037775
6.041225
6.072275
6.145675
6.167775
6.288625
6.364425
6.4524
6.491425
6.6567
6.8048
6.89685
7.110775
7.1559
7.238325
7.245575
7.2698
7.400025
7.418525
7.57065
7.820275
7.869275
7.871325
8.1071
8.185725
8.20325
8.29965
8.407125
8.45895
8.4791
8.593825
8.657075
8.728875
8.7321
8.854825
8.9956
9.123925
9.17405
9.264175
9.362025
9.406775
9.410575
9.4593
9.579475
9.65195
9.8389
9.9162
164
