0.01435
0.018025
0.056425
0.16215
0.2327
0.26825
0.33785
0.4246
0.44805
0.480325
0.4888
0.50175
0.5111
0.527225
0.53365
0.546725
0.5556
0.55695
0.5976
0.600575
0.620125
0.622175
0.641825
0.647475
0.65515
0.677375
0.678525
0.690375
0.7028
0.7072
0.73005
0.74685
0.760575
0.76085
0.78195
0.795525
0.817375
0.81805
0.826125
0.831025
0.8632
0.870025
0.8891
0.893775
0.912675
0.9189
1.064925
1.120275
1.129425
1.15555
1.1905
1.215075
1.253975
1.264675
1.282925
1.346125
1.403475
1.4256
1.453625
1.45935
1.4952
1.543975
1.5751
1.6484
1.720025
1.7247
1.7298
1.743725
1.74705
1.7738
1.859175
1.86745
1.86955
1.886675
1.96235
2.083925
2.145975
2.199925
2.3083
2.3361
2.35455
2.36795
2.4693
2.516225
2.5579
2.583075
2.69725
2.70995
2.8402
2.91555
2.91765
2.977125
3.035825
3.207275
3.27515
3.339
3.6013
3.6244
3.82445
3.824525
3.831525
3.867075
4.266225
4.37685
4.3911
4.39685
4.4194
4.454675
4.52455
4.526825
4.57355
4.669275
4.761875
4.771525
4.947925
4.951
4.95565
5.087025
5.101775
5.112425
5.146
5.21735
5.54855
5.5672
5.6357
5.8505
5.98215
6.0646
6.11335
6.118
6.289675
6.32615
6.39315
6.702475
6.79135
6.8411
7.0198
7.259075
7.386175
7.389825
7.80655
8.1746
8.580375
8.669125
8.7484
8.927875
9.068075
9.2858
9.425275
9.6771
9.701325
9.742625
9.879175
153
