0.326825
0.4557
0.464475
0.47835
0.49895
0.502625
0.512575
0.5228
0.523675
0.556875
0.5867
0.5893
0.60305
0.615825
0.63005
0.640525
0.64945
0.67915
0.689975
0.717525
0.7213
0.727575
0.736275
0.75055
0.8257
0.86375
0.8744
0.87925
0.9327
1.04235
1.064325
1.072175
1.1135
1.136075
1.17885
1.199575
1.206775
1.2157
1.23345
1.246325
1.2622
1.273525
1.336075
1.362875
1.416675
1.4189
1.432375
1.4379
1.492825
1.493025
1.5191
1.54575
1.573975
1.57825
1.612325
1.6835
1.755525
1.76365
1.770575
1.833325
2.00535
2.02285
2.02345
2.0787
2.083075
2.087925
2.12135
2.1229
2.1605
2.178275
2.2669
2.299
2.304275
2.317075
2.324525
2.32675
2.39455
2.40525
2.40835
2.410925
2.5571
2.633775
2.7276
2.740275
2.7454
2.774125
2.802625
2.83705
2.942275
3.056525
3.076
3.189575
3.1962
3.226725
3.3444
3.5408
3.57285
3.71145
3.85575
3.859725
3.942425
4.0381
4.05185
4.072325
4.1153
4.117775
4.12835
4.3889
4.397225
4.50185
4.5063
4.83505
4.87235
4.93275
4.962975
5.099175
5.22165
5.356625
5.4493
5.537575
5.632225
5.752975
5.78045
6.0911
6.17355
6.188125
6.498375
6.54175
6.7507
6.95395
7.21255
7.2254
7.228725
7.372575
7.591075
7.672325
7.6963
7.7651
8.25745
8.3625
8.402125
8.676925
8.82835
8.88815
8.89595
9.25165
9.33525
9.398225
9.57675
9.83085
9.905125
9.958175
152
