0.066475
0.1642
0.184675
0.2258
0.421875
0.46955
0.484925
0.50965
0.5233
0.532025
0.5508
0.5714
0.601575
0.606675
0.607875
0.6315
0.6332
0.6457
0.664475
0.67485
0.676775
0.684775
0.6897
0.69965
0.731525
0.743625
0.7684
0.7686
0.795675
0.796025
0.815225
0.839525
0.8492
0.8599
0.88965
0.9085
0.923325
0.970275
0.971125
0.97625
1.030225
1.0348
1.03835
1.050425
1.116925
1.145575
1.1595
1.193025
1.19705
1.3618
1.39835
1.4842
1.549475
1.55005
1.59615
1.626875
1.672325
1.6894
1.706325
1.7624
1.7653
1.79355
1.83345
1.9275
1.92755
1.99715
2.017275
2.087825
2.102375
2.287375
2.3139
2.325075
2.476375
2.504375
2.509975
2.519175
2.5386
2.549825
2.552425
2.58515
2.59555
2.6643
2.7307
2.795075
2.841775
2.848125
2.87145
2.99
3.036025
3.06145
3.16175
3.16965
3.246225
3.309425
3.383
3.45015
3.58465
3.61495
3.694825
3.76135
3.7671
3.833875
3.83435
3.84675
3.959025
4.014575
4.0411
4.163025
4.2879
4.297825
4.645025
4.762
4.766375
4.84335
4.936475
4.988
5.026475
5.039675
5.065775
5.068275
5.162225
5.2543
5.402525
5.4864
5.6184
5.72655
5.7296
5.7999
5.8336
5.8463
5.8799
5.882025
5.964975
6.00835
6.081275
6.106
6.138675
6.139975
6.254775
6.261325
6.34455
6.386725
6.388
6.585
6.820125
6.92495
7.2352
7.431475
7.499525
7.626475
7.732375
7.978525
8.0457
8.10515
8.120975
8.192325
8.268425
8.39295
8.423325
8.437875
8.4933
8.508325
8.62975
8.64505
8.906475
8.91295
8.97065
9.114325
9.370875
9.432975
9.561275
9.655425
9.698525
9.798
9.87705
9.913275
9.918875
177
