0.23695
0.362025
0.369425
0.3734
0.42095
0.452375
0.4685
0.469975
0.50115
0.507475
0.50945
0.544975
0.55465
0.56575
0.5658
0.592575
0.6122
0.6227
0.643725
0.644875
0.6457
0.659025
0.6676
0.69955
0.70195
0.7134
0.714075
0.718725
0.7299
0.73125
0.745775
0.756125
0.765025
0.77335
0.774325
0.781225
0.78975
0.809575
0.8202
0.8319
0.84025
0.8493
0.8622
0.88485
0.8977
0.902175
0.914025
0.9253
0.932075
0.935825
0.94515
0.969225
0.9707
0.973725
0.976975
0.9773
1.046675
1.050475
1.053675
1.085125
1.135425
1.153875
1.15745
1.1739
1.17575
1.21475
1.275575
1.302375
1.36135
1.387975
1.3942
1.4533
1.533875
1.5363
1.53815
1.56915
1.58485
1.5862
1.654975
1.83655
1.87695
1.91075
2.008825
2.068175
2.1321
2.169275
2.174925
2.28975
2.395
2.459625
2.46785
2.502525
2.560625
2.574375
2.5781
2.7675
2.80965
2.814275
2.88935
2.923825
2.985075
2.999025
3.1358
3.18375
3.269775
3.33415
3.379925
3.402725
3.530525
3.5355
3.68555
3.8518
3.872325
3.9202
3.9754
3.979875
3.9857
4.00325
4.288
4.57525
4.60985
4.70115
4.732875
4.8086
4.8119
4.86595
4.997825
5.155275
5.1742
5.1796
5.1936
5.339375
5.4152
5.559925
5.737125
5.9882
6.055875
6.1571
6.165925
6.221825
6.244125
6.4285
6.43245
6.451875
6.49425
6.630225
6.700925
6.713525
6.714725
6.75975
6.855075
7.031325
7.0795
7.107175
7.195
7.2209
7.32385
7.424025
7.490825
7.65685
7.7202
7.755
7.769175
7.87575
7.9606
7.962425
8.107375
8.189125
9.398225
9.8762
9.975025
171
