0.332625
0.372
0.378175
0.50695
0.51085
0.527025
0.530475
0.5308
0.531075
0.535075
0.54525
0.547525
0.548575
0.559625
0.562475
0.56295
0.577325
0.580875
0.60125
0.61465
0.6191
0.6206
0.676625
0.6777
0.69425
0.70005
0.71635
0.71775
0.72895
0.74185
0.759225
0.76555
0.768375
0.817
0.870775
0.8735
0.89345
0.911175
0.9326
0.942925
0.9492
0.9898
0.99905
1.0146
1.01825
1.0263
1.028975
1.0329
1.041775
1.044025
1.049275
1.07525
1.109725
1.143075
1.200125
1.206575
1.255675
1.289325
1.29895
1.30005
1.329875
1.3519
1.43015
1.472975
1.5151
1.5581
1.650375
1.8053
1.82575
1.92195
2.017375
2.0668
2.124125
2.16205
2.203025
2.2378
2.39165
2.4914
2.694675
2.718225
2.719175
2.72385
2.819875
2.8657
3.000225
3.0055
3.0765
3.0864
3.13345
3.20395
3.258325
3.316725
3.377725
3.45095
3.520325
3.5283
3.5581
3.592375
3.608225
3.7613
3.773875
3.823275
3.844825
3.906025
4.08065
4.09215
4.118625
4.1673
4.232125
4.346525
4.4443
4.498275
4.945625
5.135475
5.186625
5.237675
5.261675
5.374275
5.5665
5.57815
5.990425
5.99145
6.284375
6.3703
6.3707
6.382425
6.549225
6.647275
6.699825
6.724925
6.746725
7.137875
7.150575
7.310225
7.498575
7.553475
7.570375
7.6536
7.808
7.84325
8.015225
8.109775
8.167575
8.2344
8.236125
8.40515
8.532325
8.93185
9.204525
9.2183
9.53985
9.56585
9.680025
9.95745
9.98855
155
