0.0896
0.3548
0.4708
0.4867
0.50825
0.5179
0.534075
0.53625
0.5435
0.554
0.557175
0.565425
0.593325
0.6068
0.633425
0.64355
0.6551
0.669025
0.672675
0.6752
0.685225
0.69245
0.7112
0.716425
0.7176
0.7258
0.729425
0.743275
0.7699
0.797975
0.839225
0.841875
0.870225
0.894175
0.9116
0.92805
0.947325
0.957
0.99665
1.011675
1.012625
1.018525
1.067725
1.078825
1.08115
1.087075
1.161875
1.2106
1.212075
1.256025
1.283125
1.369625
1.459275
1.4624
1.478025
1.485825
1.521375
1.545525
1.54685
1.556025
1.56995
1.653175
1.65425
1.759225
1.79655
1.86485
1.9516
2.00185
2.034175
2.10305
2.11195
2.150525
2.153825
2.17565
2.197525
2.212575
2.35735
2.3844
2.4157
2.416925
2.50735
2.51155
2.51785
2.55895
2.5623
2.565
2.72295
2.754975
2.8586
2.95365
2.96825
3.1848
3.188
3.2073
3.481875
3.507975
3.61595
3.665725
3.68425
3.823275
3.8313
3.8797
3.893525
3.904925
3.94755
3.98655
3.98765
3.99435
4.05505
4.095
4.190025
4.2544
4.27935
4.31465
4.321675
4.493625
4.6463
4.67445
4.6954
4.779375
4.84725
4.87915
4.897825
4.977375
5.118625
5.15305
5.2676
5.4355
5.9717
6.026825
6.175725
6.26655
6.29295
6.5145
6.524175
6.646925
6.73605
6.909
6.97445
7.0182
7.11375
7.1506
7.294775
7.3461
7.4348
7.558
7.578925
7.75705
7.833425
8.1803
8.3978
8.436375
8.561525
9.0276
9.18375
9.2456
9.625475
9.687125
9.6984
9.7696
9.77875
9.84055
9.844
9.950775
164
