0.1482
0.229525
0.431025
0.452075
0.491525
0.51135
0.5234
0.545275
0.558
0.571775
0.576525
0.582325
0.609825
0.614
0.624125
0.63405
0.644225
0.648
0.652675
0.654175
0.711625
0.71225
0.71975
0.729825
0.7396
0.74805
0.757075
0.75725
0.7878
0.78965
0.8432
0.86045
0.886375
0.9136
0.952375
0.9918
0.993575
1.00325
1.0049
1.009575
1.050075
1.05055
1.05105
1.06165
1.084425
1.137075
1.1444
1.184625
1.2039
1.2536
1.27175
1.371275
1.3719
1.372375
1.37295
1.396975
1.447125
1.59595
1.686375
1.859725
1.9071
1.94735
1.9668
2.0546
2.078275
2.2454
2.349075
2.362725
2.406075
2.523525
2.541825
2.5651
2.593825
2.656025
2.751575
2.8446
2.886625
2.91065
2.911975
2.921375
2.939025
2.9587
3.103875
3.2349
3.236425
3.286075
3.2943
3.365325
3.4199
3.42435
3.568875
3.5864
3.643125
3.66715
3.71995
3.8033
3.80475
3.88875
3.94285
3.9652
4.22335
4.2922
4.39805
4.4984
4.503
4.70515
5.37515
5.438075
5.461925
5.64185
5.76225
5.7925
5.814525
6.216175
6.262525
6.283375
6.350575
6.356925
6.707225
7.070775
7.093425
7.1591
7.64965
7.759425
7.82135
7.972975
7.973125
8.029925
8.050975
8.1997
8.3928
8.472975
9.134275
9.238225
9.5412
9.597175
9.783225
137
