0.0184
0.49825
0.5018
0.50465
0.5072
0.52945
0.545025
0.548125
0.5503
0.55675
0.565375
0.57135
0.5978
0.605775
0.62525
0.631
0.646
0.654725
0.6666
0.676575
0.67885
0.6821
0.69585
0.701425
0.704825
0.711975
0.7271
0.743925
0.799
0.8031
0.822475
0.863525
0.865725
0.8759
0.8768
0.893175
0.928275
0.942975
0.969825
0.97705
0.99625
1.01445
1.021
1.029725
1.035925
1.083375
1.086625
1.23095
1.2594
1.271125
1.33415
1.404475
1.536475
1.582775
1.59915
1.64425
1.6612
1.6924
1.742775
1.744975
1.88355
1.955
1.9821
1.98265
2.090125
2.16635
2.235825
2.275925
2.3736
2.46955
2.5712
2.6859
2.734775
2.805675
2.933225
2.974825
3.0946
3.137425
3.1984
3.3173
3.38425
3.438775
3.5828
3.6146
3.6613
3.662725
3.701475
3.7383
3.78605
3.7963
3.828575
3.888625
4.08035
4.12625
4.2393
4.4004
4.45125
4.5107
4.70085
4.702825
4.713225
4.9009
4.925
4.96125
4.978275
4.995875
5.43405
5.436225
5.445625
5.586125
5.781125
5.796925
5.852675
5.8679
5.872675
5.92345
5.928125
6.0458
6.13935
6.1948
6.39975
6.57995
6.765825
6.801175
6.82515
6.92135
7.063775
7.1866
7.247025
7.342425
7.442125
7.497575
7.537575
7.55335
7.633025
7.66775
7.86605
7.997825
8.02915
8.06175
8.293875
8.440625
8.494625
8.61445
9.11005
9.371075
9.4033
9.531925
9.897875
9.990925
150
