0.0682
0.11395
0.314725
0.441025
0.47655
0.47795
0.49625
0.497925
0.5208
0.52485
0.5288
0.5311
0.54005
0.540925
0.5456
0.558475
0.56865
0.57305
0.5833
0.6121
0.621275
0.641175
0.64635
0.653275
0.659425
0.731425
0.7468
0.74975
0.786275
0.7863
0.8376
0.841125
0.8642
0.894975
0.89535
0.90075
0.902075
0.933
0.9509
0.973575
0.994425
1.0053
1.02905
1.038475
1.045625
1.05955
1.064625
1.09755
1.115075
1.27315
1.2777
1.278075
1.330325
1.3328
1.337825
1.36755
1.367775
1.383825
1.422475
1.4557
1.456375
1.4605
1.546675
1.6114
1.874775
1.988875
2.132975
2.19565
2.215675
2.2859
2.300875
2.313975
2.3524
2.35845
2.485575
2.590125
2.6393
2.662775
2.66745
2.782925
2.93025
2.9467
2.948775
2.949
2.99155
3.0381
3.159225
3.23205
3.274675
3.333125
3.398425
3.399625
3.403925
3.5374
3.5453
3.76
3.903625
3.91405
3.92005
3.959575
4.127725
4.34355
4.41285
4.4204
4.502325
4.7442
4.92075
4.992625
5.1143
5.14065
5.180275
5.210125
5.2294
5.259625
5.28125
5.285175
5.31395
5.52435
5.561625
5.5786
5.6895
5.99405
5.9995
6.028225
6.059675
6.19115
6.4009
6.419625
6.5121
6.6049
6.881525
6.91615
7.011775
7.0273
7.030725
7.0321
7.103125
7.231925
7.372
7.557425
7.587925
7.7194
8.014425
8.258975
8.268
8.721425
8.84665
9.0897
9.2423
9.32555
9.59565
9.68435
9.705325
9.706675
9.965275
155
