0.21665
0.280375
0.406675
0.4386
0.442
0.4469
0.472275
0.475325
0.490525
0.490675
0.49825
0.509575
0.51265
0.52895
0.529425
0.53715
0.538425
0.5531
0.5606
0.572125
0.57355
0.582975
0.594825
0.601775
0.6037
0.612625
0.671025
0.7365
0.759375
0.775575
0.77675
0.7782
0.82145
0.83
0.8524
0.861875
0.862025
0.873325
0.874175
0.890375
0.900775
0.906625
0.912575
0.9131
0.95035
0.9634
0.9832
1.050975
1.07685
1.0872
1.097625
1.162025
1.191375
1.2678
1.2879
1.29675
1.30815
1.310925
1.32825
1.3583
1.3631
1.41395
1.430575
1.43645
1.458725
1.4789
1.486225
1.4991
1.5862
1.59735
1.60755
1.65085
1.67455
1.745375
1.79115
1.79905
1.937825
2.13335
2.1788
2.401225
2.489675
2.5641
2.648175
2.6527
2.666275
2.733075
2.91445
2.99665
3.003825
3.0153
3.040825
3.05175
3.08335
3.104775
3.1298
3.193825
3.4195
3.423925
3.5127
3.55405
3.665125
3.9034
3.910775
4.047725
4.05165
4.059725
4.225775
4.352675
4.44465
4.468675
4.49715
4.77375
4.7762
4.89575
5.083725
5.41015
5.4583
5.480575
5.4909
5.499725
5.514675
5.64335
5.745125
6.410075
6.44315
6.69045
6.8707
6.9386
6.97145
7.028225
7.039925
7.054725
7.089925
7.202025
7.390175
7.4011
7.40525
7.518925
7.756775
8.0797
8.1237
8.126475
8.227275
8.323275
8.328525
8.403475
8.42455
8.435575
8.534675
8.649625
8.781075
9.068725
9.0923
9.212875
9.362575
9.3763
9.48785
9.5029
9.667125
9.76375
9.77525
9.871475
9.927325
163
