0.121
0.142875
0.460075
0.4671
0.4734
0.508025
0.544075
0.5515
0.55825
0.561575
0.5936
0.597525
0.610425
0.6131
0.618125
0.6325
0.640975
0.647875
0.648825
0.6496
0.661725
0.688325
0.689025
0.689225
0.6975
0.726075
0.784675
0.812525
0.81425
0.890075
0.896225
0.908325
0.956425
0.9649
0.97865
0.980175
0.99665
1.025425
1.077475
1.079175
1.1146
1.1736
1.2399
1.242625
1.262625
1.2654
1.307975
1.3156
1.34345
1.369075
1.38465
1.4121
1.44965
1.477175
1.61415
1.72735
1.80395
1.903625
2.06645
2.068975
2.1115
2.202675
2.321475
2.41625
2.453175
2.4911
2.49435
2.539025
2.580675
2.59255
2.624125
2.69795
2.70295
2.71365
2.848925
2.930275
2.96655
3.0391
3.06315
3.1139
3.303825
3.338375
3.419475
3.46435
3.61075
3.65485
3.7753
3.77985
3.86175
3.921625
3.9325
4.067375
4.124275
4.279875
4.3054
4.350225
4.475225
4.58335
4.59255
4.898
4.900825
4.9785
5.10615
5.37045
5.41425
5.456525
5.49945
5.5396
5.6013
5.632775
5.692275
5.809575
5.963575
5.996325
6.0015
6.006725
6.024975
6.1458
6.235825
6.298675
6.320575
6.35535
6.435725
6.5006
6.562725
6.767775
6.818125
6.998775
7.352975
7.389625
7.770975
7.869025
7.8732
7.9951
8.154075
8.740325
8.7719
8.85085
8.877825
8.9926
9.37825
9.430975
9.590775
9.72315
9.9173
145
