0.0489
0.137375
0.235725
0.348275
0.427075
0.47275
0.474925
0.5134
0.518375
0.52355
0.53135
0.531825
0.5357
0.5409
0.543975
0.5469
0.555275
0.567875
0.577625
0.596375
0.596825
0.608025
0.62815
0.650625
0.655575
0.6856
0.685925
0.7492
0.74995
0.753275
0.76105
0.761775
0.7737
0.80375
0.8131
0.823275
0.837175
0.837675
0.83825
0.84895
0.873275
0.9021
0.9124
0.92295
0.96615
0.972175
0.9868
1.01795
1.141725
1.197875
1.223825
1.2444
1.2477
1.25435
1.289625
1.301625
1.31255
1.37355
1.467275
1.60495
1.642675
1.64505
1.650875
1.652325
1.8724
1.878
1.981625
2.0923
2.09565
2.146825
2.162325
2.2592
2.406175
2.44105
2.551325
2.58615
2.656625
2.66045
2.71425
2.7398
2.780825
2.8506
2.889975
2.9318
3.1889
3.217975
3.33315
3.44415
3.5666
3.59715
3.718425
3.739775
3.8174
3.861875
3.922
4.021675
4.0342
4.06395
4.064175
4.089475
4.150125
4.19085
4.28695
4.28755
4.3141
4.375125
4.43075
4.46085
4.482575
4.5471
4.5655
4.5952
4.926975
5.256125
5.297725
5.346275
5.3508
5.3893
5.467225
5.54805
5.584725
5.62265
5.71135
5.758825
5.8391
5.944475
6.375075
6.5801
7.004925
7.076075
7.15575
7.161625
7.164425
7.2067
7.5369
7.604075
7.60875
7.653175
7.727725
7.769125
7.893975
8.0364
8.22035
8.30875
8.5721
8.66935
8.979
9.0536
9.231875
9.507975
9.551725
9.5641
9.5923
9.760725
154
