0.16755
0.279475
0.414925
0.425675
0.439525
0.461275
0.474475
0.4804
0.5312
0.543025
0.545775
0.556375
0.569925
0.600775
0.605125
0.60585
0.611125
0.6465
0.66355
0.679725
0.679925
0.690975
0.693525
0.70325
0.70985
0.72385
0.75485
0.755
0.756125
0.783475
0.80185
0.8085
0.8308
0.84085
0.868975
0.88065
0.8963
0.917175
0.96645
0.9932
0.99975
1.013725
1.021325
1.099925
1.18535
1.2023
1.217725
1.2307
1.285875
1.294375
1.317675
1.33455
1.398325
1.43075
1.4431
1.469425
1.607225
1.670575
1.691975
1.770275
1.777325
1.787675
1.7899
1.801025
1.8235
1.949425
2.121025
2.208775
2.2161
2.26615
2.454025
2.46195
2.4918
2.52715
2.5514
2.656875
2.727575
2.82275
2.901725
2.931625
3.03595
3.0661
3.120925
3.185325
3.260975
3.2652
3.284875
3.29885
3.403675
3.4049
3.478475
3.57405
3.7598
3.771625
3.90735
4.009475
4.02205
4.3028
4.36625
4.382725
4.45525
4.515475
4.56055
4.566025
4.57335
4.66505
4.7257
4.836625
4.84075
4.969675
5.04395
5.237825
5.2483
5.271225
5.370075
5.42215
5.487075
5.567075
5.58285
5.640775
5.644625
5.899475
5.934125
6.0569
6.06985
6.21265
6.341825
6.358425
6.540125
6.61895
6.63165
6.7625
6.894675
6.920175
6.923775
7.007725
7.027675
7.190725
7.19785
7.255125
7.38465
7.3984
7.46215
7.62155
7.625375
7.666825
7.6709
8.05975
8.335625
8.378475
8.470775
8.555925
8.804025
8.8897
8.9599
9.0165
9.3107
9.479025
9.4935
9.615775
9.684425
9.73035
162
