0.085775
0.406125
0.449875
0.4751
0.483125
0.49105
0.502
0.51505
0.5338
0.5415
0.542825
0.5482
0.555475
0.55755
0.558025
0.558225
0.562875
0.563575
0.56995
0.579625
0.589175
0.6215
0.62715
0.650925
0.657
0.663275
0.671775
0.6892
0.691925
0.71355
0.723775
0.72705
0.746275
0.75505
0.762875
0.764975
0.811875
0.8174
0.8454
0.8578
0.862625
0.86395
0.915175
0.915725
0.926525
0.96455
0.984975
0.9945
1.013425
1.058225
1.0694
1.08305
1.0873
1.103025
1.10575
1.120575
1.20435
1.2166
1.220475
1.255825
1.2886
1.29265
1.309925
1.314675
1.3309
1.398375
1.456275
1.467575
1.477975
1.497975
1.50535
1.5198
1.5206
1.560275
1.57445
1.595925
1.6004
1.6132
1.63685
1.658575
1.7269
1.798
1.811925
1.836425
1.8651
1.8997
1.958925
1.989075
2.0307
2.07915
2.18055
2.19085
2.228
2.24755
2.256525
2.28685
2.298025
2.315975
2.326525
2.3311
2.37905
2.3819
2.431875
2.45245
2.456975
2.507325
2.5306
2.7568
2.85695
2.864125
2.909725
3.058425
3.3806
3.39565
3.396175
3.483575
3.578825
3.73005
3.8529
3.889
3.901175
3.9126
4.222925
4.224175
4.2986
4.318225
4.32655
4.357025
4.5816
4.92955
4.938375
5.035875
5.264075
5.28305
5.30265
5.381975
5.439675
5.4507
5.468175
5.6318
5.704825
5.74905
5.798
5.9846
6.2824
6.5172
6.5302
6.675275
6.738475
6.8464
6.871225
7.023975
7.14945
7.15665
7.185375
7.328475
7.568125
7.721825
7.7744
7.7981
7.8504
8.446125
8.563375
8.930675
8.967425
9.1714
9.23875
9.25345
9.3347
9.467925
9.4813
9.985125
172
