0.2403
0.29025
0.3074
0.4063
0.41105
0.430475
0.45075
0.4854
0.487375
0.493525
0.494925
0.49505
0.496125
0.504225
0.5102
0.517275
0.527575
0.528525
0.53075
0.533825
0.542525
0.58615
0.58655
0.59975
0.60595
0.611325
0.611875
0.625475
0.625625
0.643325
0.6515
0.655525
0.6588
0.697375
0.74455
0.753775
0.755275
0.757925
0.82635
0.85185
0.881675
0.8969
0.959
0.96975
0.974725
0.9818
1.03665
1.08815
1.08975
1.1271
1.16535
1.263625
1.282725
1.310725
1.321
1.3638
1.3726
1.39595
1.461975
1.4631
1.496175
1.517725
1.59245
1.7447
1.778625
1.807475
1.889225
1.969425
2.03435
2.1796
2.1967
2.229425
2.241425
2.2424
2.297425
2.4138
2.450275
2.454925
2.45735
2.48235
2.602975
2.677975
2.71055
2.7619
2.890525
2.90015
2.938925
2.94075
2.991875
3.09625
3.138925
3.336125
3.3975
3.42495
3.431175
3.48785
3.638425
3.66045
3.68365
3.7694
3.841525
3.923075
4.0829
4.127525
4.164925
4.170225
4.17955
4.327575
4.33065
4.377675
4.42615
4.54865
4.58205
4.6789
4.709725
4.718425
4.784325
4.80245
4.831125
4.83305
4.920725
4.987375
5.0092
5.146625
5.194825
5.31765
5.331625
5.53745
5.618225
5.77355
6.0013
6.061775
6.10115
6.14065
6.21285
6.48005
6.49995
6.5339
6.55775
6.600925
6.628625
6.651775
7.12345
7.317775
7.349375
7.455075
7.80625
7.8718
7.9025
7.95345
7.992625
8.028175
8.148775
8.266075
8.3182
8.417925
8.471475
8.539625
8.58695
8.639925
8.65765
8.959925
9.09065
9.148775
9.322075
9.35115
9.5318
9.944125
9.99005
169
