0.204775
0.206275
0.421725
0.427125
0.456875
0.464975
0.48565
0.49685
0.498225
0.511075
0.52005
0.520925
0.522475
0.531425
0.544725
0.5555
0.56335
0.572475
0.58855
0.62415
0.632325
0.637175
0.6396
0.647725
0.6575
0.672325
0.697325
0.698425
0.7046
0.713
0.7303
0.744375
0.758675
0.770775
0.7784
0.790725
0.794575
0.799925
0.81525
0.8306
0.850275
0.887
0.925425
0.933325
0.93475
0.9392
0.939825
0.978075
0.97815
1.027925
1.03555
1.0467
1.074125
1.086725
1.14025
1.16325
1.1732
1.1886
1.202725
1.21925
1.2467
1.33035
1.3717
1.4164
1.422
1.434875
1.509325
1.522275
1.5551
1.64035
1.7292
1.845225
1.8934
1.923225
1.942175
1.9745
2.025075
2.054675
2.07655
2.145125
2.207225
2.23945
2.281375
2.303825
2.305675
2.33655
2.42995
2.447375
2.460475
2.487625
2.4884
2.6527
2.689825
2.73975
2.773625
2.902775
2.9525
3.01515
3.064175
3.1436
3.21215
3.404725
3.42015
3.434675
3.540525
3.575375
3.5812
3.601225
3.654325
3.671
3.733175
3.7444
3.86575
4.121025
4.263975
4.47785
4.6612
4.684
4.778925
4.79285
4.801675
4.907225
5.04655
5.091
5.109675
5.330125
5.455825
5.4992
5.6325
5.931875
6.027325
6.045025
6.1791
6.3269
6.45635
6.5078
6.62945
6.7611
7.041275
7.2245
7.640725
7.70485
7.810575
7.880275
7.88535
7.90785
7.948575
8.2585
8.280425
8.294875
8.29985
8.327325
8.343875
8.54995
8.620725
8.739275
8.79525
8.81705
8.858025
8.914425
9.014475
9.433275
9.438825
9.672625
9.716675
9.756075
9.9103
167
