0.059575
0.06435
0.284775
0.31945
0.438425
0.44565
0.479325
0.4794
0.486775
0.4931
0.496175
0.510525
0.527975
0.5299
0.534425
0.543975
0.5632
0.5793
0.598625
0.626175
0.626625
0.6289
0.631525
0.632675
0.63355
0.6366
0.654925
0.65575
0.696575
0.736575
0.771325
0.81835
0.819625
0.8244
0.84205
0.882325
0.885675
0.891625
0.9087
0.93645
1.0066
1.00995
1.057975
1.22115
1.243475
1.243875
1.2633
1.331475
1.334425
1.345475
1.351025
1.3513
1.385025
1.4119
1.423975
1.4829
1.51615
1.5164
1.643025
1.645925
1.64905
1.668075
1.91875
1.94675
1.974025
2.015775
2.0408
2.06345
2.099825
2.13505
2.1524
2.182825
2.1897
2.283125
2.309625
2.34675
2.3474
2.39085
2.4199
2.637675
2.74135
2.7456
2.755775
2.79645
2.81575
2.86575
2.8697
2.97435
2.9806
2.988775
3.011625
3.020675
3.076425
3.134075
3.2451
3.25025
3.3561
3.376925
3.379725
3.408
3.43485
3.461
3.5793
3.667675
3.898775
3.970525
4.030525
4.10745
4.123625
4.16045
4.261875
4.26455
4.29905
4.29965
4.324175
4.344325
4.368425
4.50325
4.641125
4.645825
4.68695
4.83155
4.8597
4.907575
4.928675
5.195475
5.260675
5.273775
5.485225
5.759375
5.83155
5.981525
6.0049
6.092775
6.1075
6.17
6.44945
6.646275
6.69995
7.13175
7.266725
7.664925
7.67425
7.763925
7.79835
8.0117
8.209575
8.333
8.3341
8.3586
8.51445
8.6106
8.63075
8.817975
8.83905
8.906575
8.980025
9.016825
9.1083
9.36285
9.42645
9.535225
9.720925
9.79555
9.879775
9.9273
9.969825
167
