0.007025
0.084775
0.09295
0.212825
0.494525
0.49795
0.499575
0.527725
0.54405
0.544475
0.55855
0.5597
0.57845
0.600625
0.611275
0.6141
0.614575
0.620175
0.620825
0.62085
0.62325
0.625975
0.628475
0.637125
0.643175
0.64735
0.648025
0.6637
0.66545
0.674275
0.678675
0.682025
0.693475
0.694575
0.6989
0.70185
0.720525
0.75265
0.7541
0.76525
0.766475
0.793975
0.8064
0.816125
0.84555
0.867725
0.8941
0.91615
0.931925
0.937375
0.945125
0.95075
0.9565
0.973125
1.00645
1.031475
1.03185
1.035525
1.090075
1.13365
1.14175
1.165375
1.193575
1.19785
1.231675
1.3253
1.34815
1.36725
1.3694
1.469575
1.4748
1.479225
1.47975
1.52675
1.557025
1.6467
1.662575
1.691325
1.692975
1.913375
1.9164
1.98795
2.0394
2.18535
2.204225
2.2108
2.248725
2.38695
2.4023
2.407225
2.444975
2.4483
2.471175
2.504325
2.580375
2.77085
2.772125
2.785425
2.8769
2.94995
2.974975
3.02365
3.05205
3.109325
3.14185
3.144125
3.24885
3.265675
3.498325
3.501825
3.5459
3.55095
3.654375
3.6571
3.705125
3.74305
3.800975
3.957475
4.009225
4.314925
4.34585
4.3598
4.40585
4.561
4.59385
4.6145
4.641425
4.649625
4.6587
4.729425
4.744175
4.808475
4.8278
5.039275
5.11595
5.149525
5.15275
5.277325
5.466075
5.561725
6.03735
6.34505
6.622175
6.654825
6.77995
6.81105
6.968575
7.089425
7.18095
7.22175
7.242825
7.503375
7.751875
7.80895
7.952725
7.998675
8.209975
8.2473
8.2641
8.300325
8.446725
8.561525
8.638525
8.698725
8.71065
8.8643
8.96775
9.183875
9.213225
9.242825
9.484175
9.84065
9.87425
9.9971
174
