0.02475
0.090325
0.3432
0.4103
0.494125
0.49495
0.499475
0.5106
0.547875
0.5584
0.5616
0.567575
0.572175
0.5733
0.58015
0.581225
0.591775
0.6056
0.608025
0.6247
0.636975
0.661225
0.71055
0.712275
0.71405
0.75235
0.755175
0.755725
0.7597
0.761075
0.797425
0.8011
0.812
0.820625
0.82795
0.830925
0.839475
0.84
0.840625
0.85405
0.880275
0.883425
0.9464
0.979075
0.98065
0.999
1.000875
1.0188
1.02335
1.049725
1.074875
1.087225
1.10085
1.11525
1.148525
1.172175
1.19865
1.21585
1.232
1.237775
1.427525
1.47425
1.48425
1.5299
1.603825
1.63575
1.7484
1.755475
1.788125
1.8149
1.821525
1.9173
2.019475
2.04925
2.127975
2.177025
2.203525
2.203925
2.333975
2.34245
2.47895
2.49505
2.51095
2.5606
2.584125
2.6296
2.65625
2.8453
2.86235
2.87015
2.909
2.965575
3.06295
3.110575
3.128925
3.154075
3.205075
3.25115
3.277325
3.64005
3.645025
3.69575
3.703075
3.8267
3.8893
3.95985
3.96165
3.9799
4.0299
4.2605
4.274475
4.292675
4.344375
4.383925
4.402575
4.719
4.74175
4.7559
4.764375
4.770925
4.810275
4.8965
5.029075
5.198025
5.239825
5.328675
5.647475
5.699625
5.774325
5.95125
5.9906
5.997575
6.0512
6.151
6.36325
6.3822
6.414325
6.4699
6.48865
6.523475
6.6539
6.70125
6.86745
7.01225
7.147
7.17435
7.278825
7.38295
7.668275
7.733175
7.83795
7.88555
8.021425
8.32405
8.44875
8.56445
8.5699
8.86305
8.8855
8.969025
9.166375
9.520675
9.574475
9.756575
9.995825
165
