0.113
0.158175
0.214975
0.22475
0.227475
0.401625
0.47895
0.486025
0.501675
0.50895
0.51675
0.5516
0.55245
0.552625
0.555525
0.556575
0.56145
0.5932
0.602825
0.606175
0.606475
0.6214
0.6325
0.6341
0.639625
0.663575
0.669875
0.677625
0.690125
0.690825
0.73135
0.73145
0.735325
0.7391
0.749025
0.753825
0.756925
0.777025
0.785
0.81645
0.81975
0.8284
0.841325
0.85475
0.86875
0.872075
0.9181
0.9289
0.93975
0.956775
0.9806
0.99005
0.9902
0.99175
1.04885
1.06815
1.0908
1.098475
1.119075
1.135975
1.153325
1.206725
1.216425
1.243125
1.31165
1.32685
1.33155
1.38215
1.389725
1.390775
1.407775
1.479625
1.504825
1.5305
1.5511
1.552125
1.5694
1.571925
1.767975
1.803725
2.07935
2.118275
2.214375
2.229575
2.3014
2.348025
2.400575
2.4163
2.599225
2.6152
2.6718
2.712575
2.75065
2.7895
2.794075
2.8627
3.0659
3.095825
3.10605
3.120625
3.309025
3.334225
3.397575
3.426525
3.455325
3.49795
3.596775
3.632025
3.648925
3.68285
3.7032
3.79745
3.799325
3.94795
4.0046
4.054875
4.19375
4.28455
4.44115
4.483575
4.566
4.68945
4.6907
4.776125
4.904675
5.08815
5.12955
5.15755
5.2103
5.543625
5.645125
5.706925
5.80125
5.832625
5.97815
6.023575
6.18505
6.213925
6.216675
6.234025
6.4404
6.483975
6.54085
6.602425
6.6362
6.738225
7.005525
7.17575
7.307725
7.515825
7.52305
7.56545
7.772675
7.97685
8.452575
8.477475
8.536175
8.616275
8.62905
8.7492
8.903
8.979725
9.007675
9.3354
9.471475
9.521575
9.60035
9.657675
9.74065
9.8412
9.842075
171
