0.054525
0.05495
0.06915
0.1705
0.237575
0.242875
0.301025
0.307325
0.4942
0.50135
0.510375
0.512925
0.53905
0.54325
0.561075
0.567675
0.585875
0.5866
0.587525
0.6124
0.6129
0.62855
0.6385
0.647125
0.668225
0.6684
0.6807
0.696775
0.69725
0.702525
0.714875
0.74155
0.7571
0.76175
0.765025
0.77805
0.778625
0.782575
0.802225
0.82285
0.82715
0.858825
0.86075
0.891725
0.9376
0.94165
0.982375
0.98695
0.9876
1.0105
1.013875
1.04275
1.08275
1.098475
1.124125
1.13075
1.158575
1.18995
1.197925
1.24985
1.298225
1.355
1.390525
1.4497
1.45515
1.539625
1.5429
1.585075
1.587925
1.7382
1.771975
1.782875
1.819375
1.8789
1.89635
1.913
1.99855
2.01665
2.021775
2.0651
2.1498
2.22895
2.384475
2.414425
2.46525
2.470225
2.6037
2.620925
2.621675
2.637725
2.743025
2.791725
2.797925
2.8405
2.88985
2.943425
3.0134
3.123675
3.2411
3.2749
3.379125
3.6449
3.785425
3.8276
3.864675
3.9628
3.991
4.029125
4.194175
4.201
4.339475
4.4528
4.503975
4.661975
4.698775
4.8167
4.818175
4.89285
5.085475
5.3721
5.558775
5.600825
5.61855
5.642825
5.743575
5.8275
5.91055
5.969475
6.05535
6.287875
6.33015
6.342375
6.435975
6.58425
6.675425
6.69435
6.96235
7.02145
7.0901
7.149025
7.371375
7.432775
7.442025
7.51185
7.556775
7.79865
7.842575
8.1229
8.1862
8.1903
8.254
8.33045
8.4905
8.564025
8.58195
8.810125
8.85465
9.024575
9.0948
9.270625
9.295175
9.3415
9.7347
9.737575
9.98815
165
