0.049575
0.208775
0.2383
0.3486
0.4439
0.47075
0.484525
0.51145
0.5156
0.524525
0.53755
0.555275
0.5575
0.560075
0.5647
0.5657
0.58255
0.5871
0.5927
0.59855
0.605375
0.61725
0.620825
0.62565
0.651875
0.652825
0.656575
0.661775
0.6648
0.678625
0.683375
0.70085
0.702925
0.706375
0.723625
0.744175
0.75685
0.76895
0.786625
0.794875
0.86565
0.887875
0.89445
0.895925
0.89885
0.9472
0.963425
0.96845
0.9691
0.97635
0.976625
0.995075
0.996525
1.0037
1.110325
1.137725
1.1606
1.1636
1.16615
1.21655
1.22125
1.2634
1.286425
1.384075
1.38955
1.406175
1.411375
1.481475
1.51045
1.606775
1.618775
1.68775
1.831725
1.832025
1.849225
1.875625
1.9376
2.038725
2.12705
2.13095
2.335475
2.38565
2.3895
2.474975
2.5524
2.575325
2.592875
2.694175
2.7611
2.8677
2.91875
2.9615
3.1673
3.1933
3.293075
3.3363
3.380325
3.4174
3.504975
3.592625
3.604925
3.62335
3.659525
3.91435
3.9642
4.0414
4.16915
4.33515
4.378875
4.465525
4.527175
4.530975
4.5746
4.6373
4.88795
5.056075
5.14775
5.22625
5.526425
5.974075
6.04755
6.085675
6.19855
6.214275
6.584275
6.60485
6.7705
6.822775
6.976
6.992675
7.080525
7.092075
7.341775
7.3569
7.367075
7.370225
7.429075
7.576575
7.728125
7.833525
7.858925
8.182325
8.21325
8.33175
8.39265
8.47745
8.529325
8.5669
8.6802
8.6812
8.683775
8.7225
9.13
9.258775
9.26545
9.3354
9.36535
9.3872
9.4781
9.551125
9.616575
9.65115
9.98755
163
