0.086475
0.22985
0.440175
0.4463
0.448025
0.460625
0.465275
0.476525
0.47655
0.4903
0.497
0.5193
0.5213
0.5254
0.5341
0.555375
0.5597
0.569125
0.57365
0.588225
0.59945
0.616025
0.626575
0.632425
0.634975
0.6395
0.642925
0.674775
0.679475
0.6795
0.70945
0.76575
0.766625
0.76665
0.775875
0.7848
0.799925
0.810825
0.820625
0.82065
0.8252
0.827625
0.827875
0.828125
0.828725
0.83925
0.846825
0.878625
0.879575
0.894
0.92345
0.933825
0.95725
0.989775
0.99185
0.999275
1.0097
1.010075
1.057025
1.065025
1.06905
1.074775
1.077425
1.102125
1.18965
1.211175
1.2437
1.28445
1.3316
1.338025
1.341
1.405
1.477075
1.519125
1.529775
1.57785
1.59125
1.602525
1.613275
1.627925
1.6561
1.69815
1.712775
1.7689
1.769975
1.775325
1.790475
1.86255
1.911125
1.987575
2.02385
2.08175
2.2474
2.265475
2.399075
2.476675
2.5476
2.5863
2.61495
2.631375
2.6886
2.722
2.8063
2.8325
2.86575
3.013725
3.1313
3.1396
3.1567
3.172875
3.18475
3.394225
3.4172
3.429575
3.547075
3.65685
3.67205
3.8121
3.84015
3.9356
3.98215
4.145525
4.157025
4.4433
4.474125
4.5008
4.588725
4.5925
4.728425
5.112225
5.40615
5.500375
5.62015
5.80875
5.84515
6.038425
6.039875
6.043025
6.099475
6.1542
6.346275
6.476725
6.49985
6.506225
6.555125
6.6486
6.72185
7.3381
7.350725
7.5473
7.65915
7.971175
8.043525
8.10775
8.11155
8.13695
8.45975
8.46385
8.858125
9.010225
9.106925
9.152075
9.1978
9.2204
9.532625
9.599125
166
