0.03765
0.265025
0.3082
0.4578
0.46175
0.497475
0.49775
0.50085
0.519225
0.53115
0.53955
0.549925
0.567275
0.603125
0.603975
0.61465
0.628175
0.62975
0.6319
0.657375
0.6611
0.665125
0.681175
0.6897
0.691175
0.706125
0.711075
0.72825
0.749525
0.757275
0.760975
0.7702
0.7719
0.783375
0.8047
0.8053
0.82795
0.841425
0.84235
0.860325
0.866125
0.892
0.917425
0.93065
0.93075
0.938475
1.0047
1.0235
1.036375
1.039125
1.03915
1.065725
1.089925
1.1053
1.10915
1.150225
1.1517
1.170175
1.180975
1.192575
1.19425
1.2002
1.259475
1.296225
1.311825
1.322875
1.3361
1.35605
1.37265
1.3754
1.3857
1.3864
1.39735
1.424575
1.44635
1.4487
1.462775
1.54335
1.64475
1.698625
1.711575
1.8536
1.861025
1.895625
1.948
2.06405
2.185025
2.189425
2.2236
2.234825
2.267525
2.4159
2.435025
2.491
2.497125
2.5754
2.635775
2.7294
2.742775
2.778225
2.885
2.94215
2.958675
3.398875
3.425525
3.456425
3.48975
3.559525
3.58425
3.631325
3.812025
3.872125
3.93595
4.05145
4.1372
4.1761
4.21915
4.232325
4.241925
4.52175
4.530575
4.576325
4.665275
4.99545
5.09275
5.09645
5.128575
5.132225
5.185325
5.445525
5.525475
5.528775
5.68145
5.7388
5.7444
5.778425
5.851225
5.887175
5.9846
6.081525
6.27145
6.403875
6.5973
6.67855
6.709875
7.04695
7.2556
7.54095
7.59635
7.6245
7.7082
7.76035
7.784075
8.34915
8.3618
8.5818
8.589225
8.58985
8.6919
8.93735
8.9811
9.014375
9.2228
9.26815
9.51505
9.569925
166
