0.0026
0.1968
0.325775
0.460375
0.477775
0.48915
0.4916
0.4919
0.50255
0.503875
0.525025
0.531725
0.533075
0.592125
0.616625
0.616875
0.61995
0.643775
0.66155
0.67075
0.678725
0.750825
0.759575
0.7647
0.76895
0.77195
0.7812
0.78585
0.810175
0.820275
0.850125
0.882375
0.897925
0.9171
0.963475
1.011
1.015425
1.015575
1.029725
1.033325
1.061875
1.065225
1.0835
1.09385
1.1115
1.1156
1.143675
1.155125
1.165925
1.185325
1.222125
1.232475
1.2928
1.304075
1.316625
1.371175
1.372825
1.512875
1.5329
1.539375
1.543525
1.581725
1.590225
1.80215
1.807625
1.848
1.946825
2.017575
2.086175
2.20275
2.203075
2.2138
2.436
2.478075
2.62515
2.698525
2.735325
2.7556
2.777025
2.77995
2.82565
2.845375
2.89645
2.92835
2.93585
3.00545
3.04995
3.13395
3.191675
3.336425
3.395
3.41225
3.442925
3.4818
3.5439
3.5524
3.603025
3.6383
3.81225
3.8297
3.84015
3.85255
3.875075
3.883925
3.978625
3.994725
4.090775
4.2183
4.37935
4.419025
4.4285
4.7443
4.7984
4.834525
4.911975
4.9181
5.1223
5.125525
5.168775
5.205875
5.240125
5.26125
5.328475
5.543825
5.6701
5.74735
6.1099
6.23325
6.321775
6.383525
6.407975
6.4165
6.425075
6.4956
6.4978
6.542925
6.8232
7.07315
7.106675
7.1389
7.19645
7.335125
7.54755
7.690225
7.702525
7.7079
7.71125
7.810325
7.8378
7.891275
8.01515
8.3463
8.4604
8.5624
8.683275
8.6861
8.751625
8.882875
8.88435
8.92665
8.979725
9.028775
9.078025
9.42135
9.950025
165
