0.15835
0.19655
0.2842
0.410875
0.4468
0.4705
0.521125
0.5229
0.53175
0.5343
0.53595
0.5583
0.571125
0.5766
0.579825
0.592325
0.6241
0.630275
0.6401
0.642
0.655725
0.685825
0.690525
0.692125
0.695375
0.701825
0.7074
0.7077
0.7107
0.71765
0.7309
0.73185
0.732375
0.73325
0.75185
0.770225
0.7716
0.77525
0.775775
0.7779
0.794525
0.7967
0.80475
0.818875
0.8209
0.837325
0.8688
0.905875
0.91255
1.0017
1.020175
1.09705
1.098425
1.10885
1.134275
1.139075
1.15205
1.1606
1.20995
1.234675
1.25245
1.266025
1.2859
1.313
1.34545
1.358
1.36935
1.420125
1.44895
1.4667
1.4917
1.4965
1.57295
1.633175
1.6851
1.750925
1.94675
1.981075
2.000875
2.05895
2.06435
2.06625
2.091075
2.134275
2.1441
2.152025
2.174025
2.2231
2.252
2.2521
2.41825
2.486275
2.510925
2.558875
2.75345
2.767825
2.796775
2.923375
2.99185
3.019025
3.1711
3.19265
3.320925
3.3679
3.469525
3.481125
3.53445
3.5373
3.54625
3.664925
3.665975
3.7528
3.854825
3.951525
3.9963
4.0849
4.2659
4.4692
4.48105
4.517575
4.5541
4.658175
4.808125
4.931775
4.999275
5.012775
5.061125
5.167225
5.303125
5.506575
5.518475
5.527875
5.77725
5.896025
5.908575
5.987325
6.012825
6.18605
6.22505
6.925925
6.92595
7.1913
7.341875
7.547975
7.77455
7.78225
7.81505
7.9569
8.23825
8.351125
8.40325
8.446225
8.683325
8.736
8.926275
9.01085
9.01145
9.1893
9.2369
9.6065
9.795
9.915275
162
