0.055775
0.0779
0.291675
0.340575
0.400925
0.4117
0.442275
0.44735
0.45805
0.4693
0.470125
0.482875
0.49575
0.4975
0.497775
0.50765
0.53715
0.546825
0.55135
0.5632
0.565525
0.568275
0.56905
0.572625
0.58015
0.5839
0.585125
0.59385
0.613
0.6312
0.6323
0.6378
0.6473
0.65305
0.656225
0.67065
0.6752
0.68545
0.701675
0.70405
0.70595
0.71465
0.730625
0.7493
0.765775
0.7944
0.808025
0.833175
0.87265
0.901725
0.932375
0.946175
0.98985
1.005975
1.014875
1.05845
1.060925
1.090125
1.122375
1.158425
1.232775
1.246
1.281875
1.30915
1.33605
1.34265
1.404
1.4423
1.5055
1.5131
1.6026
1.6243
1.65105
1.66405
1.698125
1.7212
1.734925
1.75765
1.770775
1.8022
1.820375
1.868825
1.869775
1.8754
1.948375
2.17515
2.475375
2.51635
2.596475
2.643975
2.6676
2.673
2.747225
2.764575
2.8455
2.850025
2.8649
2.936675
2.996725
3.025925
3.1176
3.127525
3.2617
3.29915
3.30235
3.3126
3.433525
3.50655
3.5921
3.851475
3.85545
3.917675
3.96575
3.9751
3.978925
4.032325
4.102825
4.180475
4.21805
4.27655
4.2988
4.37375
4.438225
4.493375
4.62215
4.76525
4.884875
4.9039
4.907925
4.9181
4.936725
5.109825
5.148325
5.19685
5.218
5.325425
5.33495
5.446975
5.49795
5.518075
5.55225
5.60985
5.61515
5.815475
6.080475
6.1563
6.186475
6.21665
6.359975
6.37805
6.40395
6.562375
6.6218
6.788525
6.86705
7.030575
7.256525
7.349575
7.45085
7.65775
7.680975
7.753625
7.77045
7.84095
7.889725
8.000625
8.1515
8.356025
8.457575
8.791825
8.836375
9.179875
9.2277
9.318525
9.333775
9.46915
9.693525
9.888475
9.9177
9.967975
180
