0.419925
0.43275
0.44215
0.4654
0.472475
0.47285
0.48835
0.493
0.495875
0.531425
0.53785
0.545125
0.56495
0.578625
0.60575
0.612
0.613575
0.615725
0.6198
0.638775
0.642825
0.653575
0.680075
0.682825
0.704
0.706425
0.707225
0.70795
0.7308
0.7399
0.7943
0.8242
0.882575
0.901525
0.9063
0.913325
0.947275
1.11635
1.116925
1.1742
1.19525
1.23515
1.26675
1.282425
1.296175
1.2995
1.307475
1.322125
1.367825
1.367875
1.376875
1.38195
1.492525
1.50135
1.544625
1.6447
1.671875
1.748625
1.79435
1.8303
1.859525
1.93955
2.028625
2.0737
2.14515
2.17085
2.2384
2.3559
2.38695
2.406425
2.495925
2.5437
2.555575
2.578475
2.606325
2.628975
2.6883
2.751
2.792125
2.81125
2.872475
2.949075
2.98355
3.114975
3.1712
3.207975
3.596325
3.663125
3.8275
3.8672
4.053625
4.0941
4.095
4.11915
4.176575
4.194475
4.215375
4.233725
4.2509
4.524475
4.54695
4.586425
4.679475
4.6917
4.70645
4.708925
4.7481
4.756525
4.806275
5.02315
5.078525
5.258525
5.5673
5.63985
5.706575
5.8191
5.915075
5.990175
6.007425
6.039
6.19425
6.2859
6.428975
6.51855
6.53275
6.54915
6.675675
6.723325
6.73995
6.752925
6.761025
6.79975
6.928775
6.975175
7.08525
7.09825
7.211225
7.2407
7.4067
7.663375
7.75065
7.75415
7.772575
7.787475
7.8428
7.925825
7.995075
8.414
8.4325
8.464625
8.581725
8.62535
8.7471
9.145425
9.2161
9.22705
9.408375
9.65685
9.712275
9.7411
9.850725
9.8637
9.898075
9.99975
164
