0.004075
0.053125
0.15995
0.17025
0.35255
0.413825
0.487875
0.490675
0.492225
0.4935
0.503425
0.5169
0.545675
0.5522
0.556275
0.5576
0.558775
0.5636
0.58535
0.606325
0.606475
0.616625
0.647975
0.663
0.663425
0.66505
0.680175
0.6964
0.724375
0.730675
0.74105
0.748975
0.7513
0.770675
0.78415
0.788225
0.8004
0.822275
0.827725
0.840825
0.847825
0.849675
0.85205
0.8732
0.895
0.900475
0.92065
0.9271
0.932675
0.9445
0.9545
1.0175
1.041825
1.0984
1.1349
1.169825
1.196425
1.202525
1.228325
1.2398
1.25905
1.28085
1.30235
1.36965
1.37215
1.429225
1.574
1.603975
1.675675
1.70895
1.757325
1.895375
1.896725
1.961075
1.996825
2.012525
2.242825
2.28515
2.3009
2.3531
2.389075
2.473425
2.6229
2.6323
2.680825
2.720775
2.838075
2.85095
3.08775
3.092675
3.0971
3.237675
3.283825
3.28625
3.286975
3.382025
3.3905
3.430925
3.452225
3.60685
3.697
3.898375
3.93315
3.9644
4.00405
4.009875
4.082925
4.23225
4.258275
4.3081
4.311275
4.4609
4.6053
4.652975
4.740775
4.849125
4.854775
4.978425
4.9846
5.002725
5.191025
5.55885
5.737975
5.762725
5.91205
5.995875
6.20135
6.3343
6.52045
6.5285
6.528525
6.6058
6.687025
6.787
6.814225
6.951625
7.182475
7.3548
7.370125
7.443575
7.63125
7.75795
7.869625
7.98185
8.2055
8.23285
8.238825
8.255825
8.54615
8.549725
8.605725
8.729125
8.740725
8.9033
8.97945
9.007625
9.0826
9.19865
9.221525
9.391
9.700075
9.751725
9.811175
163
