0.182075
0.239175
0.26275
0.273825
0.428525
0.430725
0.4371
0.49435
0.498475
0.499775
0.522475
0.52295
0.533875
0.551525
0.554975
0.56015
0.568275
0.5904
0.596675
0.602575
0.615175
0.62
0.648925
0.650275
0.661375
0.669925
0.682875
0.7097
0.710325
0.71665
0.717475
0.7189
0.761
0.764175
0.769875
0.8187
0.82215
0.844175
0.8563
0.85915
0.878275
0.8834
0.916475
0.94665
0.998125
1.0021
1.037925
1.0428
1.049175
1.0516
1.067675
1.075
1.08085
1.100475
1.1302
1.142625
1.162825
1.185575
1.22095
1.258175
1.262025
1.315125
1.3264
1.37825
1.457
1.5312
1.552125
1.599325
1.6547
1.664475
1.692
1.78175
1.830925
1.8739
1.955975
1.991825
2.031475
2.036275
2.036925
2.064375
2.102975
2.1298
2.15135
2.187375
2.2872
2.41295
2.4344
2.468475
2.508925
2.535775
2.6464
2.664
2.8842
2.9141
2.984175
3.2447
3.327775
3.3532
3.4042
3.4132
3.448825
3.476625
3.52965
3.702025
3.76045
3.79345
3.885175
3.9296
4.149125
4.21015
4.4284
4.49785
4.5536
4.5568
4.577075
4.6649
4.69675
4.780775
5.14045
5.15855
5.184075
5.272725
5.37955
5.524425
5.712775
5.8402
5.8485
5.948675
6.0775
6.127825
6.3942
6.633925
7.047475
7.25555
7.7009
7.76665
7.80115
7.98555
8.0447
8.13265
8.2521
9.335225
9.374975
143
