0.41625
0.4426
0.481425
0.4817
0.501025
0.537475
0.55415
0.560325
0.561125
0.567125
0.591075
0.592525
0.60295
0.622125
0.643775
0.648725
0.6557
0.7215
0.73285
0.737475
0.747125
0.74805
0.775025
0.795525
0.823575
0.837825
0.84125
0.84135
0.87065
0.9022
0.913775
0.9176
0.91765
0.9216
0.93125
0.938025
0.966425
1.0033
1.026725
1.03055
1.04805
1.05745
1.066275
1.10025
1.12
1.126475
1.1461
1.1588
1.232075
1.232575
1.2371
1.2378
1.24055
1.24375
1.24785
1.2536
1.4443
1.444675
1.4811
1.49425
1.649125
1.6632
1.748675
1.75215
1.78125
1.7832
1.82515
1.90075
1.9135
2.104925
2.112725
2.18715
2.273025
2.317025
2.32855
2.3998
2.4569
2.472225
2.534425
2.535475
2.6045
2.7446
2.793225
3.0774
3.19055
3.219825
3.29395
3.319275
3.387375
3.39915
3.47475
3.530775
3.693875
3.79915
3.823425
3.84655
3.89445
3.98555
4.0542
4.094975
4.152025
4.245775
4.250275
4.2771
4.280825
4.3799
4.4162
4.495075
4.602
4.8634
5.0024
5.088
5.17005
5.23025
5.38415
5.409075
5.448375
5.895875
5.95525
5.973
5.99435
6.010675
6.019275
6.20035
6.223375
6.2868
6.344525
6.545275
6.6384
6.71735
6.87195
6.87405
6.920375
6.962625
7.43755
7.5037
7.5393
7.592525
7.8294
7.9276
8.03315
8.035075
8.3946
8.400225
8.410175
8.623475
8.7092
8.815275
8.8313
9.0547
9.13715
9.27395
9.546925
9.7566
154
