0.011875
0.228575
0.23495
0.3142
0.4028
0.4079
0.413125
0.454
0.47235
0.483375
0.505375
0.506475
0.51975
0.523225
0.524575
0.532475
0.53675
0.543425
0.55305
0.5565
0.57045
0.576175
0.578475
0.591475
0.593025
0.603825
0.61385
0.62505
0.6269
0.630075
0.66245
0.684175
0.68905
0.694925
0.707175
0.714175
0.721025
0.759275
0.76625
0.775325
0.789825
0.796525
0.827
0.83425
0.84375
0.8647
0.888475
0.912075
0.926925
0.9475
0.970775
0.98145
0.984825
0.9976
1.009275
1.10065
1.1154
1.137375
1.14195
1.155625
1.173175
1.189375
1.1907
1.260725
1.267125
1.325225
1.350425
1.373275
1.446525
1.44935
1.472425
1.48515
1.570275
1.620725
1.677425
1.801775
1.837525
1.847
1.858725
1.8616
1.896725
1.9008
1.90635
1.914125
1.94785
1.96545
1.99525
2.01955
2.047775
2.0652
2.121175
2.15735
2.327325
2.3362
2.370525
2.39225
2.399925
2.400375
2.6986
2.7118
2.76275
2.8305
2.86235
2.8734
2.88275
2.91715
2.917675
2.931175
2.99245
3.0422
3.08225
3.08395
3.132175
3.18245
3.19695
3.2292
3.316225
3.32115
3.333475
3.398675
3.428325
3.60395
3.6704
3.690275
3.754925
3.76115
3.8366
3.85315
3.861075
3.889775
4.10005
4.269275
4.432575
4.526525
4.612225
4.662375
4.68435
4.99275
5.006725
5.0335
5.0515
5.25465
5.372125
5.48165
5.53445
5.67965
5.97735
6.008725
6.10725
6.141225
6.4719
6.608375
6.99095
7.232725
7.336125
7.4844
7.5617
7.705875
7.8351
7.896825
8.44365
8.63895
8.660175
8.8379
8.8762
8.8816
8.93085
8.96185
8.994325
9.297875
9.450525
9.57945
9.58905
9.690425
174
