0.091275
0.145775
0.458225
0.4669
0.48685
0.48935
0.4906
0.49415
0.513975
0.515675
0.522775
0.55105
0.564475
0.565425
0.57745
0.593725
0.5962
0.601525
0.6112
0.623775
0.625925
0.630025
0.630575
0.635625
0.6427
0.654425
0.6611
0.6748
0.68095
0.682
0.689525
0.717825
0.742375
0.7482
0.75285
0.759025
0.773525
0.817425
0.8991
0.9483
0.952625
0.962
0.969425
0.969575
1.006
1.014475
1.022725
1.04335
1.064175
1.0773
1.111225
1.1295
1.132725
1.133975
1.149225
1.1518
1.175725
1.2171
1.227825
1.24195
1.2707
1.297225
1.33035
1.3672
1.38055
1.418525
1.434675
1.45015
1.47945
1.486125
1.499325
1.52945
1.6613
1.7035
1.780175
1.8193
1.8881
1.987675
2.038475
2.116025
2.5631
2.7448
2.782775
2.794125
2.8376
2.9316
2.969175
3.039325
3.045625
3.125475
3.222475
3.243925
3.2981
3.377175
3.509725
3.54695
3.6192
3.75615
3.790925
3.832325
3.94855
4.022975
4.0539
4.2528
4.34835
4.503175
4.557525
4.608575
4.889175
5.164475
5.3102
5.3851
5.413725
5.4294
5.86415
5.91885
5.979775
6.0452
6.045275
6.0496
6.051125
6.167725
6.22625
6.370875
6.412975
6.441375
6.539775
6.5702
6.622725
6.67375
6.7953
6.852375
6.9311
6.932575
7.0075
7.126025
7.182
7.256375
7.4732
7.51505
7.583225
7.657275
7.69945
7.865525
7.993125
8.0221
8.0302
8.120725
8.181825
8.2457
8.2964
8.509325
8.640325
8.72285
8.924475
8.924725
9.015075
9.300425
9.522375
9.6273
9.7488
9.863875
162
