0.044575
0.203075
0.21425
0.274625
0.321725
0.38175
0.44705
0.46315
0.48275
0.52975
0.5458
0.59785
0.6001
0.605275
0.607025
0.608075
0.624425
0.625075
0.627725
0.644425
0.6468
0.647
0.652675
0.653175
0.663
0.669325
0.684825
0.689075
0.692275
0.703275
0.71145
0.7773
0.7818
0.783675
0.787475
0.7881
0.792125
0.7928
0.797375
0.816
0.82155
0.822225
0.82995
0.858925
0.87705
0.887275
0.898875
0.958275
0.96895
0.989925
1.018625
1.03265
1.038575
1.043875
1.05945
1.0739
1.119375
1.125525
1.14165
1.15265
1.24405
1.265525
1.284625
1.29065
1.339475
1.3463
1.3596
1.369875
1.382925
1.390925
1.396725
1.4004
1.408425
1.415375
1.421475
1.427375
1.455725
1.472075
1.48655
1.599275
1.678075
1.73225
1.759825
1.7599
1.827525
1.9057
1.918625
1.939625
1.94995
1.9885
1.99655
2.04265
2.062025
2.073925
2.157225
2.19835
2.239875
2.260225
2.419625
2.573725
2.629175
2.64965
2.693025
2.807
2.851675
2.95265
3.019325
3.0646
3.118125
3.2467
3.3898
3.516725
3.7193
3.853975
4.000925
4.09595
4.17575
4.4355
4.592325
4.610075
4.6378
4.757475
4.842775
5.075825
5.11895
5.322625
5.34895
5.418875
5.56805
5.5988
5.790225
5.891075
5.9654
6.10865
6.124175
6.20825
6.27695
6.296025
6.4092
6.4244
6.433075
6.47595
6.98435
7.016175
7.079425
7.256775
7.27195
7.5321
7.558025
8.003975
8.010375
8.15605
8.234275
8.308975
8.378375
8.487825
8.6702
8.7144
8.730475
8.7315
8.794425
9.0957
9.19835
9.42955
9.749775
165
