0.032975
0.15655
0.366275
0.423025
0.462975
0.475525
0.478475
0.4952
0.503925
0.505275
0.510875
0.5345
0.53655
0.54155
0.5468
0.555075
0.568675
0.586225
0.586275
0.610725
0.620275
0.624975
0.64675
0.659925
0.66315
0.66935
0.6735
0.7174
0.7426
0.755475
0.757375
0.8055
0.8057
0.849525
0.866725
0.867125
0.886125
0.893075
0.90755
0.909975
0.9521
0.95955
1.0191
1.02225
1.041325
1.103975
1.145625
1.1644
1.174275
1.188775
1.314775
1.322725
1.32835
1.35055
1.366375
1.399175
1.405675
1.418975
1.4323
1.44595
1.4479
1.494725
1.5071
1.59045
1.63125
1.6856
1.6948
1.7715
1.842525
1.858675
1.94945
1.95215
1.994925
1.9983
2.0016
2.066175
2.14465
2.156325
2.166975
2.288625
2.323725
2.340675
2.349775
2.38225
2.4966
2.646925
2.6889
2.729425
2.888975
3.042075
3.062
3.075225
3.203625
3.2097
3.28345
3.3447
3.370825
3.372175
3.3943
3.42655
3.432625
3.450475
3.497175
3.586175
3.609225
3.642
3.77155
3.786
3.817225
3.8504
3.91095
3.9713
3.984075
4.272325
4.31495
4.423375
4.46645
4.736225
4.810175
4.8538
4.9388
5.148425
5.20535
5.3645
5.42895
5.534875
5.684125
5.709875
5.731175
5.784525
5.9218
5.9424
5.9981
6.17365
6.285675
6.308475
6.37865
6.39045
6.3918
6.574125
6.5951
6.76545
7.0639
7.116425
7.278425
7.3119
7.589275
7.6042
7.633025
7.967
8.053925
8.08375
8.136725
8.1542
8.15435
8.1941
8.256675
8.35835
8.362925
8.3716
8.548175
8.606525
8.70445
9.0898
9.09005
9.107175
9.1747
9.226925
9.352825
9.357225
9.425275
9.45725
9.948675
9.97165
174
