0.017725
0.038425
0.170925
0.295375
0.403125
0.4049
0.417225
0.425425
0.446025
0.47905
0.49505
0.497025
0.500675
0.528575
0.5568
0.574175
0.590275
0.591125
0.596575
0.598775
0.62915
0.63685
0.653575
0.658925
0.668225
0.67825
0.6891
0.706525
0.7093
0.729375
0.75355
0.7623
0.779775
0.791075
0.791725
0.81115
0.815075
0.841975
0.847825
0.853075
0.859175
0.870775
0.914975
0.945025
1.030425
1.0499
1.051625
1.07025
1.118525
1.128
1.130725
1.158975
1.1738
1.1899
1.1971
1.200325
1.20705
1.213375
1.253225
1.26385
1.28705
1.3253
1.36535
1.367725
1.368475
1.3817
1.3976
1.403925
1.431775
1.451725
1.46405
1.480875
1.495625
1.537175
1.5448
1.6261
1.6797
1.7173
1.770425
1.8638
1.875325
1.9013
1.92165
1.9454
2.155625
2.222175
2.2371
2.496275
2.5118
2.594125
2.608925
2.665175
2.737975
2.746675
2.761975
2.7646
2.821925
2.87285
3.079325
3.1259
3.4052
3.422825
3.463975
3.52845
3.5318
3.602375
3.68685
3.720875
3.742025
3.772225
3.7956
3.804575
3.883325
3.9652
3.9729
4.059525
4.07355
4.11785
4.136375
4.143225
4.25145
4.276375
4.338475
4.35385
4.370525
4.411275
4.501725
4.505675
4.52725
4.668425
4.7422
5.02755
5.05935
5.077375
5.2274
5.34545
5.354375
5.463075
5.475375
5.711475
5.827025
5.869775
5.940625
6.014725
6.213775
6.43755
6.4516
6.452375
6.484125
6.562875
6.617325
6.862225
6.884375
7.13935
7.1964
7.2607
7.272325
7.3492
7.42805
7.6082
7.967975
8.023
8.225475
8.26765
8.83355
8.8809
9.06995
9.0722
9.33385
9.362225
9.3731
9.56215
9.613875
9.676975
9.73725
9.8204
176
