0.016575
0.1542
0.21275
0.2184
0.260925
0.482875
0.502225
0.514075
0.51975
0.5251
0.53515
0.541125
0.54155
0.5561
0.569525
0.573275
0.60135
0.60735
0.608525
0.609325
0.614775
0.615725
0.623625
0.653475
0.681325
0.7137
0.732925
0.77035
0.78325
0.7878
0.790425
0.792425
0.805475
0.81415
0.823425
0.838425
0.855125
0.858425
0.858625
0.86
0.8674
0.883175
0.89335
0.897525
0.921675
0.93325
0.95255
0.967575
0.970175
0.9873
0.995625
1.007975
1.008475
1.04925
1.067225
1.09
1.111075
1.175025
1.197675
1.2296
1.254
1.279025
1.31665
1.3713
1.37685
1.37795
1.518325
1.527125
1.532525
1.589575
1.61805
1.647575
1.6994
1.7167
1.795175
1.942925
1.94585
1.98675
2.000125
2.09255
2.1457
2.163225
2.18665
2.3062
2.3111
2.328275
2.437625
2.473725
2.476325
2.4917
2.557075
2.69115
2.69865
2.7013
2.724925
2.749875
2.882175
2.93175
2.963
2.966525
2.990125
3.116525
3.140275
3.1853
3.208325
3.225175
3.28825
3.29745
3.299675
3.4
3.4178
3.529
3.54795
3.574075
3.62855
3.667625
3.757575
3.9017
3.9339
4.040725
4.0451
4.2161
4.263525
4.325375
4.33265
4.3362
4.3918
4.412025
4.593775
4.614925
4.6537
4.69425
4.74165
4.8159
4.90065
4.974275
4.98565
5.101675
5.137175
5.29035
5.365825
5.456325
5.4863
5.528325
5.5315
5.581775
5.7005
5.830675
5.9428
6.055375
6.1129
6.3841
6.447975
6.508
6.5479
6.7989
7.08085
7.326575
7.47325
7.6289
7.7294
7.8262
7.880975
8.33605
8.469
8.676675
8.73525
8.758175
8.809875
8.82225
9.074175
9.215725
9.263825
9.27315
9.34105
9.5443
9.557125
9.584575
9.793925
9.8533
9.9235
9.9616
182
