0.0011
0.197975
0.241475
0.398425
0.4214
0.47305
0.484225
0.49425
0.52035
0.53565
0.538825
0.543
0.549
0.587625
0.60785
0.6409
0.6435
0.645525
0.652275
0.66405
0.66735
0.6762
0.7222
0.741625
0.7537
0.7538
0.755625
0.77205
0.7728
0.793725
0.800175
0.85475
0.86235
0.870425
0.88355
0.932475
0.94025
0.975275
1.000475
1.00225
1.026325
1.09335
1.118925
1.1614
1.1637
1.168725
1.169025
1.228125
1.24545
1.3028
1.30955
1.316175
1.373575
1.3927
1.395925
1.4099
1.4788
1.615
1.62535
1.646525
1.648425
1.690075
1.715125
1.838825
1.857875
1.865575
1.880175
1.957825
2.02055
2.12515
2.186375
2.1917
2.217775
2.313775
2.395125
2.455925
2.489975
2.5141
2.547425
2.6509
2.662225
2.680575
2.70405
2.71645
2.8189
2.84155
2.87875
3.0331
3.149625
3.2537
3.29825
3.3114
3.46605
3.668
3.771375
3.828825
3.883675
3.9289
4.0142
4.036175
4.0601
4.11085
4.1206
4.149725
4.22405
4.231525
4.4318
4.453425
4.45425
4.5157
4.5489
4.657725
4.6595
4.68435
4.692975
4.70825
4.815425
4.840425
4.842725
5.007475
5.39505
5.475575
5.5643
5.61015
5.73805
5.772775
5.875325
5.98595
6.02665
6.038175
6.2131
6.259
6.268525
6.36825
6.387075
6.488025
6.588225
6.689025
6.879875
6.93005
6.94665
7.244575
7.501
7.608875
7.89175
8.08545
8.1665
8.3124
8.369525
8.614125
8.821
8.911075
8.924775
8.968425
8.982725
9.040475
9.121575
9.24265
9.288775
9.418275
9.571025
9.571475
9.8889
9.920925
164
