0.048925
0.1288
0.25745
0.4185
0.460925
0.482275
0.48315
0.486875
0.502625
0.519875
0.52005
0.520125
0.5242
0.5372
0.54085
0.5828
0.6011
0.60655
0.60735
0.62905
0.6292
0.62995
0.6427
0.6461
0.65115
0.656025
0.6568
0.68105
0.714125
0.7214
0.7284
0.731875
0.733175
0.742825
0.75765
0.76685
0.782575
0.799525
0.8431
0.84895
0.853075
0.85505
0.8584
0.862975
0.9426
0.944975
0.94725
0.956325
0.95805
0.96695
0.9875
1.018975
1.0415
1.070375
1.092325
1.095375
1.1034
1.15355
1.15435
1.1662
1.20505
1.2496
1.26045
1.285025
1.349425
1.375875
1.3931
1.394625
1.448125
1.489525
1.526775
1.566925
1.61255
1.629
1.6808
1.70025
1.760375
1.778575
1.799375
1.8791
1.93845
1.971675
2.02685
2.109775
2.198525
2.2186
2.22
2.2794
2.380075
2.4114
2.43305
2.455775
2.614275
2.6646
2.683825
2.6881
2.817175
2.8174
2.91205
2.951175
3.0148
3.07975
3.08725
3.22395
3.26085
3.34015
3.350675
3.391075
3.4154
3.4912
3.523525
3.5879
3.6316
3.724775
3.9515
3.9893
4.130025
4.184975
4.226475
4.296125
4.40185
4.58965
4.619625
4.67835
4.74735
4.856425
4.861575
4.935075
4.96065
5.0385
5.638175
5.6616
6.01845
6.1167
6.1246
6.215025
6.4067
6.475625
6.51475
6.546025
6.814925
6.980075
6.987725
7.316775
7.33495
7.342275
7.6178
7.857875
7.876575
7.8817
7.8904
8.074675
8.075525
8.097475
8.35345
8.403525
8.449
8.5186
8.54745
8.64465
8.7353
8.871375
8.906825
8.92895
9.237375
9.359225
9.38365
9.538175
9.748075
9.838475
9.840725
9.8733
9.970625
173
