0.002275
0.122875
0.183075
0.34545
0.4738
0.47805
0.49495
0.50805
0.517825
0.526575
0.530525
0.531425
0.539625
0.550025
0.5827
0.5931
0.612425
0.615925
0.6384
0.64295
0.64495
0.651475
0.6521
0.66145
0.665675
0.669075
0.674075
0.67685
0.680075
0.683425
0.6877
0.69185
0.701275
0.783425
0.797825
0.8432
0.897125
0.8974
0.95315
0.9587
0.961975
0.979275
0.984175
0.98895
1.012075
1.053325
1.0908
1.09225
1.105
1.10575
1.157025
1.168875
1.22755
1.2406
1.388725
1.39725
1.58625
1.68455
1.798975
1.80585
1.81465
1.87925
1.888875
1.9165
1.9527
1.952825
2.0875
2.192575
2.195
2.245525
2.283475
2.322575
2.3378
2.35035
2.443125
2.472975
2.4868
2.528025
2.573525
2.63085
2.639925
2.78705
2.8406
2.8422
2.88385
2.978525
3.01925
3.022825
3.2314
3.2594
3.268925
3.3202
3.392925
3.454625
3.461125
3.770925
3.80125
3.888825
3.99185
4.0205
4.115525
4.117925
4.191275
4.313325
4.4168
4.4239
4.54935
4.553825
4.601825
4.6578
4.729325
4.753775
5.143825
5.191275
5.294825
5.38835
5.535575
5.6455
5.6695
5.67165
5.691625
5.8129
5.818675
5.898775
5.9278
5.929475
5.993375
6.0438
6.0539
6.088025
6.15505
6.183875
6.22325
6.300275
6.32575
6.379075
6.409025
6.41605
6.468275
6.587375
6.683075
6.712425
6.871575
7.115225
7.229975
7.262775
7.339625
7.4973
7.527875
7.761075
7.7863
8.439
8.619475
8.990375
9.226825
9.41415
9.779025
9.97855
158
