0.44275
0.4764
0.492425
0.5106
0.5137
0.519775
0.53085
0.536025
0.539575
0.546275
0.54985
0.5505
0.5518
0.5552
0.5642
0.570975
0.5733
0.5933
0.599975
0.617225
0.643225
0.655725
0.66995
0.675425
0.685475
0.69055
0.6912
0.6927
0.699425
0.71755
0.720325
0.74475
0.74865
0.754375
0.7585
0.759625
0.774275
0.780875
0.816375
0.84115
0.845175
0.84665
0.8523
0.86145
0.87815
0.900975
0.91915
0.9246
0.930975
0.932125
0.93515
0.94105
0.95615
0.968475
0.982525
0.990625
1.009725
1.038325
1.059825
1.0754
1.106875
1.116225
1.121925
1.1737
1.200925
1.21055
1.215125
1.264025
1.34895
1.39455
1.457325
1.467625
1.48645
1.6204
1.6218
1.631725
1.63245
1.690325
1.78785
1.850325
1.89625
1.9823
1.988575
1.9991
2.1086
2.163025
2.259925
2.385725
2.3995
2.4225
2.491575
2.512925
2.55905
2.576975
2.77605
3.019975
3.066375
3.099675
3.224375
3.2981
3.3379
3.4306
3.454675
3.517425
3.57825
3.5862
3.6394
3.86045
3.9083
4.080375
4.27535
4.28705
4.43875
4.48465
4.517175
4.54725
4.56245
4.680275
4.7715
4.8006
4.8216
4.885575
4.89705
5.044525
5.098575
5.34935
5.361325
5.409025
5.4725
5.573425
5.6347
5.643225
5.74355
5.75355
5.776925
5.806225
5.975525
5.994175
6.27245
6.3771
6.480725
6.564425
6.625675
6.7744
7.0203
7.0598
7.333125
7.35235
7.57035
7.59445
7.698075
7.80065
7.8517
7.94255
7.954175
7.996325
8.0095
8.066
8.447775
8.528025
8.575
8.575575
8.82785
8.940875
9.0349
9.169575
9.17645
9.1918
9.45975
9.501925
9.883075
171
