0.07745
0.1166
0.156375
0.39615
0.403725
0.40535
0.450725
0.45345
0.48835
0.50465
0.5348
0.5465
0.559425
0.571825
0.574
0.599375
0.60545
0.612325
0.61325
0.616425
0.638375
0.6385
0.650325
0.65665
0.6577
0.679075
0.680075
0.702025
0.715825
0.7178
0.722375
0.733975
0.7554
0.833575
0.862225
0.86335
0.9078
0.93555
0.960025
0.9689
0.97285
0.986875
1.02625
1.0323
1.04255
1.0451
1.174975
1.185
1.206575
1.23715
1.277
1.325975
1.3336
1.337975
1.34085
1.3787
1.518025
1.5228
1.56555
1.5831
1.611625
1.625425
1.673225
1.725125
1.730925
1.768875
1.79595
1.80215
1.825825
1.948625
2.022375
2.2936
2.31095
2.322925
2.363675
2.381725
2.429625
2.452575
2.4608
2.49345
2.560225
2.60075
2.616
2.7047
2.754675
2.793775
2.87315
2.98155
2.98225
3.0027
3.1197
3.131375
3.1431
3.17465
3.337625
3.348225
3.35275
3.3536
3.409275
3.5024
3.644825
3.6634
3.697525
3.70815
3.776975
3.8301
3.859475
3.8951
4.0194
4.040475
4.056225
4.130175
4.149325
4.334225
4.510025
4.54465
4.725125
4.94635
5.1621
5.168425
5.2995
5.3362
5.344375
5.428075
5.428775
5.826925
5.879225
5.89985
6.113925
6.248375
6.393525
6.445875
6.513
6.552575
6.65575
6.777475
6.837375
7.1493
7.578675
7.6159
7.7403
7.9265
7.994825
8.051225
8.110475
8.12155
8.13335
8.2816
8.65835
8.696625
8.803175
9.242175
9.69275
9.75055
9.955625
155
