0.019875
0.39075
0.40015
0.428225
0.448925
0.46545
0.475425
0.4834
0.49655
0.49945
0.50085
0.510725
0.512125
0.514375
0.518275
0.531725
0.570325
0.5757
0.59025
0.61605
0.634425
0.656575
0.6698
0.6873
0.7344
0.7364
0.74995
0.75255
0.753175
0.75595
0.774275
0.780075
0.7826
0.78515
0.78805
0.797975
0.813525
0.81705
0.8186
0.820725
0.838725
0.83915
0.84165
0.849125
0.868625
0.8761
0.894575
0.909875
0.9465
0.947275
0.9572
0.985075
1.00185
1.04645
1.0638
1.08875
1.090475
1.127175
1.1331
1.144925
1.1848
1.20565
1.2063
1.2517
1.268025
1.292275
1.3139
1.360125
1.376575
1.39835
1.445325
1.5219
1.5354
1.558725
1.56675
1.609025
1.6095
1.6841
1.7127
1.779075
1.806575
1.8482
1.965375
2.023125
2.06035
2.110525
2.1299
2.14975
2.2173
2.2285
2.27095
2.409725
2.518325
2.678175
2.766425
2.780075
2.784425
2.92245
2.9705
2.984825
3.030525
3.0685
3.06905
3.22085
3.31495
3.463275
3.47565
3.6045
3.839675
3.846725
3.901475
4.0665
4.224475
4.40375
4.428575
4.535425
4.5576
4.559025
4.6515
4.796825
4.821025
4.86965
5.0123
5.0443
5.08715
5.1888
5.498725
5.573425
5.595225
5.675475
5.682375
5.829275
6.001525
6.05195
6.282925
6.286125
6.29055
6.3083
6.308825
6.35175
6.38085
6.475825
6.495125
6.707525
6.83535
6.889425
7.26185
7.349375
7.418825
7.58195
7.7219
7.8189
7.8256
8.026775
8.084625
8.12855
8.361675
8.433025
8.7679
8.78875
9.033675
9.083825
9.12735
9.131575
9.21755
9.2725
9.29445
9.303175
9.445925
9.489225
170
