0.027425
0.280025
0.367875
0.476475
0.482625
0.4876
0.49695
0.499925
0.508075
0.511375
0.5162
0.517775
0.52385
0.5392
0.543
0.5459
0.55265
0.57225
0.608075
0.625
0.65645
0.661225
0.6719
0.677125
0.67815
0.6896
0.7146
0.744525
0.782875
0.7882
0.8066
0.8237
0.84615
0.8739
0.930075
0.930425
0.995375
1.022825
1.06635
1.085725
1.0866
1.099125
1.1261
1.141175
1.144675
1.148675
1.162025
1.225775
1.2296
1.26645
1.276875
1.2865
1.299725
1.39545
1.434675
1.48165
1.544525
1.602875
1.608
1.614025
1.658125
1.6725
1.71465
1.796925
1.84215
2.01835
2.034825
2.070825
2.14735
2.388375
2.448125
2.58515
2.602475
2.675325
2.705675
2.758375
2.85855
2.8846
2.925325
2.98065
3.01505
3.0252
3.09855
3.169525
3.201625
3.2037
3.309775
3.3716
3.706675
3.708225
3.721725
3.7299
3.7344
3.816775
3.9662
3.989675
4.0127
4.0134
4.058475
4.111725
4.17685
4.30755
4.61075
4.622725
4.745575
4.7671
4.805575
4.806
4.977075
5.097075
5.2598
5.366125
5.372275
5.5581
5.6148
5.703775
5.8657
5.889475
6.023925
6.148525
6.19835
6.217525
6.22625
6.272625
6.275775
6.366175
6.41015
6.5944
6.889125
7.196575
7.280725
7.33385
7.38055
7.40305
7.43365
7.485825
7.676775
7.80485
7.864
7.94185
7.9958
8.08875
8.147775
8.443
8.637325
8.721075
9.0926
9.12145
9.232375
9.377125
9.464575
9.469225
9.551625
9.62175
9.703825
9.904025
9.91305
157
