0.228575
0.454775
0.45555
0.47445
0.4769
0.5104
0.52065
0.520725
0.52975
0.545425
0.546625
0.56485
0.614125
0.63035
0.6309
0.647025
0.655725
0.66
0.67505
0.677425
0.6921
0.6983
0.70445
0.727375
0.73985
0.7495
0.7649
0.784525
0.788875
0.795375
0.800175
0.807125
0.8101
0.837775
0.8612
0.8705
0.873875
0.88565
0.9255
0.94785
0.951975
0.968675
0.97945
0.9905
1.0156
1.032425
1.070475
1.08035
1.0977
1.123825
1.13365
1.142625
1.15405
1.166275
1.1724
1.2467
1.254775
1.30175
1.312725
1.587325
1.6169
1.661525
1.68475
1.71525
1.731825
1.744675
1.78575
1.795325
1.8112
1.837625
1.903825
1.905075
1.924225
2.0259
2.026775
2.048525
2.105525
2.149225
2.187725
2.2912
2.2957
2.3893
2.44485
2.5594
2.5662
2.60685
2.706675
2.7239
2.7243
2.748625
2.7571
2.781375
2.821425
2.859375
2.866125
2.9749
3.046075
3.071675
3.1743
3.22045
3.335425
3.46665
3.6505
3.748525
3.911975
3.968775
3.986
4.09465
4.116175
4.14465
4.20515
4.2494
4.311475
4.348075
4.361775
4.626475
4.703
4.7935
4.913775
4.916375
4.96615
5.0512
5.0949
5.162125
5.286875
5.53235
5.559025
5.60075
5.686175
5.738125
5.785525
5.8912
5.895575
5.9319
5.94915
5.960975
5.970075
6.14915
6.20535
6.219075
6.28155
6.35975
6.508575
6.61725
6.673625
6.7467
6.79265
6.985175
7.05485
7.427775
7.580675
7.601225
7.6148
7.880275
7.9444
8.2566
8.263125
8.3801
8.44085
8.477475
8.515475
8.555275
8.562675
8.568975
8.6337
8.680575
8.82475
8.909625
9.115675
9.12245
9.51725
9.857275
9.997925
173
