0.0041
0.3627
0.38805
0.439025
0.48135
0.488025
0.488125
0.4974
0.504375
0.530825
0.570675
0.58015
0.58805
0.6
0.60095
0.637475
0.653975
0.6703
0.7031
0.712625
0.72675
0.740125
0.757775
0.75925
0.771475
0.772775
0.784825
0.80625
0.812225
0.81355
0.8457
0.850625
0.85215
0.876825
0.8865
0.89955
0.917375
0.9593
0.976025
1.011225
1.0314
1.0694
1.08625
1.096325
1.098825
1.106125
1.110225
1.111075
1.15275
1.187125
1.1932
1.207425
1.272275
1.30915
1.363675
1.380475
1.418075
1.439075
1.441375
1.453325
1.525125
1.598725
1.655225
1.678725
1.90885
1.9412
1.94205
1.956
1.97685
1.993075
2.09885
2.125125
2.1448
2.17695
2.309025
2.315325
2.325525
2.353175
2.3854
2.4533
2.486025
2.535175
2.706125
2.750025
2.794225
2.80225
2.82095
2.8812
2.9227
3.0492
3.072375
3.08825
3.098675
3.143
3.1837
3.350775
3.381075
3.40385
3.45885
3.670875
3.7216
3.836525
3.941125
4.00495
4.0251
4.212125
4.229525
4.430025
4.717825
4.732475
4.770625
4.8768
4.8919
4.9304
5.124025
5.263425
5.300825
5.428825
5.43395
5.50455
5.552075
6.07125
6.1604
6.290025
6.321175
6.336325
6.44915
6.6366
6.708975
6.832425
6.966525
7.261625
7.34285
7.419425
7.433475
7.557225
7.583525
7.614675
7.84665
7.8536
8.194075
8.49205
8.6616
8.728375
8.76735
8.769575
8.77335
8.81905
9.13295
9.170625
9.184625
9.305475
9.490475
9.493225
9.550425
9.657175
9.712325
9.815125
9.899575
9.93205
160
