0.031825
0.401
0.473575
0.476
0.485675
0.4954
0.513725
0.51565
0.51925
0.521
0.534475
0.545125
0.548375
0.570875
0.577125
0.58265
0.586625
0.589125
0.597575
0.606925
0.608625
0.6102
0.64775
0.648625
0.65695
0.657675
0.659475
0.684
0.69535
0.699875
0.708675
0.718575
0.73945
0.762075
0.7701
0.786575
0.808125
0.8126
0.813525
0.838525
0.844525
0.85795
0.863075
0.863225
0.891975
0.89205
0.8998
0.95175
0.95595
0.96915
1.01265
1.06035
1.0835
1.10565
1.112125
1.116225
1.1204
1.225275
1.24065
1.270125
1.284575
1.369775
1.433275
1.4758
1.499125
1.5274
1.578825
1.5943
1.60635
1.637125
1.645075
1.65775
1.783775
1.874225
1.9439
1.94655
1.95465
1.95825
2.2495
2.310725
2.47625
2.4967
2.584175
2.622125
2.661175
2.737025
2.775025
2.93865
3.06455
3.071475
3.1555
3.189075
3.20035
3.22085
3.2663
3.44375
3.46725
3.594175
3.605825
3.689975
3.692675
3.87405
3.8908
3.903125
3.9372
3.954875
4.00075
4.052225
4.0873
4.221525
4.2328
4.427425
4.436325
4.54995
4.551125
4.571825
4.72995
4.730425
4.75835
4.829675
5.02745
5.027625
5.03255
5.161625
5.245725
5.331
5.387025
5.661375
5.6941
5.7527
5.888725
6.154125
6.26035
6.44775
6.53275
6.597475
6.663725
6.934025
6.983825
6.993975
7.01435
7.08005
7.246475
7.42305
7.51875
7.73575
7.988575
8.159
8.19515
8.211525
8.25425
8.272725
8.320925
8.413375
8.669175
8.74525
8.8377
8.849675
9.00295
9.278075
9.3023
9.7172
9.807925
9.97175
9.98405
165
