0.340325
0.411125
0.439
0.4922
0.4937
0.50825
0.51255
0.52525
0.53695
0.556125
0.57645
0.61735
0.626775
0.6306
0.680975
0.683125
0.686125
0.69025
0.691525
0.705725
0.7173
0.717875
0.724025
0.7266
0.728425
0.73895
0.739075
0.745825
0.770925
0.77665
0.77775
0.783225
0.8259
0.853475
0.8602
0.864825
0.86805
0.88125
0.8871
0.89035
0.89835
0.919175
0.9925
1.007225
1.012225
1.035225
1.03925
1.10005
1.1057
1.1117
1.12445
1.129075
1.13175
1.145275
1.1837
1.191875
1.19905
1.201
1.2077
1.22545
1.2767
1.2994
1.304525
1.339
1.4603
1.465775
1.512225
1.64275
1.702025
1.780675
1.8173
1.8512
1.874625
1.8803
1.928225
1.98755
2.0651
2.0822
2.294
2.40025
2.4978
2.524975
2.5282
2.590425
2.697325
2.712775
2.73325
2.743275
2.7537
2.790125
2.798275
2.867475
2.905325
2.998325
3.0116
3.125025
3.187075
3.236075
3.25665
3.38265
3.420575
3.49845
3.520125
3.570825
3.635375
3.769925
3.8022
3.8681
3.9031
3.986875
4.0879
4.406675
4.454525
4.58065
4.6326
4.634275
4.6383
4.676975
4.8181
5.157425
5.17465
5.1989
5.211475
5.2396
5.40025
5.428625
5.584725
5.741675
5.9445
6.1923
6.22225
6.236325
6.568675
6.721225
6.81095
7.066125
7.109725
7.17465
7.18215
7.238625
7.2557
7.32125
7.326325
7.723
7.79555
7.802625
7.857275
7.9087
7.97705
8.0125
8.187525
8.4369
8.51235
8.618825
8.753575
9.061625
9.10145
9.104825
9.281325
9.610525
9.616075
9.912825
162
