0.24355
0.31345
0.428675
0.44645
0.4698
0.4751
0.494425
0.494875
0.5278
0.539775
0.55035
0.553525
0.55725
0.56275
0.565875
0.57375
0.63775
0.65445
0.655275
0.676825
0.6835
0.684225
0.68935
0.714
0.7178
0.71915
0.72295
0.72405
0.7248
0.74995
0.765075
0.76525
0.8318
0.84385
0.8609
0.879625
0.902075
0.9051
0.9357
0.98405
1.01855
1.0346
1.05245
1.084475
1.107
1.117425
1.158625
1.182275
1.225075
1.227875
1.278
1.279975
1.28995
1.2939
1.3007
1.30675
1.318325
1.34485
1.362575
1.3714
1.464725
1.46725
1.470875
1.5822
1.60455
1.6372
1.71345
1.73245
1.75135
1.776325
1.898075
1.996675
2.04495
2.1444
2.1749
2.2
2.2562
2.27955
2.2994
2.4529
2.558525
2.740625
2.761025
2.7792
2.792475
2.880375
2.933625
2.967425
3.0722
3.13745
3.201275
3.250575
3.458025
3.49875
3.49945
3.66325
3.7189
3.725075
3.91005
4.348625
4.351725
4.357725
4.3767
4.416525
4.476925
4.553575
4.657075
4.706775
4.738775
4.895175
4.9263
5.1017
5.288125
5.447075
5.5252
5.5822
6.12585
6.333425
6.6894
6.937675
6.964775
7.0114
7.075425
7.14945
7.235525
7.35215
7.55375
7.686375
7.69935
7.784725
8.042225
8.380675
8.583675
8.630525
8.631225
9.2204
9.406325
9.695175
9.881875
139
