0.2855
0.469525
0.4752
0.499325
0.51745
0.527625
0.53055
0.531025
0.53945
0.546975
0.564925
0.570825
0.57265
0.573225
0.583025
0.588925
0.59395
0.616875
0.62225
0.622925
0.6234
0.6318
0.642875
0.6568
0.657225
0.659525
0.681675
0.6852
0.693125
0.703625
0.713325
0.730025
0.751075
0.75955
0.7728
0.788825
0.81515
0.847425
0.887925
0.8963
0.927975
0.93425
0.971025
0.97345
0.97705
1.04225
1.0535
1.061175
1.06875
1.07445
1.15335
1.180775
1.20645
1.232875
1.2435
1.2449
1.28435
1.2848
1.353425
1.364225
1.375125
1.42435
1.46755
1.531225
1.555175
1.590125
1.6031
1.6181
1.68615
1.762175
1.767925
1.779475
1.932175
2.004025
2.133925
2.285725
2.288375
2.362575
2.418075
2.42155
2.55145
2.76015
2.760675
2.886575
3.0285
3.032075
3.0368
3.06365
3.09495
3.103575
3.114525
3.131075
3.215225
3.26695
3.43195
3.457925
3.5133
3.516025
3.5183
3.61335
3.703025
3.8234
3.889925
4.0163
4.121875
4.160875
4.237675
4.31815
4.33035
4.446575
4.605725
4.611575
4.654025
4.825675
4.8393
4.877175
4.8909
4.988875
5.1186
5.3647
5.375225
5.501075
5.5466
5.594125
5.6232
5.674725
5.837
5.84265
5.888225
6.09045
6.12085
6.136675
6.17475
6.249125
6.4478
6.6068
6.8144
6.92715
7.012875
7.042675
7.3378
7.489825
7.923725
8.21785
8.284425
8.3085
8.35165
8.35255
8.368425
8.447075
8.44905
8.4658
8.4694
8.740225
8.886675
9.014525
9.21215
9.36005
9.57305
9.606625
9.672375
9.759775
162
