0.091225
0.415225
0.424175
0.48895
0.4916
0.4973
0.510325
0.5121
0.518125
0.520675
0.52225
0.524975
0.525975
0.5278
0.530825
0.53185
0.532125
0.5377
0.542
0.561375
0.561925
0.566
0.56605
0.575
0.586375
0.5977
0.630325
0.63335
0.635275
0.638025
0.64135
0.677825
0.708475
0.710075
0.7136
0.716825
0.71695
0.720125
0.740625
0.74755
0.760875
0.763275
0.76605
0.776575
0.7904
0.7949
0.810175
0.83265
0.8346
0.88705
0.923725
0.9375
0.9484
0.94915
0.973775
0.989975
1.032975
1.05815
1.086475
1.109675
1.177325
1.1791
1.288325
1.302475
1.31505
1.351
1.379
1.418
1.42655
1.440625
1.533675
1.579275
1.59375
1.66095
1.67485
1.6914
1.713875
1.721175
1.728225
1.7584
1.8357
1.87015
1.94975
2.025975
2.0419
2.14375
2.270725
2.343375
2.37175
2.424025
2.435775
2.5547
2.56585
2.611225
2.64085
2.657925
2.7261
2.732025
2.864275
2.8734
2.877775
2.8803
2.8924
2.986675
3.01925
3.046575
3.064725
3.09465
3.16235
3.20615
3.320075
3.339075
3.466275
3.510725
3.550625
3.594525
3.5994
3.66675
3.742775
3.7816
3.855075
3.872425
3.874875
4.02995
4.109825
4.12075
4.14555
4.148575
4.19155
4.300125
4.37245
4.54305
4.6051
4.698825
4.73275
4.8351
4.8478
4.849775
4.856925
5.051675
5.11905
5.1458
5.192025
5.332825
5.450675
5.49045
5.566375
5.6179
5.62225
5.6732
5.76185
5.9904
6.110875
6.13375
6.1415
6.25065
6.28665
6.397425
6.399575
6.485825
6.612925
6.64475
6.7193
6.83
6.869525
6.9696
6.9787
6.9997
7.090625
7.301175
7.393275
7.516525
7.89395
8.25795
8.4456
8.56125
8.72595
8.837275
8.8481
9.07725
9.128525
9.628575
9.63765
9.7697
9.770425
9.804925
9.827725
9.845575
188
