0.1893
0.4504
0.501375
0.5379
0.53965
0.542125
0.54635
0.554525
0.566225
0.5845
0.610875
0.619725
0.624075
0.627675
0.6417
0.6434
0.643475
0.6656
0.674525
0.6796
0.6861
0.689925
0.698075
0.72265
0.72505
0.74345
0.821825
0.8237
0.8325
0.8507
0.8678
0.89315
0.92225
0.95415
0.9744
0.97455
1.030025
1.086325
1.1505
1.1604
1.187175
1.21005
1.2111
1.228175
1.228375
1.246275
1.292775
1.39275
1.395725
1.405375
1.408325
1.444575
1.468325
1.4958
1.585325
1.696025
1.753575
1.7617
1.81925
1.8589
1.8699
1.938625
1.968125
2.013325
2.0373
2.061125
2.0675
2.1093
2.171975
2.275375
2.29775
2.40595
2.453025
2.626375
2.718725
2.7431
2.852
2.94455
3.0118
3.12835
3.16045
3.19365
3.19505
3.296275
3.3346
3.43475
3.440525
3.442625
3.496325
3.504175
3.529375
3.537325
3.54325
3.647125
3.7043
3.7991
3.801375
3.809675
3.90155
3.909175
3.95285
3.955825
3.976975
3.98335
4.327475
4.45495
4.47955
4.509175
4.533325
4.704775
4.7107
4.8005
4.827225
4.872775
4.90695
5.160325
5.25645
5.516225
5.6635
5.7014
5.980275
6.069175
6.527125
6.747675
6.777375
6.893275
6.919425
7.373725
7.413525
7.49245
7.658625
7.81865
7.9746
8.303925
8.3457
8.47905
8.6054
8.66555
8.91335
9.12685
9.337325
9.4719
9.57115
9.69845
9.77515
9.78565
9.90055
147
