0.145825
0.152575
0.234825
0.2898
0.4121
0.42955
0.486
0.4877
0.48945
0.496675
0.49735
0.5007
0.50575
0.509775
0.513425
0.524575
0.528575
0.529525
0.532175
0.5338
0.55655
0.562775
0.567925
0.572275
0.57785
0.580125
0.6358
0.65735
0.665825
0.67235
0.675425
0.68435
0.6908
0.712675
0.713225
0.719425
0.72445
0.740125
0.80835
0.809175
0.810175
0.81585
0.8663
0.902025
0.903325
0.920625
0.9273
0.938675
0.97895
0.993475
0.99645
1.029325
1.087925
1.090075
1.190175
1.2057
1.298175
1.3033
1.338575
1.47315
1.502875
1.537075
1.671825
1.8436
1.851975
1.8721
1.89875
1.945375
1.9732
1.9798
2.075925
2.169025
2.242575
2.351475
2.40205
2.4168
2.4439
2.463825
2.4959
2.549775
2.574725
2.609275
2.631275
2.64045
2.647425
2.84255
2.84655
2.867925
2.93525
2.996675
3.116425
3.1507
3.258525
3.273
3.276
3.4442
3.467775
3.52115
3.59545
3.955525
3.967575
4.12005
4.168
4.21925
4.275975
4.279075
4.290925
4.550125
4.62975
4.6579
4.69105
4.845325
4.8782
4.903475
5.067425
5.1716
5.2334
5.30025
5.3565
5.540275
5.661525
5.74435
5.7547
5.783325
5.879675
5.8948
5.9063
6.00505
6.014425
6.037375
6.038225
6.112275
6.3274
6.38365
6.44055
6.54105
6.959375
7.024025
7.096275
7.386525
7.39895
7.46845
7.474
7.62965
7.76125
7.76965
7.835775
7.906025
7.922225
7.973175
8.06485
8.139725
8.164375
8.24855
8.2963
8.310075
8.423525
8.59795
8.602775
8.622775
8.734125
9.122975
9.7095
9.79265
9.794575
165
