0.163175
0.283575
0.45905
0.468875
0.47355
0.47485
0.4903
0.491875
0.529425
0.559975
0.561575
0.5879
0.594375
0.5977
0.601325
0.616825
0.623575
0.62385
0.641925
0.6535
0.661525
0.667275
0.673475
0.674275
0.677325
0.6862
0.6965
0.75065
0.786475
0.790775
0.7921
0.8234
0.862
0.862575
0.889075
0.8915
0.89985
0.9332
0.93425
0.9431
0.95905
0.9757
0.993125
1.009325
1.04025
1.0597
1.082475
1.113175
1.1454
1.15265
1.18515
1.22595
1.2483
1.250275
1.2704
1.3246
1.328825
1.404
1.476075
1.494175
1.55595
1.600225
1.660725
1.6926
1.70455
1.730125
1.7388
1.7491
1.80975
1.893825
2.01285
2.0426
2.119325
2.1608
2.267725
2.3466
2.359425
2.417725
2.4631
2.554275
2.56355
2.610325
2.6494
2.6544
2.661075
2.7852
2.81025
2.8577
2.901325
2.930375
3.033575
3.07435
3.118275
3.268025
3.355475
3.396175
3.398475
3.5237
3.5978
3.6208
3.71785
3.842875
3.9757
4.068675
4.173
4.342225
4.386975
4.4723
4.473075
4.64835
4.675625
4.812875
4.9573
5.02075
5.08155
5.3006
5.515725
5.729275
5.8067
5.93295
5.980875
5.991775
6.012025
6.02745
6.103975
6.1891
6.1957
6.285825
6.711675
6.7459
6.7904
7.050275
7.0747
7.092975
7.21665
7.369125
7.37575
7.462075
7.64235
7.7584
7.9137
8.18605
8.485
8.516775
8.6714
8.851975
8.911275
8.96925
9.325475
9.4189
9.46905
9.5365
9.64705
9.79095
9.900425
155
