$ BIN 0.1
$ NUM_DATA 114
$ START_INDEX 61
$ STIMULI_DURATION 1.0
$ DOSE 10000
-6.1 10.0
-6.0 0.0
-5.9 0.0
-5.8 10.0
-5.7 0.0
-5.6 10.0
-5.5 10.0
-5.4 20.0
-5.3 20.0
-5.2 0.0
-5.1 10.0
-5.0 0.0
-4.9 10.0
-4.8 20.0
-4.7 20.0
-4.6 20.0
-4.5 0.0
-4.4 10.0
-4.3 0.0
-4.2 10.0
-4.1 0.0
-4.0 10.0
-3.9 0.0
-3.8 10.0
-3.7 0.0
-3.6 0.0
-3.5 10.0
-3.4 10.0
-3.3 10.0
-3.2 0.0
-3.1 10.0
-3.0 10.0
-2.9 20.0
-2.8 20.0
-2.7 10.0
-2.6 10.0
-2.5 0.0
-2.4 10.0
-2.3 20.0
-2.2 20.0
-2.1 0.0
-2.0 10.0
-1.9 0.0
-1.8 10.0
-1.7 10.0
-1.6 10.0
-1.5 10.0
-1.4 10.0
-1.3 10.0
-1.2 10.0
-1.1 10.0
-1.0 10.0
-0.9 10.0
-0.8 0.0
-0.7 30.0
-0.6 0.0
-0.5 10.0
-0.4 20.0
-0.3 20.0
-0.2 30.0
-0.1 10.0
0.0 90.0
0.1 90.0
0.2 90.0
0.3 60.0
0.4 90.0
0.5 60.0
0.6 70.0
0.7 80.0
0.8 40.0
0.9 40.0
1.0 50.0
1.1 50.0
1.2 40.0
1.3 70.0
1.4 40.0
1.5 30.0
1.6 40.0
1.7 20.0
1.8 50.0
1.9 20.0
2.0 10.0
2.1 50.0
2.2 40.0
2.3 30.0
2.4 20.0
2.5 40.0
2.6 20.0
2.7 30.0
2.8 20.0
2.9 20.0
3.0 20.0
3.1 10.0
3.2 20.0
3.3 10.0
3.4 20.0
3.5 60.0
3.6 10.0
3.7 10.0
3.8 10.0
3.9 30.0
4.0 50.0
4.1 20.0
4.2 10.0
4.3 20.0
4.4 40.0
4.5 50.0
4.6 10.0
4.7 10.0
4.8 20.0
4.9 20.0
5.0 30.0
5.1 30.0
5.2 0.0
