$ BIN 0.1
$ NUM_DATA 114
$ START_INDEX 49
$ STIMULI_DURATION 1.0
$ DOSE 10000
-4.9 10.0
-4.8 0.0
-4.7 0.0
-4.6 0.0
-4.5 0.0
-4.4 0.0
-4.3 0.0
-4.2 0.0
-4.1 0.0
-4.0 0.0
-3.9 0.0
-3.8 0.0
-3.7 10.0
-3.6 0.0
-3.5 0.0
-3.4 0.0
-3.3 0.0
-3.2 0.0
-3.1 0.0
-3.0 0.0
-2.9 0.0
-2.8 0.0
-2.7 10.0
-2.6 0.0
-2.5 0.0
-2.4 0.0
-2.3 0.0
-2.2 10.0
-2.1 0.0
-2.0 0.0
-1.9 0.0
-1.8 20.0
-1.7 10.0
-1.6 10.0
-1.5 10.0
-1.4 10.0
-1.3 0.0
-1.2 0.0
-1.1 0.0
-1.0 10.0
-0.9 0.0
-0.8 10.0
-0.7 0.0
-0.6 0.0
-0.5 0.0
-0.4 10.0
-0.3 0.0
-0.2 0.0
-0.1 10.0
0.0 70.0
0.1 60.0
0.2 60.0
0.3 70.0
0.4 60.0
0.5 60.0
0.6 70.0
0.7 50.0
0.8 50.0
0.9 50.0
1.0 40.0
1.1 40.0
1.2 40.0
1.3 0.0
1.4 10.0
1.5 0.0
1.6 10.0
1.7 20.0
1.8 20.0
1.9 30.0
2.0 30.0
2.1 20.0
2.2 40.0
2.3 80.0
2.4 30.0
2.5 20.0
2.6 30.0
2.7 20.0
2.8 30.0
2.9 70.0
3.0 30.0
3.1 20.0
3.2 10.0
3.3 20.0
3.4 20.0
3.5 10.0
3.6 0.0
3.7 0.0
3.8 10.0
3.9 0.0
4.0 0.0
4.1 0.0
4.2 20.0
4.3 20.0
4.4 0.0
4.5 10.0
4.6 0.0
4.7 10.0
4.8 0.0
4.9 0.0
5.0 10.0
5.1 0.0
5.2 0.0
5.3 10.0
5.4 10.0
5.5 0.0
5.6 0.0
5.7 10.0
5.8 0.0
5.9 0.0
6.0 0.0
6.1 0.0
6.2 0.0
6.3 10.0
6.4 0.0
